# Migration is number of nodes that have changed color.

Round		Edge-Cut		Swaps		Migrations		Skipped
0		4843		2299		1589
1		4091		4505		1695
2		3743		6663		1771
3		3438		8821		1749
4		3363		10929		1756
5		3182		13028		1771
6		3056		15153		1770
7		2981		17252		1807
8		2913		19357		1789
9		2844		21456		1796
10		2797		23568		1836
11		2741		25687		1828
12		2728		27803		1793
13		2694		29912		1838
14		2654		31984		1773
15		2655		34111		1776
16		2612		36222		1781
17		2545		38333		1782
18		2488		40441		1799
19		2445		42548		1825
20		2422		44658		1807
21		2384		46774		1784
22		2341		48856		1810
23		2347		50925		1800
24		2310		53007		1784
25		2279		55115		1800
26		2253		57210		1779
27		2249		59287		1782
28		2224		61366		1805
29		2213		63482		1790
30		2182		65614		1802
31		2162		67750		1803
32		2133		69839		1786
33		2144		71908		1788
34		2138		74018		1820
35		2139		76128		1827
36		2122		78227		1824
37		2127		80295		1817
38		2116		82405		1787
39		2080		84512		1799
40		2069		86614		1806
41		2080		88715		1811
42		2048		90833		1794
43		2039		92966		1795
44		2044		95086		1788
45		2027		97188		1786
46		2018		99283		1784
47		1996		101387		1809
48		1995		103488		1807
49		1985		105611		1808
50		1973		107732		1785
51		1936		109838		1805
52		1916		111922		1817
53		1913		114030		1804
54		1910		116148		1786
55		1919		118232		1795
56		1904		120336		1795
57		1907		122445		1794
58		1901		124538		1777
59		1889		126651		1783
60		1870		128758		1818
61		1892		130830		1786
62		1870		132922		1795
63		1875		135025		1796
64		1860		137120		1787
65		1858		139229		1773
66		1839		141318		1775
67		1851		143418		1800
68		1861		145539		1793
69		1855		147655		1805
70		1828		149739		1805
71		1827		151836		1789
72		1818		153920		1814
73		1798		156008		1809
74		1819		158106		1800
75		1816		160202		1807
76		1813		162311		1774
77		1793		164404		1803
78		1802		166502		1788
79		1827		168612		1794
80		1827		170717		1801
81		1800		172812		1792
82		1796		174904		1809
83		1800		176976		1791
84		1788		179025		1802
85		1786		181124		1801
86		1792		183208		1805
87		1794		185296		1779
88		1791		187383		1804
89		1782		189450		1775
90		1774		191557		1802
91		1796		193663		1789
92		1795		195767		1773
93		1805		197843		1785
94		1805		199940		1778
95		1801		202021		1774
96		1808		204130		1779
97		1807		206208		1777
98		1787		208287		1794
99		1789		210365		1799
100		1810		212457		1816
101		1785		214533		1797
102		1766		216621		1796
103		1771		218686		1806
104		1778		220784		1812
105		1778		222861		1795
106		1788		224937		1806
107		1773		227024		1803
108		1773		229093		1808
109		1773		231203		1798
110		1775		233318		1782
111		1767		235420		1794
112		1763		237525		1797
113		1775		239595		1794
114		1784		241667		1789
115		1761		243761		1801
116		1773		245869		1791
117		1764		247977		1802
118		1761		250051		1798
119		1779		252139		1797
120		1764		254222		1799
121		1756		256318		1790
122		1771		258425		1803
123		1780		260528		1792
124		1763		262611		1795
125		1765		264682		1814
126		1768		266787		1791
127		1752		268875		1814
128		1782		270931		1806
129		1753		273054		1812
130		1760		275168		1787
131		1774		277256		1794
132		1759		279358		1810
133		1771		281472		1795
134		1760		283568		1789
135		1775		285651		1785
136		1774		287723		1777
137		1773		289826		1799
138		1788		291933		1801
139		1789		294036		1785
140		1768		296131		1766
141		1763		298256		1782
142		1759		300356		1792
143		1759		302435		1792
144		1770		304523		1800
145		1765		306613		1806
146		1760		308733		1809
147		1739		310826		1805
148		1742		312920		1803
149		1747		315024		1815
150		1734		317088		1802
151		1719		319188		1801
152		1730		321279		1811
153		1740		323347		1814
154		1735		325411		1813
155		1749		327498		1798
156		1737		329592		1800
157		1734		331664		1808
158		1730		333731		1786
159		1741		335822		1787
160		1744		337914		1788
161		1741		339996		1803
162		1753		342094		1798
163		1741		344167		1792
164		1744		346254		1792
165		1729		348352		1794
166		1729		350431		1809
167		1725		352518		1809
168		1737		354606		1795
169		1741		356702		1793
170		1732		358790		1786
171		1755		360900		1798
172		1745		363009		1772
173		1758		365096		1786
174		1726		367154		1786
175		1745		369273		1790
176		1746		371350		1780
177		1738		373439		1790
178		1715		375533		1788
179		1715		377646		1779
180		1724		379724		1784
181		1714		381802		1779
182		1727		383892		1796
183		1714		385971		1778
184		1712		388035		1784
185		1714		390103		1779
186		1701		392195		1768
187		1729		394319		1788
188		1709		396410		1791
189		1729		398500		1795
190		1735		400589		1777
191		1717		402703		1806
192		1711		404812		1798
193		1720		406904		1798
194		1707		408989		1804
195		1718		411092		1803
196		1703		413174		1792
197		1707		415293		1792
198		1715		417380		1785
199		1728		419499		1775
200		1711		421594		1791
201		1710		423669		1793
202		1724		425758		1788
203		1723		427845		1798
204		1717		429953		1797
205		1736		432044		1796
206		1716		434127		1791
207		1724		436237		1783
208		1728		438337		1789
209		1735		440430		1789
210		1734		442535		1793
211		1727		444649		1804
212		1729		446743		1784
213		1724		448851		1802
214		1728		450973		1813
215		1732		453070		1777
216		1759		455168		1788
217		1724		457315		1785
218		1725		459409		1796
219		1714		461515		1794
220		1734		463622		1811
221		1731		465711		1796
222		1735		467828		1798
223		1713		469930		1821
224		1713		472023		1789
225		1716		474128		1782
226		1720		476226		1783
227		1702		478357		1782
228		1701		480448		1772
229		1722		482557		1784
230		1730		484646		1776
231		1730		486740		1791
232		1721		488819		1780
233		1731		490916		1771
234		1727		493038		1796
235		1725		495104		1783
236		1727		497212		1788
237		1726		499324		1785
238		1701		501406		1790
239		1709		503498		1794
240		1717		505610		1790
241		1730		507695		1784
242		1720		509797		1787
243		1739		511901		1780
244		1730		513989		1785
245		1727		516116		1788
246		1713		518241		1799
247		1719		520371		1796
248		1737		522478		1799
249		1729		524570		1793
250		1737		526647		1808
251		1747		528760		1792
252		1718		530871		1812
253		1717		532961		1794
254		1734		535062		1795
255		1735		537179		1783
256		1737		539284		1800
257		1730		541383		1799
258		1727		543485		1795
259		1721		545598		1786
260		1702		547701		1794
261		1720		549806		1782
262		1723		551903		1777
263		1727		554020		1780
264		1717		556125		1779
265		1727		558212		1793
266		1727		560315		1781
267		1720		562415		1775
268		1737		564529		1783
269		1730		566625		1779
270		1731		568732		1787
271		1721		570803		1781
272		1719		572903		1799
273		1741		574990		1794
274		1732		577084		1802
275		1732		579178		1798
276		1743		581264		1793
277		1741		583373		1805
278		1736		585465		1783
279		1724		587569		1799
280		1726		589664		1799
281		1712		591768		1808
282		1714		593842		1813
283		1718		595920		1802
284		1715		598030		1808
285		1704		600142		1816
286		1696		602230		1808
287		1704		604323		1803
288		1701		606446		1816
289		1711		608547		1825
290		1690		610652		1819
291		1692		612781		1798
292		1690		614873		1817
293		1704		616968		1818
294		1695		619077		1820
295		1686		621184		1824
296		1690		623251		1831
297		1700		625360		1824
298		1698		627468		1814
299		1703		629552		1798
300		1717		631661		1809
301		1702		633760		1820
302		1704		635867		1813
303		1704		637978		1812
304		1697		640070		1800
305		1701		642170		1808
306		1696		644288		1813
307		1702		646403		1813
308		1689		648516		1813
309		1693		650634		1807
310		1700		652743		1811
311		1693		654853		1801
312		1706		656947		1803
313		1694		659041		1805
314		1693		661152		1806
315		1698		663227		1807
316		1705		665344		1797
317		1693		667476		1795
318		1686		669587		1800
319		1694		671700		1782
320		1700		673802		1789
321		1699		675895		1784
322		1693		678001		1790
323		1697		680089		1777
324		1687		682203		1792
325		1677		684287		1777
326		1695		686407		1785
327		1692		688525		1798
328		1677		690612		1792
329		1685		692734		1783
330		1675		694828		1787
331		1668		696947		1807
332		1677		699040		1807
333		1690		701159		1800
334		1679		703269		1808
335		1688		705378		1817
336		1685		707506		1820
337		1692		709622		1816
338		1685		711722		1797
339		1656		713833		1823
340		1666		715935		1810
341		1659		718052		1803
342		1666		720169		1797
343		1661		722303		1806
344		1674		724421		1811
345		1661		726534		1809
346		1669		728657		1792
347		1655		730748		1803
348		1663		732864		1809
349		1628		734975		1795
350		1633		737088		1796
351		1632		739210		1800
352		1630		741328		1808
353		1638		743426		1795
354		1619		745530		1793
355		1631		747650		1786
356		1621		749734		1794
357		1624		751851		1790
358		1620		753936		1784
359		1614		756079		1791
360		1628		758176		1790
361		1637		760261		1812
362		1629		762361		1780
363		1628		764469		1788
364		1619		766593		1780
365		1618		768703		1796
366		1630		770825		1795
367		1628		772921		1784
368		1622		775031		1781
369		1636		777126		1792
370		1638		779219		1788
371		1622		781320		1781
372		1631		783406		1792
373		1619		785510		1791
374		1623		787615		1787
375		1618		789742		1785
376		1627		791850		1791
377		1621		793962		1786
378		1615		796082		1794
379		1619		798187		1794
380		1624		800286		1790
381		1618		802377		1788
382		1617		804492		1804
383		1631		806600		1808
384		1641		808685		1806
385		1631		810810		1813
386		1635		812909		1818
387		1627		815030		1799
388		1648		817166		1796
389		1653		819283		1794
390		1648		821414		1797
391		1664		823528		1787
392		1652		825646		1796
393		1661		827754		1800
394		1675		829862		1793
395		1663		831989		1789
396		1662		834111		1799
397		1674		836193		1807
398		1670		838306		1805
399		1649		840430		1804
400		1655		842563		1809
401		1647		844672		1808
402		1658		846782		1811
403		1654		848911		1820
404		1649		851032		1804
405		1647		853153		1803
406		1640		855274		1811
407		1643		857375		1813
408		1640		859480		1785
409		1644		861607		1807
410		1647		863692		1811
411		1648		865811		1799
412		1639		867918		1801
413		1623		870050		1807
414		1631		872181		1808
415		1625		874287		1797
416		1634		876389		1794
417		1629		878489		1797
418		1624		880600		1800
419		1633		882723		1799
420		1628		884850		1785
421		1621		886930		1798
422		1639		889053		1788
423		1634		891159		1809
424		1631		893255		1802
425		1626		895362		1792
426		1645		897451		1799
427		1636		899580		1802
428		1638		901698		1806
429		1630		903829		1790
430		1634		905957		1817
431		1629		908084		1806
432		1629		910196		1798
433		1624		912286		1788
434		1630		914400		1802
435		1629		916506		1798
436		1625		918610		1793
437		1631		920731		1811
438		1635		922841		1782
439		1631		924952		1793
440		1628		927056		1788
441		1625		929162		1802
442		1640		931272		1792
443		1632		933413		1797
444		1635		935537		1805
445		1644		937641		1789
446		1642		939749		1807
447		1645		941850		1807
448		1639		943948		1805
449		1638		946046		1811
450		1651		948164		1801
451		1641		950287		1811
452		1631		952412		1799
453		1637		954531		1790
454		1646		956647		1810
455		1638		958775		1808
456		1644		960891		1811
457		1644		963029		1795
458		1643		965145		1813
459		1659		967220		1806
460		1655		969341		1814
461		1648		971445		1807
462		1648		973571		1806
463		1652		975692		1812
464		1652		977799		1807
465		1654		979919		1814
466		1646		982025		1813
467		1645		984134		1818
468		1647		986272		1814
469		1627		988377		1795
470		1629		990484		1814
471		1615		992595		1819
472		1621		994698		1811
473		1624		996808		1818
474		1619		998915		1804
475		1640		1001043		1809
476		1648		1003166		1820
477		1638		1005289		1815
478		1634		1007410		1799
479		1639		1009507		1802
480		1635		1011648		1807
481		1633		1013757		1793
482		1636		1015882		1793
483		1643		1017980		1815
484		1647		1020065		1793
485		1648		1022181		1797
486		1660		1024309		1805
487		1656		1026439		1811
488		1643		1028560		1810
489		1649		1030679		1807
490		1661		1032794		1811
491		1656		1034923		1809
492		1670		1037025		1809
493		1666		1039167		1804
494		1661		1041268		1806
495		1663		1043395		1803
496		1663		1045523		1808
497		1658		1047624		1812
498		1651		1049740		1814
499		1654		1051852		1802
500		1670		1053946		1810
501		1704		1056085		1815
502		1745		1058218		1808
503		1775		1060398		1799
504		1801		1062553		1801
505		1791		1064725		1798
506		1841		1066904		1807
507		1858		1069052		1792
508		1903		1071202		1799
509		1910		1073341		1784
510		1916		1075485		1794
511		1914		1077639		1805
512		1930		1079749		1779
513		1933		1081867		1804
514		1935		1083988		1832
515		1933		1086141		1799
516		1961		1088276		1788
517		1940		1090409		1797
518		1964		1092538		1791
519		1941		1094679		1822
520		1960		1096825		1823
521		1953		1098967		1828
522		1936		1101107		1810
523		1945		1103271		1811
524		1954		1105391		1801
525		1945		1107521		1804
526		1959		1109651		1814
527		1938		1111765		1804
528		1926		1113911		1808
529		1912		1116028		1821
530		1929		1118151		1817
531		1939		1120277		1826
532		1922		1122402		1796
533		1912		1124514		1802
534		1912		1126635		1826
535		1891		1128761		1784
536		1870		1130895		1820
537		1868		1133006		1811
538		1855		1135127		1814
539		1844		1137250		1811
540		1856		1139376		1820
541		1856		1141474		1804
542		1853		1143600		1810
543		1846		1145724		1805
544		1874		1147845		1809
545		1868		1149949		1793
546		1842		1152056		1794
547		1833		1154166		1808
548		1819		1156280		1804
549		1813		1158379		1809
550		1812		1160522		1800
551		1795		1162656		1797
552		1805		1164782		1812
553		1783		1166888		1807
554		1808		1169001		1819
555		1780		1171109		1813
556		1788		1173233		1810
557		1760		1175350		1816
558		1752		1177464		1805
559		1743		1179578		1793
560		1762		1181676		1798
561		1774		1183801		1794
562		1773		1185906		1811
563		1778		1188047		1803
564		1761		1190162		1800
565		1744		1192245		1810
566		1741		1194359		1793
567		1727		1196451		1797
568		1729		1198549		1810
569		1726		1200668		1805
570		1724		1202800		1783
571		1739		1204893		1793
572		1725		1207008		1787
573		1742		1209120		1802
574		1739		1211255		1796
575		1732		1213355		1808
576		1725		1215472		1810
577		1715		1217592		1790
578		1716		1219711		1800
579		1716		1221858		1809
580		1722		1223984		1793
581		1725		1226109		1798
582		1729		1228218		1800
583		1723		1230333		1801
584		1730		1232456		1799
585		1733		1234560		1796
586		1714		1236690		1793
587		1713		1238800		1812
588		1726		1240941		1801
589		1723		1243071		1812
590		1729		1245223		1793
591		1719		1247351		1793
592		1712		1249465		1793
593		1709		1251591		1799
594		1697		1253703		1797
595		1694		1255808		1821
596		1695		1257949		1795
597		1691		1260057		1792
598		1699		1262174		1782
599		1693		1264290		1784
600		1702		1266420		1786
601		1695		1268532		1794
602		1712		1270677		1778
603		1691		1272820		1774
604		1700		1274910		1777
605		1692		1277059		1783
606		1701		1279192		1791
607		1692		1281307		1782
608		1683		1283428		1780
609		1678		1285554		1775
610		1684		1287683		1784
611		1675		1289817		1787
612		1671		1291966		1795
613		1674		1294090		1780
614		1668		1296209		1777
615		1679		1298328		1794
616		1683		1300434		1789
617		1685		1302520		1789
618		1681		1304627		1783
619		1671		1306741		1789
620		1679		1308850		1789
621		1692		1310967		1785
622		1681		1313079		1785
623		1683		1315193		1775
624		1690		1317315		1776
625		1682		1319441		1767
626		1672		1321579		1764
627		1678		1323683		1773
628		1680		1325820		1761
629		1677		1327919		1771
630		1677		1330032		1789
631		1680		1332147		1780
632		1674		1334238		1789
633		1677		1336350		1779
634		1688		1338459		1768
635		1688		1340591		1773
636		1691		1342706		1781
637		1689		1344831		1778
638		1680		1346944		1785
639		1679		1349070		1783
640		1691		1351183		1792
641		1687		1353302		1777
642		1684		1355408		1792
643		1697		1357531		1783
644		1690		1359632		1786
645		1682		1361744		1795
646		1674		1363879		1794
647		1690		1366000		1787
648		1696		1368111		1770
649		1697		1370235		1785
650		1701		1372331		1776
651		1697		1374450		1768
652		1693		1376565		1769
653		1691		1378692		1770
654		1683		1380810		1772
655		1684		1382926		1778
656		1705		1385069		1775
657		1695		1387185		1785
658		1703		1389289		1782
659		1723		1391404		1788
660		1712		1393512		1780
661		1713		1395627		1781
662		1721		1397756		1772
663		1723		1399860		1777
664		1716		1401986		1768
665		1710		1404092		1769
666		1714		1406218		1790
667		1719		1408326		1790
668		1718		1410461		1796
669		1700		1412581		1784
670		1688		1414681		1776
671		1718		1416811		1772
672		1708		1418945		1776
673		1715		1421048		1780
674		1709		1423155		1777
675		1707		1425277		1762
676		1698		1427389		1789
677		1699		1429508		1775
678		1690		1431613		1788
679		1690		1433765		1795
680		1706		1435897		1799
681		1695		1438021		1777
682		1702		1440152		1783
683		1698		1442281		1797
684		1679		1444403		1793
685		1699		1446539		1786
686		1691		1448668		1801
687		1710		1450789		1804
688		1703		1452925		1816
689		1704		1455023		1787
690		1690		1457145		1783
691		1693		1459281		1780
692		1686		1461397		1781
693		1659		1463504		1799
694		1666		1465624		1794
695		1674		1467744		1803
696		1678		1469862		1793
697		1670		1471986		1802
698		1674		1474078		1788
699		1676		1476173		1781
700		1692		1478305		1799
701		1687		1480434		1777
702		1683		1482565		1783
703		1669		1484688		1792
704		1686		1486809		1790
705		1681		1488924		1786
706		1679		1491043		1797
707		1679		1493153		1783
708		1690		1495242		1793
709		1702		1497337		1780
710		1703		1499462		1800
711		1682		1501578		1779
712		1691		1503673		1780
713		1692		1505792		1780
714		1695		1507907		1781
715		1703		1510033		1795
716		1684		1512156		1763
717		1671		1514264		1769
718		1668		1516380		1779
719		1669		1518480		1785
720		1672		1520582		1796
721		1670		1522684		1777
722		1663		1524822		1790
723		1666		1526958		1797
724		1672		1529081		1806
725		1664		1531214		1799
726		1674		1533341		1793
727		1672		1535456		1802
728		1659		1537574		1793
729		1663		1539690		1802
730		1671		1541803		1783
731		1660		1543911		1794
732		1667		1546016		1789
733		1673		1548124		1789
734		1654		1550227		1789
735		1658		1552340		1787
736		1656		1554470		1794
737		1640		1556616		1792
738		1646		1558712		1796
739		1640		1560822		1797
740		1633		1562946		1791
741		1623		1565061		1787
742		1616		1567192		1797
743		1626		1569306		1804
744		1621		1571412		1795
745		1631		1573547		1804
746		1631		1575673		1782
747		1632		1577779		1795
748		1638		1579905		1803
749		1640		1582021		1784
750		1639		1584135		1785
751		1619		1586253		1792
752		1623		1588377		1772
753		1640		1590492		1791
754		1628		1592613		1791
755		1622		1594739		1792
756		1642		1596835		1795
757		1631		1598945		1785
758		1639		1601062		1784
759		1630		1603163		1788
760		1632		1605299		1788
761		1623		1607445		1790
762		1622		1609553		1789
763		1634		1611671		1788
764		1629		1613773		1807
765		1645		1615874		1786
766		1652		1618000		1776
767		1644		1620125		1786
768		1649		1622279		1790
769		1637		1624401		1775
770		1634		1626506		1784
771		1651		1628638		1770
772		1644		1630751		1779
773		1649		1632866		1776
774		1658		1634954		1787
775		1649		1637074		1789
776		1649		1639171		1780
777		1634		1641288		1794
778		1642		1643389		1787
779		1634		1645531		1784
780		1622		1647670		1780
781		1635		1649763		1786
782		1633		1651862		1792
783		1628		1653963		1794
784		1639		1656080		1789
785		1633		1658221		1772
786		1651		1660347		1783
787		1656		1662447		1791
788		1656		1664559		1782
789		1654		1666684		1784
790		1658		1668779		1780
791		1644		1670874		1781
792		1659		1672995		1791
793		1642		1675112		1794
794		1657		1677239		1801
795		1648		1679336		1783
796		1640		1681448		1784
797		1652		1683569		1783
798		1674		1685676		1772
799		1659		1687779		1774
800		1651		1689886		1782
801		1654		1691990		1785
802		1651		1694098		1771
803		1657		1696216		1782
804		1648		1698322		1785
805		1629		1700440		1790
806		1647		1702561		1771
807		1661		1704672		1783
808		1656		1706794		1784
809		1648		1708913		1781
810		1635		1711044		1787
811		1640		1713166		1790
812		1644		1715284		1785
813		1652		1717406		1787
814		1654		1719512		1797
815		1645		1721637		1788
816		1651		1723767		1797
817		1660		1725879		1787
818		1652		1728011		1792
819		1657		1730138		1779
820		1664		1732258		1800
821		1657		1734389		1793
822		1652		1736531		1786
823		1661		1738624		1789
824		1652		1740758		1789
825		1642		1742894		1808
826		1655		1745026		1787
827		1644		1747125		1791
828		1643		1749238		1793
829		1660		1751342		1778
830		1661		1753457		1791
831		1668		1755565		1796
832		1660		1757663		1789
833		1674		1759782		1798
834		1670		1761885		1789
835		1675		1763998		1794
836		1654		1766126		1797
837		1661		1768251		1777
838		1665		1770370		1796
839		1665		1772495		1794
840		1669		1774605		1783
841		1675		1776712		1781
842		1662		1778855		1799
843		1664		1780962		1810
844		1644		1783083		1812
845		1676		1785196		1810
846		1661		1787314		1799
847		1642		1789437		1805
848		1649		1791560		1797
849		1655		1793650		1806
850		1657		1795778		1788
851		1659		1797881		1794
852		1653		1800010		1807
853		1678		1802140		1795
854		1650		1804247		1791
855		1665		1806366		1797
856		1676		1808490		1803
857		1673		1810595		1822
858		1662		1812719		1810
859		1664		1814846		1821
860		1656		1816968		1796
861		1672		1819064		1817
862		1671		1821204		1798
863		1657		1823341		1813
864		1660		1825467		1824
865		1678		1827585		1822
866		1663		1829688		1815
867		1651		1831783		1809
868		1643		1833900		1819
869		1655		1836010		1801
870		1662		1838127		1827
871		1643		1840256		1806
872		1652		1842405		1804
873		1674		1844524		1822
874		1657		1846616		1812
875		1656		1848704		1816
876		1655		1850815		1799
877		1653		1852896		1822
878		1651		1855009		1799
879		1647		1857118		1788
880		1630		1859237		1787
881		1626		1861329		1816
882		1617		1863424		1791
883		1630		1865534		1801
884		1625		1867644		1800
885		1616		1869738		1800
886		1623		1871837		1806
887		1618		1873943		1791
888		1637		1876058		1794
889		1639		1878155		1795
890		1627		1880268		1787
891		1647		1882387		1804
892		1653		1884510		1801
893		1652		1886618		1792
894		1642		1888727		1779
895		1660		1890834		1810
896		1649		1892955		1798
897		1644		1895067		1803
898		1630		1897215		1795
899		1640		1899335		1806
900		1643		1901437		1805
901		1654		1903558		1785
902		1662		1905666		1811
903		1652		1907781		1787
904		1638		1909885		1797
905		1661		1911998		1791
906		1651		1914117		1789
907		1646		1916255		1802
908		1641		1918369		1785
909		1643		1920488		1796
910		1666		1922632		1782
911		1674		1924745		1815
912		1676		1926857		1800
913		1666		1928982		1793
914		1660		1931095		1806
915		1668		1933216		1789
916		1667		1935333		1803
917		1670		1937439		1815
918		1660		1939549		1796
919		1674		1941663		1791
920		1663		1943787		1799
921		1640		1945933		1795
922		1631		1948049		1803
923		1643		1950169		1801
924		1642		1952317		1805
925		1644		1954443		1805
926		1651		1956563		1795
927		1651		1958692		1803
928		1642		1960806		1791
929		1655		1962932		1791
930		1643		1965034		1793
931		1640		1967153		1767
932		1635		1969280		1785
933		1627		1971398		1787
934		1641		1973508		1796
935		1640		1975624		1793
936		1628		1977756		1777
937		1634		1979891		1787
938		1624		1982023		1784
939		1620		1984146		1779
940		1631		1986274		1781
941		1624		1988381		1786
942		1625		1990475		1797
943		1632		1992570		1798
944		1629		1994684		1802
945		1629		1996792		1810
946		1623		1998889		1802
947		1645		2000992		1806
948		1631		2003113		1808
949		1626		2005219		1805
950		1631		2007354		1803
951		1648		2009499		1785
952		1638		2011641		1788
953		1628		2013726		1785
954		1646		2015845		1801
955		1643		2017991		1784
956		1653		2020116		1789
957		1649		2022224		1789
958		1647		2024356		1796
959		1635		2026474		1783
960		1640		2028597		1793
961		1645		2030706		1790
962		1641		2032846		1792
963		1634		2034983		1782
964		1626		2037101		1798
965		1641		2039207		1791
966		1631		2041327		1797
967		1630		2043437		1805
968		1621		2045545		1798
969		1629		2047659		1778
970		1628		2049780		1794
971		1615		2051904		1782
972		1628		2054032		1786
973		1608		2056147		1798
974		1626		2058280		1776
975		1619		2060406		1770
976		1626		2062513		1776
977		1631		2064610		1789
978		1638		2066728		1782
979		1632		2068856		1774
980		1622		2070962		1771
981		1618		2073046		1788
982		1629		2075158		1771
983		1645		2077254		1792
984		1630		2079375		1777
985		1633		2081504		1776
986		1628		2083625		1775
987		1627		2085740		1780
988		1603		2087846		1785
989		1600		2089967		1783
990		1613		2092096		1772
991		1611		2094199		1763
992		1613		2096333		1773
993		1608		2098453		1781
994		1621		2100572		1786
995		1627		2102678		1794
996		1631		2104813		1793
997		1629		2106923		1801
998		1640		2109071		1793
999		1638		2111195		1799
