# Migration is number of nodes that have changed color.

Round		Edge-Cut		Swaps		Migrations		Skipped
0		5000		2307		1548
1		3960		4517		1688
2		3641		6654		1758
3		3425		8776		1780
4		3295		10911		1763
5		3155		13018		1753
6		3051		15125		1756
7		3020		17231		1802
8		2998		19327		1793
9		2963		21427		1804
10		2917		23538		1791
11		2871		25633		1783
12		2831		27734		1756
13		2781		29856		1755
14		2740		31943		1782
15		2716		34040		1788
16		2647		36161		1779
17		2665		38270		1803
18		2602		40394		1774
19		2577		42499		1794
20		2534		44589		1785
21		2521		46668		1775
22		2516		48771		1772
23		2483		50880		1740
24		2448		52972		1765
25		2459		55063		1746
26		2434		57173		1738
27		2412		59273		1748
28		2421		61387		1761
29		2430		63491		1754
30		2408		65563		1778
31		2416		67644		1802
32		2433		69742		1756
33		2424		71864		1756
34		2418		73982		1788
35		2377		76072		1787
36		2374		78179		1804
37		2328		80280		1791
38		2312		82376		1800
39		2302		84460		1791
40		2273		86558		1791
41		2276		88658		1795
42		2250		90758		1789
43		2211		92852		1785
44		2188		94943		1793
45		2211		97051		1792
46		2223		99146		1791
47		2243		101259		1798
48		2173		103341		1757
49		2189		105469		1798
50		2180		107571		1790
51		2172		109709		1798
52		2152		111815		1782
53		2136		113923		1796
54		2114		116043		1801
55		2118		118153		1790
56		2091		120268		1791
57		2086		122375		1805
58		2091		124517		1790
59		2087		126638		1802
60		2079		128757		1780
61		2071		130881		1792
62		2039		133006		1789
63		2045		135117		1803
64		2030		137221		1794
65		2026		139317		1790
66		2025		141439		1797
67		1995		143550		1781
68		2005		145669		1807
69		2008		147750		1777
70		2005		149864		1788
71		1995		151981		1785
72		2007		154114		1766
73		1983		156228		1786
74		1974		158332		1779
75		1953		160436		1793
76		1959		162529		1777
77		1931		164626		1785
78		1934		166729		1794
79		1927		168801		1783
80		1938		170893		1794
81		1943		172988		1784
82		1932		175088		1799
83		1928		177182		1793
84		1939		179305		1793
85		1934		181416		1784
86		1910		183503		1790
87		1912		185621		1800
88		1891		187705		1804
89		1906		189813		1787
90		1910		191918		1797
91		1888		194012		1807
92		1892		196121		1804
93		1891		198235		1783
94		1880		200340		1804
95		1873		202433		1779
96		1871		204555		1806
97		1849		206666		1800
98		1852		208774		1789
99		1849		210875		1787
100		1846		212955		1777
101		1840		215035		1785
102		1836		217181		1776
103		1842		219296		1778
104		1864		221403		1783
105		1863		223501		1782
106		1828		225599		1785
107		1833		227725		1801
108		1834		229831		1784
109		1838		231940		1784
110		1838		234055		1781
111		1821		236166		1799
112		1831		238299		1787
113		1823		240408		1803
114		1842		242504		1793
115		1818		244612		1810
116		1822		246719		1803
117		1831		248828		1813
118		1813		250934		1789
119		1816		253027		1788
120		1832		255122		1803
121		1848		257210		1787
122		1820		259323		1793
123		1810		261432		1794
124		1812		263539		1794
125		1802		265648		1776
126		1806		267735		1793
127		1824		269822		1797
128		1785		271963		1791
129		1774		274062		1796
130		1777		276164		1778
131		1769		278247		1793
132		1781		280353		1794
133		1767		282457		1777
134		1796		284560		1780
135		1778		286680		1761
136		1784		288782		1779
137		1773		290874		1790
138		1786		292994		1786
139		1788		295101		1774
140		1787		297201		1773
141		1783		299299		1774
142		1764		301391		1771
143		1770		303506		1785
144		1789		305640		1793
145		1771		307776		1779
146		1799		309876		1774
147		1779		311987		1775
148		1781		314099		1797
149		1790		316184		1783
150		1794		318277		1787
151		1782		320390		1781
152		1797		322502		1798
153		1784		324634		1792
154		1788		326735		1782
155		1773		328846		1804
156		1758		330939		1803
157		1747		333052		1801
158		1742		335138		1804
159		1729		337219		1801
160		1749		339340		1807
161		1735		341453		1799
162		1740		343565		1800
163		1717		345679		1800
164		1727		347789		1809
165		1706		349890		1821
166		1698		351992		1804
167		1706		354106		1812
168		1694		356189		1800
169		1691		358274		1807
170		1690		360379		1813
171		1700		362478		1800
172		1689		364579		1786
173		1699		366700		1781
174		1679		368770		1796
175		1690		370875		1792
176		1669		372950		1805
177		1667		375055		1810
178		1672		377137		1792
179		1675		379234		1802
180		1691		381338		1785
181		1679		383433		1803
182		1675		385535		1802
183		1691		387622		1805
184		1672		389745		1798
185		1682		391846		1787
186		1674		393948		1795
187		1664		396070		1789
188		1675		398173		1796
189		1672		400274		1792
190		1670		402390		1800
191		1682		404483		1805
192		1685		406588		1798
193		1672		408708		1801
194		1679		410806		1788
195		1690		412912		1794
196		1677		415034		1783
197		1682		417140		1787
198		1690		419270		1788
199		1691		421380		1798
200		1679		423457		1801
201		1691		425564		1795
202		1679		427668		1801
203		1676		429765		1791
204		1703		431878		1806
205		1693		433979		1804
206		1698		436101		1794
207		1693		438210		1799
208		1696		440315		1800
209		1701		442449		1799
210		1697		444559		1797
211		1693		446657		1799
212		1694		448782		1802
213		1694		450882		1802
214		1706		452989		1797
215		1708		455095		1806
216		1699		457187		1801
217		1693		459300		1792
218		1688		461399		1806
219		1691		463511		1795
220		1708		465618		1803
221		1712		467696		1809
222		1693		469822		1805
223		1696		471922		1787
224		1700		474036		1810
225		1692		476159		1798
226		1698		478280		1789
227		1685		480381		1800
228		1709		482497		1806
229		1699		484647		1796
230		1719		486745		1797
231		1716		488860		1798
232		1704		490986		1795
233		1716		493104		1799
234		1710		495217		1802
235		1691		497344		1809
236		1684		499445		1799
237		1687		501577		1788
238		1678		503675		1795
239		1683		505775		1799
240		1652		507889		1803
241		1679		510003		1784
242		1681		512080		1803
243		1683		514185		1798
244		1679		516302		1793
245		1693		518409		1789
246		1711		520515		1787
247		1692		522598		1800
248		1691		524712		1806
249		1683		526820		1794
250		1679		528934		1788
251		1671		531047		1803
252		1670		533161		1815
253		1680		535276		1793
254		1675		537416		1801
255		1674		539503		1799
256		1673		541600		1799
257		1685		543718		1801
258		1678		545815		1782
259		1689		547911		1809
260		1676		550032		1810
261		1667		552147		1802
262		1681		554263		1794
263		1679		556376		1796
264		1679		558495		1797
265		1687		560610		1792
266		1660		562744		1786
267		1672		564872		1790
268		1657		566955		1782
269		1660		569087		1809
270		1654		571205		1790
271		1659		573317		1797
272		1672		575411		1790
273		1658		577526		1802
274		1670		579668		1799
275		1665		581781		1784
276		1670		583880		1797
277		1670		585989		1785
278		1657		588101		1787
279		1676		590198		1805
280		1675		592309		1805
281		1684		594392		1802
282		1668		596506		1811
283		1658		598621		1808
284		1664		600726		1812
285		1653		602813		1803
286		1658		604955		1797
287		1648		607086		1811
288		1669		609164		1811
289		1671		611296		1798
290		1680		613409		1797
291		1673		615513		1797
292		1675		617628		1807
293		1660		619720		1804
294		1650		621810		1801
295		1660		623923		1791
296		1660		626029		1791
297		1661		628119		1799
298		1667		630224		1793
299		1655		632337		1796
300		1674		634438		1799
301		1672		636562		1798
302		1679		638680		1800
303		1681		640802		1807
304		1663		642909		1804
305		1663		645029		1811
306		1654		647131		1812
307		1655		649230		1801
308		1662		651362		1816
309		1660		653478		1815
310		1657		655581		1801
311		1663		657662		1804
312		1652		659781		1823
313		1667		661903		1806
314		1662		664036		1816
315		1666		666154		1811
316		1682		668262		1813
317		1661		670356		1804
318		1646		672443		1810
319		1669		674559		1805
320		1675		676667		1803
321		1671		678786		1806
322		1672		680886		1813
323		1677		682992		1796
324		1673		685142		1804
325		1660		687256		1810
326		1674		689361		1784
327		1683		691455		1797
328		1679		693568		1802
329		1677		695707		1796
330		1672		697802		1795
331		1671		699911		1809
332		1670		702041		1790
333		1673		704156		1807
334		1670		706291		1799
335		1663		708413		1803
336		1673		710525		1809
337		1669		712664		1800
338		1687		714777		1796
339		1701		716891		1800
340		1688		719021		1791
341		1695		721144		1797
342		1665		723269		1801
343		1678		725383		1805
344		1685		727477		1798
345		1665		729588		1778
346		1691		731692		1798
347		1679		733821		1791
348		1673		735931		1789
349		1680		738034		1803
350		1678		740140		1795
351		1659		742279		1794
352		1663		744378		1789
353		1677		746479		1804
354		1658		748587		1788
355		1649		750712		1789
356		1663		752823		1792
357		1666		754925		1799
358		1662		757040		1773
359		1690		759156		1797
360		1678		761285		1786
361		1664		763403		1795
362		1669		765512		1813
363		1684		767622		1778
364		1682		769734		1792
365		1669		771841		1786
366		1682		773965		1788
367		1691		776079		1802
368		1702		778223		1782
369		1700		780317		1792
370		1689		782432		1793
371		1683		784555		1782
372		1683		786652		1796
373		1702		788768		1786
374		1686		790863		1788
375		1689		792989		1786
376		1690		795106		1776
377		1684		797223		1781
378		1675		799369		1770
379		1683		801484		1774
380		1685		803605		1778
381		1678		805731		1777
382		1683		807854		1779
383		1689		809983		1784
384		1671		812084		1770
385		1701		814208		1771
386		1681		816327		1773
387		1696		818449		1781
388		1670		820579		1778
389		1682		822698		1778
390		1671		824794		1772
391		1664		826903		1786
392		1669		829011		1783
393		1675		831117		1776
394		1666		833225		1783
395		1672		835322		1789
396		1666		837420		1783
397		1668		839539		1782
398		1659		841667		1782
399		1651		843778		1792
400		1652		845865		1778
401		1664		847990		1775
402		1656		850102		1767
403		1673		852217		1766
404		1666		854322		1776
405		1658		856441		1786
406		1656		858554		1779
407		1662		860686		1771
408		1658		862807		1773
409		1661		864907		1780
410		1662		866996		1765
411		1657		869122		1770
412		1663		871265		1778
413		1667		873381		1773
414		1651		875503		1761
415		1652		877622		1775
416		1648		879733		1764
417		1650		881835		1767
418		1657		883936		1766
419		1678		886070		1783
420		1671		888170		1775
421		1663		890281		1764
422		1660		892386		1774
423		1663		894468		1767
424		1658		896558		1771
425		1665		898647		1772
426		1662		900784		1775
427		1656		902876		1777
428		1665		904985		1782
429		1670		907086		1788
430		1664		909194		1795
431		1676		911286		1784
432		1667		913394		1773
433		1654		915532		1776
434		1668		917657		1777
435		1672		919747		1790
436		1672		921861		1771
437		1677		923981		1782
438		1684		926087		1766
439		1674		928185		1785
440		1678		930291		1776
441		1681		932413		1780
442		1694		934523		1777
443		1704		936659		1793
444		1686		938765		1787
445		1695		940877		1786
446		1676		943003		1783
447		1659		945127		1778
448		1680		947245		1780
449		1661		949331		1772
450		1675		951460		1773
451		1684		953545		1779
452		1682		955656		1787
453		1678		957773		1787
454		1689		959883		1768
455		1682		962003		1789
456		1687		964105		1791
457		1681		966174		1777
458		1671		968270		1775
459		1695		970373		1780
460		1692		972488		1787
461		1680		974597		1781
462		1692		976707		1772
463		1667		978832		1786
464		1674		980963		1777
465		1669		983067		1795
466		1670		985170		1782
467		1660		987254		1782
468		1669		989363		1786
469		1661		991478		1779
470		1663		993601		1779
471		1662		995699		1778
472		1667		997823		1792
473		1655		999919		1787
474		1653		1002022		1790
475		1657		1004128		1775
476		1645		1006216		1778
477		1648		1008342		1784
478		1658		1010460		1768
479		1645		1012546		1765
480		1641		1014653		1770
481		1642		1016761		1777
482		1651		1018885		1765
483		1634		1021000		1780
484		1652		1023133		1795
485		1642		1025234		1787
486		1643		1027338		1773
487		1637		1029450		1781
488		1622		1031541		1779
489		1634		1033659		1781
490		1642		1035762		1776
491		1628		1037878		1765
492		1625		1039976		1792
493		1637		1042091		1784
494		1626		1044190		1790
495		1633		1046300		1774
496		1639		1048425		1773
497		1632		1050528		1760
498		1642		1052647		1785
499		1640		1054767		1782
500		1643		1056874		1790
501		1666		1059005		1775
502		1715		1061140		1760
503		1748		1063288		1793
504		1773		1065442		1791
505		1809		1067582		1796
506		1838		1069724		1808
507		1863		1071882		1800
508		1905		1074023		1800
509		1909		1076169		1774
510		1931		1078304		1777
511		1956		1080447		1788
512		2006		1082608		1772
513		2017		1084740		1783
514		2016		1086877		1774
515		2006		1089017		1787
516		2035		1091153		1791
517		2057		1093277		1790
518		2039		1095415		1782
519		2040		1097554		1784
520		2031		1099722		1762
521		2045		1101833		1815
522		2056		1103964		1791
523		2040		1106108		1806
524		2065		1108251		1810
525		2018		1110396		1783
526		2018		1112496		1794
527		2032		1114622		1796
528		2036		1116750		1811
529		2046		1118874		1778
530		2042		1120980		1794
531		2029		1123094		1772
532		2037		1125208		1779
533		2072		1127355		1785
534		2068		1129490		1775
535		2061		1131596		1743
536		2064		1133719		1760
537		2055		1135856		1762
538		2051		1137992		1773
539		2045		1140138		1753
540		2035		1142248		1751
541		2057		1144352		1776
542		2019		1146463		1783
543		2032		1148546		1784
544		2028		1150680		1781
545		2024		1152798		1790
546		2026		1154914		1779
547		2014		1157030		1786
548		2022		1159160		1789
549		2007		1161302		1782
550		2033		1163440		1797
551		2041		1165570		1799
552		2049		1167689		1774
553		2036		1169841		1791
554		2009		1171971		1789
555		2025		1174115		1769
556		2002		1176213		1782
557		2022		1178334		1791
558		2013		1180459		1784
559		1990		1182577		1769
560		1993		1184704		1789
561		1989		1186812		1802
562		1983		1188918		1810
563		1971		1191046		1783
564		1986		1193162		1803
565		1966		1195297		1811
566		1986		1197420		1793
567		1986		1199533		1779
568		2005		1201631		1794
569		2010		1203731		1802
570		1999		1205870		1796
571		1979		1207987		1816
572		1969		1210098		1794
573		1963		1212216		1802
574		1981		1214323		1809
575		1970		1216455		1794
576		1980		1218562		1799
577		1938		1220680		1788
578		1927		1222785		1795
579		1939		1224899		1794
580		1934		1227016		1775
581		1925		1229127		1793
582		1936		1231218		1803
583		1939		1233328		1797
584		1942		1235459		1787
585		1918		1237573		1779
586		1906		1239670		1781
587		1911		1241764		1789
588		1905		1243896		1794
589		1873		1246015		1809
590		1854		1248132		1799
591		1873		1250245		1794
592		1875		1252357		1797
593		1875		1254466		1804
594		1857		1256576		1812
595		1854		1258699		1806
596		1857		1260801		1788
597		1863		1262923		1788
598		1847		1265011		1810
599		1842		1267099		1795
600		1850		1269201		1795
601		1829		1271327		1798
602		1818		1273430		1802
603		1806		1275523		1780
604		1807		1277658		1795
605		1807		1279779		1792
606		1836		1281904		1795
607		1806		1284011		1787
608		1797		1286104		1801
609		1791		1288219		1790
610		1801		1290323		1799
611		1788		1292433		1801
612		1784		1294531		1813
613		1776		1296646		1802
614		1780		1298765		1792
615		1767		1300863		1811
616		1761		1302961		1800
617		1759		1305076		1788
618		1766		1307191		1799
619		1765		1309305		1809
620		1784		1311426		1795
621		1764		1313524		1794
622		1774		1315632		1787
623		1773		1317762		1802
624		1769		1319890		1801
625		1770		1322005		1786
626		1782		1324131		1796
627		1788		1326277		1799
628		1765		1328375		1807
629		1779		1330526		1791
630		1749		1332630		1801
631		1762		1334743		1803
632		1770		1336855		1800
633		1754		1338977		1803
634		1763		1341065		1814
635		1789		1343188		1805
636		1763		1345313		1802
637		1757		1347438		1804
638		1758		1349543		1800
639		1753		1351664		1791
640		1739		1353757		1798
641		1744		1355888		1812
642		1719		1358010		1812
643		1716		1360125		1808
644		1719		1362241		1800
645		1735		1364360		1812
646		1736		1366463		1829
647		1727		1368571		1801
648		1725		1370681		1808
649		1721		1372808		1796
650		1734		1374936		1801
651		1734		1377049		1809
652		1730		1379162		1796
653		1713		1381287		1798
654		1700		1383415		1801
655		1686		1385542		1816
656		1687		1387629		1809
657		1699		1389750		1808
658		1704		1391881		1807
659		1701		1394002		1805
660		1703		1396103		1805
661		1707		1398212		1805
662		1698		1400324		1817
663		1688		1402441		1806
664		1702		1404559		1814
665		1693		1406670		1806
666		1691		1408786		1812
667		1704		1410881		1797
668		1717		1413002		1801
669		1689		1415137		1790
670		1701		1417239		1801
671		1684		1419361		1801
672		1676		1421476		1812
673		1680		1423604		1827
674		1694		1425732		1821
675		1689		1427858		1812
676		1706		1429952		1823
677		1693		1432075		1801
678		1690		1434186		1812
679		1686		1436310		1792
680		1694		1438408		1810
681		1683		1440497		1806
682		1672		1442600		1786
683		1679		1444729		1794
684		1684		1446833		1807
685		1682		1448943		1801
686		1673		1451065		1820
687		1676		1453171		1793
688		1679		1455290		1798
689		1677		1457408		1802
690		1682		1459552		1800
691		1679		1461657		1797
692		1665		1463796		1808
693		1676		1465914		1795
694		1673		1468022		1804
695		1659		1470126		1808
696		1661		1472262		1800
697		1664		1474366		1802
698		1663		1476491		1798
699		1666		1478607		1791
700		1676		1480713		1777
701		1671		1482835		1790
702		1653		1484936		1812
703		1662		1487052		1794
704		1671		1489190		1804
705		1675		1491300		1803
706		1666		1493413		1811
707		1688		1495534		1819
708		1675		1497659		1824
709		1667		1499776		1820
710		1653		1501883		1809
711		1646		1503993		1799
712		1646		1506099		1807
713		1647		1508213		1792
714		1638		1510320		1810
715		1635		1512414		1792
716		1628		1514511		1800
717		1633		1516635		1796
718		1639		1518732		1789
719		1624		1520838		1807
720		1630		1522983		1793
721		1634		1525104		1795
722		1635		1527208		1789
723		1653		1529314		1798
724		1646		1531446		1794
725		1638		1533584		1800
726		1657		1535687		1811
727		1647		1537775		1797
728		1643		1539873		1795
729		1677		1541991		1800
730		1665		1544092		1800
731		1661		1546207		1812
732		1661		1548340		1792
733		1667		1550461		1789
734		1663		1552562		1802
735		1682		1554670		1804
736		1674		1556797		1794
737		1675		1558901		1784
738		1686		1561032		1801
739		1665		1563133		1814
740		1654		1565258		1822
741		1661		1567349		1799
742		1665		1569466		1802
743		1658		1571569		1813
744		1655		1573691		1812
745		1651		1575807		1787
746		1656		1577912		1804
747		1639		1580033		1804
748		1638		1582148		1796
749		1638		1584266		1803
750		1638		1586379		1799
751		1650		1588483		1791
752		1648		1590591		1792
753		1646		1592707		1792
754		1625		1594817		1786
755		1649		1596910		1795
756		1645		1599019		1794
757		1640		1601119		1786
758		1630		1603224		1798
759		1633		1605346		1797
760		1658		1607469		1802
761		1655		1609550		1794
762		1653		1611680		1810
763		1658		1613768		1804
764		1658		1615881		1790
765		1653		1617971		1794
766		1664		1620067		1791
767		1654		1622152		1798
768		1649		1624275		1795
769		1655		1626351		1804
770		1641		1628478		1801
771		1662		1630572		1793
772		1649		1632687		1792
773		1643		1634777		1796
774		1649		1636888		1805
775		1658		1639009		1807
776		1669		1641126		1797
777		1670		1643240		1784
778		1684		1645349		1794
779		1703		1647491		1791
780		1670		1649582		1799
781		1668		1651702		1792
782		1665		1653818		1784
783		1681		1655913		1806
784		1671		1658032		1787
785		1663		1660129		1782
786		1662		1662242		1783
787		1650		1664339		1781
788		1648		1666460		1787
789		1647		1668562		1778
790		1654		1670652		1783
791		1664		1672768		1787
792		1666		1674890		1802
793		1655		1677002		1786
794		1659		1679117		1800
795		1655		1681220		1793
796		1672		1683328		1803
797		1677		1685445		1798
798		1666		1687535		1787
799		1645		1689644		1793
800		1647		1691742		1796
801		1655		1693835		1790
802		1647		1695937		1796
803		1653		1698029		1792
804		1655		1700129		1790
805		1642		1702248		1790
806		1656		1704387		1779
807		1659		1706492		1793
808		1669		1708611		1794
809		1661		1710736		1793
810		1662		1712798		1794
811		1664		1714898		1799
812		1676		1717005		1794
813		1661		1719093		1785
814		1669		1721202		1765
815		1656		1723329		1788
816		1663		1725462		1784
817		1673		1727564		1783
818		1656		1729692		1790
819		1658		1731800		1798
820		1656		1733934		1786
821		1646		1736038		1798
822		1643		1738142		1796
823		1654		1740239		1800
824		1656		1742309		1807
825		1646		1744409		1798
826		1634		1746518		1789
827		1652		1748612		1796
828		1658		1750733		1792
829		1645		1752859		1789
830		1636		1754952		1801
831		1637		1757050		1789
832		1645		1759172		1800
833		1646		1761272		1799
834		1637		1763396		1807
835		1646		1765521		1801
836		1641		1767621		1803
837		1641		1769718		1803
838		1655		1771828		1796
839		1654		1773942		1793
840		1651		1776048		1795
841		1648		1778155		1810
842		1637		1780271		1793
843		1633		1782374		1787
844		1630		1784484		1793
845		1636		1786603		1795
846		1622		1788713		1797
847		1625		1790852		1794
848		1630		1792970		1799
849		1625		1795085		1791
850		1618		1797175		1798
851		1610		1799291		1792
852		1603		1801410		1790
853		1610		1803513		1804
854		1598		1805613		1802
855		1604		1807701		1798
856		1614		1809787		1814
857		1604		1811918		1804
858		1606		1814038		1804
859		1600		1816134		1814
860		1610		1818236		1804
861		1618		1820369		1797
862		1607		1822460		1804
863		1609		1824586		1796
864		1612		1826682		1796
865		1617		1828815		1793
866		1609		1830913		1798
867		1609		1833031		1805
868		1609		1835138		1800
869		1604		1837248		1800
870		1603		1839367		1812
871		1617		1841479		1804
872		1614		1843604		1819
873		1608		1845710		1828
874		1615		1847806		1823
875		1624		1849913		1811
876		1637		1852018		1819
877		1630		1854154		1811
878		1632		1856259		1822
879		1629		1858360		1818
880		1614		1860490		1824
881		1615		1862594		1818
882		1623		1864698		1819
883		1621		1866810		1809
884		1625		1868927		1813
885		1621		1871044		1800
886		1617		1873173		1805
887		1616		1875286		1800
888		1626		1877408		1812
889		1626		1879522		1800
890		1619		1881628		1821
891		1619		1883760		1813
892		1619		1885885		1804
893		1627		1887992		1807
894		1614		1890085		1812
895		1627		1892193		1804
896		1631		1894293		1822
897		1642		1896390		1804
898		1641		1898512		1806
899		1638		1900630		1805
900		1635		1902762		1794
901		1634		1904889		1800
902		1631		1906983		1794
903		1639		1909099		1789
904		1637		1911208		1811
905		1647		1913340		1804
906		1641		1915449		1801
907		1626		1917550		1790
908		1629		1919698		1799
909		1636		1921794		1794
910		1633		1923903		1809
911		1637		1926005		1778
912		1645		1928118		1794
913		1640		1930260		1795
914		1633		1932358		1792
915		1620		1934473		1795
916		1627		1936610		1795
917		1639		1938713		1798
918		1644		1940858		1783
919		1637		1942992		1789
920		1631		1945098		1793
921		1641		1947207		1792
922		1642		1949317		1782
923		1623		1951425		1780
924		1651		1953576		1771
925		1629		1955695		1789
926		1653		1957838		1771
927		1662		1959946		1773
928		1652		1962035		1778
929		1656		1964149		1773
930		1639		1966252		1781
931		1650		1968346		1787
932		1635		1970475		1774
933		1649		1972594		1765
934		1655		1974696		1767
935		1644		1976799		1769
936		1655		1978920		1769
937		1663		1981038		1772
938		1662		1983171		1760
939		1636		1985265		1765
940		1645		1987396		1771
941		1649		1989522		1772
942		1646		1991648		1776
943		1648		1993762		1780
944		1646		1995869		1784
945		1639		1997978		1790
946		1640		2000103		1772
947		1644		2002231		1765
948		1639		2004358		1749
949		1621		2006474		1767
950		1630		2008599		1779
951		1637		2010726		1784
952		1636		2012838		1773
953		1635		2014960		1771
954		1651		2017044		1774
955		1658		2019184		1781
956		1659		2021294		1776
957		1662		2023392		1776
958		1665		2025509		1775
959		1672		2027590		1779
960		1656		2029698		1772
961		1653		2031821		1784
962		1650		2033940		1781
963		1654		2036069		1764
964		1656		2038178		1774
965		1662		2040299		1778
966		1662		2042413		1779
967		1650		2044543		1779
968		1653		2046640		1784
969		1652		2048753		1777
970		1647		2050823		1781
971		1648		2052945		1770
972		1642		2055075		1791
973		1665		2057194		1785
974		1645		2059315		1796
975		1642		2061389		1794
976		1642		2063480		1793
977		1640		2065587		1777
978		1629		2067705		1777
979		1627		2069822		1788
980		1637		2071959		1774
981		1632		2074067		1780
982		1625		2076164		1770
983		1623		2078277		1776
984		1612		2080398		1775
985		1613		2082503		1774
986		1617		2084602		1790
987		1618		2086684		1773
988		1618		2088793		1774
989		1623		2090922		1765
990		1623		2093019		1767
991		1633		2095141		1762
992		1623		2097231		1774
993		1641		2099347		1774
994		1632		2101480		1770
995		1624		2103580		1774
996		1630		2105685		1768
997		1630		2107795		1780
998		1639		2109919		1768
999		1648		2112050		1776
