# Migration is number of nodes that have changed color.

Round		Edge-Cut		Swaps		Migrations		Skipped
0		10151		4640		3212
1		9974		9270		3333
2		9962		13884		3412
3		9741		18486		3429
4		9757		23078		3465
5		9688		27671		3457
6		9657		32267		3445
7		9637		36836		3485
8		9612		41422		3458
9		9607		46007		3499
10		9514		50589		3487
11		9492		55162		3532
12		9398		59731		3471
13		9429		64301		3496
14		9536		68856		3457
15		9465		73416		3472
16		9372		77979		3475
17		9366		82550		3515
18		9364		87105		3539
19		9266		91652		3512
20		9256		96216		3487
21		9323		100767		3514
22		9229		105306		3549
23		9228		109862		3496
24		9278		114431		3518
25		9211		119008		3560
26		9202		123550		3522
27		9267		128101		3549
28		9224		132674		3541
29		9186		137215		3502
30		9126		141750		3558
31		9058		146272		3539
32		9001		150811		3523
33		8996		155318		3546
34		9159		159860		3536
35		9088		164384		3544
36		9093		168932		3583
37		9051		173470		3542
38		9009		178001		3477
39		8918		182520		3537
40		9005		187055		3550
41		9070		191567		3522
42		8955		196082		3512
43		9037		200611		3509
44		9132		205154		3545
45		9242		209718		3537
46		9112		214275		3550
47		9092		218831		3539
48		9067		223388		3485
49		8959		227925		3563
50		9063		232475		3539
51		8936		237028		3549
52		8910		241585		3605
53		8895		246097		3522
54		8958		250644		3535
55		8896		255156		3548
56		8856		259685		3531
57		8850		264206		3555
58		8877		268725		3535
59		8830		273253		3529
60		8769		277781		3536
61		8744		282299		3540
62		8738		286772		3539
63		8808		291274		3553
64		8753		295784		3503
65		8715		300302		3551
66		8727		304812		3550
67		8653		309336		3534
68		8612		313854		3519
69		8585		318376		3517
70		8613		322895		3573
71		8658		327411		3553
72		8673		331931		3497
73		8692		336442		3554
74		8659		340989		3506
75		8639		345517		3500
76		8648		350062		3546
77		8508		354576		3525
78		8449		359076		3557
79		8492		363610		3554
80		8445		368141		3536
81		8406		372650		3560
82		8362		377159		3455
83		8389		381677		3529
84		8334		386180		3471
85		8256		390638		3515
86		8245		395104		3559
87		8267		399595		3567
88		8289		404101		3493
89		8205		408591		3590
90		8162		413107		3556
91		8201		417605		3543
92		8166		422085		3498
93		8013		426581		3510
94		8155		431056		3483
95		8122		435553		3523
96		8148		440044		3523
97		8053		444538		3496
98		8121		449044		3551
99		8013		453530		3539
100		8108		458031		3535
101		8070		462545		3515
102		8054		467053		3517
103		7991		471531		3491
104		7971		476029		3541
105		7910		480518		3510
106		7978		484992		3502
107		8004		489465		3524
108		7932		493939		3533
109		8010		498433		3482
110		7959		502905		3509
111		7969		507425		3506
112		8028		511921		3498
113		7980		516420		3483
114		7924		520929		3476
115		7804		525427		3560
116		7851		529909		3505
117		7830		534394		3563
118		7868		538873		3459
119		7761		543339		3492
120		7749		547838		3475
121		7709		552334		3537
122		7696		556840		3506
123		7762		561368		3499
124		7737		565869		3536
125		7712		570379		3501
126		7677		574894		3511
127		7536		579407		3527
128		7613		583927		3551
129		7617		588403		3486
130		7510		592917		3457
131		7431		597378		3492
132		7506		601896		3442
133		7511		606391		3482
134		7460		610883		3523
135		7485		615384		3493
136		7547		619869		3481
137		7502		624386		3534
138		7438		628852		3496
139		7421		633322		3561
140		7365		637778		3522
141		7301		642270		3536
142		7214		646751		3521
143		7207		651257		3530
144		7147		655756		3535
145		7285		660258		3522
146		7171		664758		3519
147		7161		669220		3501
148		7155		673689		3503
149		7139		678199		3515
150		7101		682662		3548
151		6980		687123		3558
152		6886		691594		3501
153		6818		696089		3488
154		6808		700573		3489
155		6914		705056		3456
156		6946		709559		3505
157		6909		714061		3525
158		6962		718564		3500
159		7010		723067		3474
160		6937		727569		3505
161		6918		732047		3525
162		6916		736533		3514
163		6903		741041		3500
164		6858		745553		3497
165		6742		750048		3523
166		6753		754517		3513
167		6665		759021		3486
168		6685		763485		3487
169		6636		767988		3505
170		6603		772473		3499
171		6603		776949		3486
172		6576		781403		3516
173		6532		785884		3508
174		6599		790319		3476
175		6625		794799		3495
176		6680		799295		3471
177		6629		803763		3472
178		6607		808247		3488
179		6652		812749		3470
180		6645		817234		3499
181		6592		821767		3475
182		6577		826247		3498
183		6497		830729		3476
184		6501		835208		3483
185		6582		839675		3480
186		6569		844167		3465
187		6530		848656		3483
188		6436		853167		3521
189		6393		857641		3498
190		6254		862101		3520
191		6226		866554		3511
192		6261		871050		3526
193		6279		875520		3486
194		6251		879974		3494
195		6294		884481		3462
196		6220		888957		3505
197		6286		893444		3497
198		6267		897929		3496
199		6193		902442		3504
200		6300		906938		3520
201		6305		911435		3470
202		6178		915914		3494
203		6213		920418		3485
204		6173		924924		3490
205		6235		929434		3518
206		6177		933939		3527
207		6160		938451		3495
208		6146		942940		3500
209		6198		947454		3522
210		6132		951962		3484
211		6107		956461		3491
212		6118		960946		3472
213		6108		965446		3475
214		6076		969948		3465
215		6084		974457		3477
216		5957		978919		3470
217		5910		983418		3473
218		5880		987895		3463
219		5882		992417		3453
220		5820		996908		3472
221		5837		1001415		3493
222		5869		1005884		3467
223		5883		1010376		3510
224		5831		1014873		3480
225		5857		1019335		3474
226		5846		1023826		3493
227		5821		1028312		3462
228		5866		1032797		3474
229		5836		1037275		3496
230		5881		1041772		3488
231		5792		1046306		3480
232		5834		1050808		3480
233		5876		1055323		3515
234		5850		1059867		3495
235		5845		1064365		3495
236		5862		1068866		3490
237		5797		1073364		3491
238		5820		1077859		3504
239		5815		1082324		3458
240		5870		1086837		3497
241		5792		1091324		3495
242		5801		1095812		3489
243		5816		1100306		3492
244		5760		1104792		3487
245		5692		1109291		3455
246		5750		1113798		3439
247		5634		1118289		3452
248		5674		1122780		3465
249		5682		1127247		3436
250		5709		1131739		3512
251		5773		1136259		3451
252		5743		1140775		3512
253		5653		1145284		3479
254		5694		1149803		3492
255		5755		1154324		3521
256		5633		1158819		3497
257		5649		1163317		3518
258		5574		1167807		3492
259		5563		1172324		3473
260		5512		1176813		3475
261		5504		1181327		3447
262		5524		1185850		3513
263		5543		1190353		3487
264		5486		1194855		3497
265		5537		1199360		3451
266		5545		1203888		3485
267		5518		1208403		3495
268		5593		1212914		3484
269		5541		1217448		3441
270		5574		1221989		3516
271		5541		1226515		3484
272		5527		1231015		3459
273		5576		1235511		3512
274		5478		1240023		3503
275		5442		1244519		3478
276		5416		1249045		3477
277		5359		1253542		3485
278		5345		1258054		3445
279		5251		1262550		3472
280		5274		1267083		3464
281		5215		1271597		3486
282		5231		1276127		3458
283		5217		1280636		3480
284		5175		1285154		3462
285		5196		1289669		3475
286		5089		1294181		3483
287		5094		1298683		3452
288		5045		1303190		3472
289		5083		1307711		3506
290		5041		1312250		3469
291		5002		1316742		3467
292		4978		1321265		3506
293		4952		1325786		3501
294		4946		1330289		3484
295		4976		1334764		3498
296		5032		1339245		3507
297		5038		1343767		3485
298		5060		1348278		3482
299		5041		1352813		3505
300		5049		1357327		3486
301		5083		1361876		3475
302		5062		1366391		3497
303		4973		1370936		3471
304		4937		1375461		3516
305		4971		1379953		3480
306		4986		1384470		3481
307		5018		1389015		3468
308		5013		1393527		3491
309		4986		1398076		3482
310		5025		1402607		3480
311		4999		1407153		3473
312		5115		1411702		3472
313		5057		1416252		3482
314		4986		1420772		3492
315		5002		1425298		3470
316		4967		1429838		3482
317		4987		1434375		3489
318		5007		1438901		3482
319		5014		1443419		3472
320		4999		1447935		3471
321		4986		1452477		3450
322		4955		1457017		3464
323		4980		1461529		3453
324		4915		1466058		3441
325		4915		1470595		3461
326		4901		1475135		3425
327		4879		1479674		3462
328		4900		1484226		3475
329		4924		1488788		3480
330		4975		1493350		3452
331		4893		1497884		3494
332		4895		1502444		3494
333		4928		1506998		3474
334		4978		1511564		3479
335		4948		1516131		3502
336		4906		1520689		3476
337		4924		1525225		3491
338		4888		1529752		3460
339		4884		1534301		3468
340		4843		1538850		3470
341		4863		1543396		3504
342		4839		1547975		3511
343		4753		1552511		3505
344		4834		1557085		3545
345		4756		1561636		3502
346		4786		1566159		3494
347		4760		1570700		3514
348		4740		1575250		3522
349		4703		1579781		3477
350		4652		1584327		3504
351		4660		1588865		3482
352		4682		1593402		3493
353		4683		1597944		3496
354		4666		1602500		3478
355		4652		1607039		3484
356		4636		1611599		3474
357		4535		1616145		3509
358		4526		1620669		3481
359		4474		1625201		3483
360		4495		1629729		3493
361		4571		1634254		3476
362		4516		1638807		3491
363		4581		1643355		3480
364		4518		1647868		3485
365		4518		1652439		3479
366		4458		1656969		3484
367		4474		1661521		3512
368		4440		1666085		3519
369		4489		1670634		3485
370		4510		1675178		3513
371		4510		1679753		3487
372		4491		1684294		3503
373		4477		1688842		3556
374		4450		1693381		3498
375		4472		1697940		3524
376		4445		1702501		3506
377		4507		1707043		3510
378		4546		1711592		3540
379		4539		1716158		3482
380		4486		1720752		3511
381		4542		1725299		3513
382		4490		1729855		3481
383		4432		1734398		3498
384		4523		1738947		3493
385		4507		1743502		3495
386		4513		1748077		3518
387		4461		1752628		3509
388		4449		1757170		3473
389		4477		1761725		3525
390		4501		1766261		3492
391		4526		1770819		3509
392		4443		1775372		3545
393		4543		1779924		3521
394		4563		1784501		3512
395		4576		1789066		3517
396		4572		1793644		3554
397		4600		1798203		3495
398		4594		1802786		3527
399		4650		1807367		3531
400		4632		1811936		3547
401		4612		1816492		3531
402		4605		1821045		3494
403		4548		1825626		3524
404		4584		1830183		3521
405		4562		1834744		3521
406		4547		1839291		3535
407		4544		1843843		3510
408		4595		1848397		3470
409		4618		1852967		3491
410		4542		1857534		3503
411		4564		1862082		3530
412		4522		1866662		3515
413		4560		1871182		3535
414		4531		1875747		3501
415		4496		1880291		3497
416		4549		1884855		3498
417		4484		1889409		3499
418		4547		1893967		3452
419		4578		1898541		3506
420		4545		1903108		3533
421		4478		1907675		3503
422		4519		1912253		3509
423		4535		1916803		3510
424		4554		1921389		3508
425		4436		1925967		3526
426		4462		1930545		3522
427		4431		1935108		3506
428		4430		1939700		3506
429		4385		1944264		3500
430		4422		1948839		3489
431		4427		1953409		3534
432		4418		1957991		3494
433		4367		1962572		3508
434		4410		1967129		3505
435		4376		1971720		3518
436		4426		1976323		3478
437		4377		1980900		3498
438		4392		1985476		3492
439		4391		1990054		3490
440		4405		1994640		3460
441		4361		1999236		3473
442		4303		2003830		3462
443		4317		2008397		3483
444		4301		2012987		3485
445		4232		2017575		3502
446		4195		2022158		3503
447		4210		2026728		3527
448		4235		2031305		3478
449		4133		2035881		3466
450		4156		2040458		3479
451		4180		2045050		3506
452		4197		2049653		3498
453		4186		2054212		3557
454		4210		2058787		3511
455		4146		2063357		3498
456		4137		2067936		3516
457		4134		2072497		3499
458		4150		2077062		3498
459		4206		2081636		3537
460		4181		2086227		3502
461		4173		2090816		3506
462		4127		2095392		3481
463		4084		2099963		3517
464		4079		2104536		3541
465		4078		2109099		3476
466		4170		2113678		3481
467		4208		2118261		3501
468		4190		2122835		3480
469		4196		2127434		3506
470		4168		2132012		3545
471		4155		2136589		3507
472		4250		2141202		3510
473		4212		2145808		3538
474		4219		2150386		3526
475		4130		2154950		3527
476		4150		2159529		3506
477		4157		2164106		3519
478		4107		2168678		3501
479		4147		2173255		3481
480		4201		2177839		3513
481		4155		2182418		3499
482		4075		2186997		3502
483		4124		2191559		3532
484		4094		2196122		3508
485		4063		2200700		3492
486		4037		2205255		3496
487		4102		2209835		3521
488		4090		2214428		3498
489		4074		2219002		3500
490		4027		2223564		3508
491		4023		2228120		3520
492		4023		2232687		3508
493		4016		2237232		3507
494		4042		2241806		3557
495		4067		2246390		3490
496		4019		2250945		3525
497		4030		2255491		3527
498		3951		2260075		3529
499		3961		2264650		3550
500		4007		2269216		3552
501		4115		2273814		3529
502		4179		2278447		3507
503		4240		2283051		3456
504		4253		2287660		3508
505		4290		2292277		3509
506		4305		2296903		3501
507		4335		2301526		3493
508		4337		2306137		3488
509		4377		2310736		3482
510		4436		2315349		3504
511		4460		2319953		3508
512		4486		2324572		3503
513		4477		2329179		3502
514		4515		2333783		3498
515		4517		2338400		3511
516		4491		2343013		3495
517		4573		2347617		3476
518		4632		2352257		3496
519		4632		2356890		3497
520		4616		2361479		3492
521		4591		2366080		3514
522		4585		2370692		3511
523		4628		2375296		3532
524		4671		2379911		3509
525		4711		2384531		3483
526		4734		2389143		3492
527		4733		2393747		3508
528		4710		2398366		3524
529		4763		2402963		3539
530		4726		2407597		3519
531		4695		2412198		3520
532		4660		2416796		3528
533		4701		2421407		3497
534		4746		2425999		3524
535		4785		2430625		3507
536		4760		2435255		3500
537		4753		2439877		3530
538		4709		2444481		3504
539		4717		2449087		3484
540		4679		2453697		3500
541		4732		2458312		3512
542		4744		2462913		3491
543		4729		2467527		3529
544		4775		2472154		3487
545		4797		2476776		3519
546		4772		2481401		3496
547		4819		2486024		3530
548		4796		2490636		3481
549		4819		2495249		3501
550		4845		2499869		3504
551		4720		2504497		3475
552		4713		2509129		3465
553		4761		2513729		3479
554		4771		2518346		3501
555		4740		2522964		3504
556		4780		2527573		3495
557		4720		2532188		3497
558		4681		2536819		3551
559		4709		2541412		3526
560		4774		2546013		3480
561		4727		2550628		3478
562		4764		2555251		3464
563		4708		2559873		3486
564		4751		2564496		3504
565		4736		2569109		3509
566		4817		2573703		3474
567		4796		2578318		3483
568		4782		2582898		3503
569		4814		2587500		3525
570		4734		2592104		3519
571		4781		2596722		3535
572		4709		2601323		3510
573		4721		2605937		3542
574		4676		2610545		3501
575		4699		2615158		3523
576		4723		2619761		3466
577		4744		2624378		3489
578		4744		2629002		3520
579		4709		2633612		3529
580		4690		2638201		3534
581		4681		2642801		3497
582		4715		2647422		3517
583		4690		2652016		3533
584		4705		2656599		3506
585		4740		2661181		3541
586		4736		2665781		3522
587		4711		2670388		3510
588		4715		2674990		3527
589		4730		2679611		3512
590		4694		2684231		3485
591		4717		2688843		3540
592		4737		2693455		3515
593		4655		2698067		3516
594		4610		2702685		3542
595		4660		2707278		3517
596		4666		2711895		3482
597		4663		2716503		3531
598		4720		2721120		3474
599		4751		2725749		3528
600		4662		2730356		3514
601		4672		2734956		3520
602		4646		2739554		3490
603		4577		2744139		3513
604		4627		2748716		3504
605		4625		2753321		3501
606		4642		2757921		3512
607		4673		2762539		3500
608		4667		2767147		3512
609		4630		2771770		3507
610		4647		2776381		3527
611		4571		2780980		3498
612		4580		2785589		3480
613		4540		2790195		3488
614		4600		2794813		3512
615		4603		2799416		3480
616		4592		2803987		3506
617		4592		2808584		3493
618		4542		2813175		3494
619		4538		2817789		3470
620		4550		2822401		3498
621		4539		2827017		3517
622		4537		2831623		3483
623		4608		2836217		3530
624		4585		2840828		3511
625		4571		2845433		3549
626		4602		2850062		3528
627		4563		2854653		3471
628		4572		2859255		3491
629		4484		2863844		3496
630		4456		2868450		3527
631		4491		2873057		3508
632		4504		2877669		3542
633		4470		2882258		3523
634		4425		2886870		3528
635		4444		2891472		3500
636		4471		2896059		3504
637		4466		2900643		3507
638		4436		2905238		3506
639		4451		2909841		3485
640		4457		2914447		3506
641		4456		2919048		3505
642		4452		2923653		3497
643		4425		2928264		3522
644		4482		2932851		3493
645		4434		2937449		3533
646		4420		2942038		3520
647		4420		2946616		3505
648		4411		2951217		3497
649		4341		2955810		3517
650		4311		2960411		3524
651		4346		2965003		3517
652		4299		2969625		3503
653		4328		2974202		3484
654		4349		2978802		3506
655		4326		2983409		3494
656		4257		2987998		3507
657		4270		2992611		3478
658		4287		2997197		3475
659		4325		3001801		3496
660		4326		3006399		3518
661		4354		3010996		3485
662		4282		3015609		3530
663		4263		3020220		3517
664		4247		3024833		3494
665		4230		3029426		3497
666		4248		3034023		3476
667		4298		3038646		3513
668		4275		3043263		3481
669		4279		3047840		3477
670		4298		3052452		3508
671		4273		3057081		3503
672		4276		3061701		3511
673		4332		3066299		3568
674		4361		3070903		3538
675		4357		3075514		3537
676		4360		3080117		3517
677		4398		3084714		3503
678		4367		3089324		3515
679		4334		3093921		3484
680		4298		3098529		3540
681		4280		3103141		3531
682		4314		3107744		3496
683		4269		3112357		3533
684		4290		3116953		3513
685		4301		3121564		3547
686		4315		3126169		3514
687		4312		3130774		3492
688		4308		3135379		3484
689		4315		3139998		3537
690		4343		3144595		3504
691		4392		3149195		3488
692		4286		3153807		3499
693		4336		3158405		3476
694		4293		3162998		3494
695		4339		3167607		3498
696		4284		3172204		3507
697		4269		3176804		3491
698		4268		3181400		3492
699		4237		3186009		3488
700		4164		3190597		3508
701		4192		3195178		3521
702		4181		3199762		3514
703		4173		3204353		3520
704		4189		3208959		3450
705		4195		3213554		3501
706		4141		3218128		3514
707		4172		3222702		3509
708		4182		3227300		3506
709		4152		3231922		3518
710		4100		3236522		3494
711		4203		3241125		3486
712		4133		3245739		3487
713		4169		3250345		3482
714		4200		3254959		3498
715		4111		3259577		3523
716		4130		3264181		3514
717		4085		3268788		3499
718		4052		3273385		3498
719		4058		3278000		3498
720		4032		3282607		3490
721		4046		3287217		3506
722		4098		3291823		3514
723		4075		3296431		3515
724		4060		3301016		3486
725		4011		3305619		3518
726		4043		3310220		3543
727		4021		3314810		3525
728		3980		3319414		3514
729		3974		3324025		3508
730		4000		3328630		3541
731		3996		3333229		3488
732		4022		3337847		3530
733		3947		3342440		3510
734		3960		3347044		3483
735		4014		3351647		3459
736		4020		3356254		3517
737		4040		3360847		3522
738		4034		3365441		3529
739		4025		3370052		3511
740		3996		3374637		3505
741		4010		3379240		3498
742		4000		3383850		3548
743		4024		3388446		3501
744		3966		3393048		3541
745		3963		3397675		3531
746		3953		3402290		3508
747		3955		3406888		3498
748		3919		3411487		3555
749		3971		3416096		3544
750		3904		3420704		3544
751		3913		3425288		3500
752		3832		3429883		3511
753		3856		3434471		3518
754		3850		3439078		3485
755		3837		3443689		3517
756		3782		3448276		3518
757		3767		3452875		3509
758		3763		3457471		3519
759		3760		3462061		3521
760		3728		3466665		3486
761		3852		3471275		3500
762		3843		3475865		3500
763		3870		3480460		3497
764		3772		3485072		3498
765		3780		3489669		3537
766		3780		3494266		3508
767		3797		3498850		3515
768		3827		3503455		3507
769		3857		3508063		3515
770		3848		3512660		3480
771		3856		3517270		3532
772		3844		3521888		3526
773		3898		3526505		3509
774		3906		3531123		3520
775		3808		3535742		3483
776		3771		3540335		3506
777		3789		3544937		3508
778		3771		3549543		3513
779		3748		3554140		3461
780		3766		3558738		3522
781		3732		3563352		3487
782		3706		3567951		3502
783		3796		3572569		3505
784		3795		3577203		3502
785		3779		3581810		3455
786		3754		3586428		3484
787		3724		3591034		3488
788		3733		3595653		3506
789		3705		3600274		3478
790		3692		3604875		3493
791		3677		3609480		3505
792		3629		3614089		3487
793		3699		3618692		3479
794		3680		3623303		3528
795		3675		3627909		3501
796		3688		3632526		3488
797		3671		3637116		3499
798		3664		3641739		3499
799		3695		3646353		3507
800		3700		3650974		3537
801		3674		3655565		3525
802		3677		3660175		3531
803		3684		3664771		3539
804		3670		3669382		3527
805		3703		3674016		3548
806		3626		3678619		3540
807		3630		3683230		3523
808		3652		3687831		3510
809		3658		3692433		3516
810		3666		3697045		3507
811		3675		3701668		3504
812		3692		3706273		3514
813		3678		3710873		3525
814		3684		3715500		3498
815		3722		3720113		3504
816		3692		3724706		3495
817		3676		3729328		3478
818		3661		3733946		3533
819		3648		3738563		3534
820		3660		3743176		3536
821		3574		3747768		3525
822		3633		3752380		3520
823		3667		3756992		3515
824		3631		3761597		3524
825		3668		3766223		3510
826		3624		3770851		3470
827		3662		3775463		3491
828		3611		3780084		3465
829		3630		3784677		3466
830		3614		3789292		3498
831		3592		3793896		3509
832		3571		3798516		3526
833		3606		3803121		3496
834		3571		3807734		3536
835		3584		3812349		3528
836		3612		3816974		3510
837		3608		3821606		3528
838		3585		3826197		3524
839		3559		3830819		3521
840		3510		3835428		3510
841		3542		3840038		3531
842		3550		3844653		3512
843		3551		3849264		3519
844		3567		3853889		3506
845		3576		3858495		3504
846		3572		3863110		3488
847		3509		3867740		3521
848		3463		3872353		3541
849		3529		3876969		3509
850		3494		3881588		3482
851		3520		3886214		3508
852		3517		3890826		3487
853		3426		3895432		3521
854		3443		3900029		3517
855		3459		3904639		3514
856		3546		3909250		3485
857		3500		3913860		3490
858		3511		3918459		3528
859		3446		3923065		3520
860		3433		3927684		3498
861		3489		3932283		3500
862		3480		3936870		3519
863		3474		3941472		3518
864		3503		3946074		3499
865		3533		3950681		3489
866		3544		3955328		3522
867		3515		3959946		3493
868		3525		3964562		3495
869		3523		3969166		3511
870		3550		3973785		3485
871		3586		3978400		3515
872		3572		3982998		3528
873		3604		3987628		3496
874		3601		3992256		3486
875		3594		3996863		3514
876		3572		4001465		3509
877		3513		4006081		3518
878		3537		4010674		3507
879		3513		4015283		3508
880		3519		4019885		3503
881		3570		4024512		3537
882		3589		4029138		3515
883		3600		4033751		3502
884		3537		4038383		3523
885		3548		4042993		3492
886		3552		4047612		3497
887		3604		4052227		3492
888		3549		4056823		3493
889		3539		4061415		3482
890		3518		4066019		3496
891		3527		4070623		3480
892		3566		4075245		3484
893		3593		4079851		3502
894		3542		4084463		3499
895		3570		4089067		3485
896		3577		4093690		3496
897		3549		4098297		3459
898		3563		4102912		3518
899		3545		4107531		3522
900		3512		4112145		3525
901		3522		4116753		3506
902		3490		4121367		3535
903		3477		4125955		3490
904		3492		4130562		3536
905		3460		4135171		3545
906		3485		4139797		3517
907		3449		4144404		3516
908		3515		4149008		3541
909		3533		4153607		3515
910		3534		4158244		3512
911		3569		4162871		3493
912		3467		4167482		3494
913		3449		4172105		3485
914		3481		4176723		3523
915		3452		4181337		3506
916		3503		4185964		3531
917		3455		4190554		3500
918		3488		4195154		3528
919		3539		4199767		3531
920		3544		4204383		3541
921		3497		4209005		3521
922		3478		4213607		3526
923		3503		4218224		3533
924		3499		4222852		3509
925		3467		4227460		3511
926		3439		4232077		3500
927		3410		4236674		3534
928		3429		4241287		3514
929		3474		4245916		3514
930		3477		4250526		3510
931		3464		4255142		3500
932		3480		4259761		3513
933		3489		4264366		3499
934		3470		4269006		3512
935		3437		4273636		3497
936		3430		4278251		3503
937		3431		4282865		3518
938		3487		4287488		3493
939		3477		4292109		3501
940		3494		4296724		3510
941		3492		4301364		3492
942		3502		4305968		3534
943		3527		4310602		3513
944		3526		4315223		3533
945		3508		4319859		3501
946		3513		4324478		3489
947		3480		4329093		3524
948		3520		4333715		3503
949		3559		4338338		3507
950		3530		4342967		3504
951		3554		4347590		3500
952		3526		4352214		3533
953		3445		4356822		3525
954		3471		4361441		3515
955		3497		4366058		3529
956		3466		4370665		3499
957		3479		4375285		3510
958		3451		4379916		3513
959		3431		4384531		3490
960		3481		4389130		3493
961		3471		4393745		3483
962		3466		4398373		3504
963		3466		4402998		3528
964		3433		4407610		3508
965		3473		4412247		3530
966		3507		4416872		3529
967		3499		4421502		3499
968		3506		4426119		3518
969		3503		4430747		3466
970		3497		4435385		3504
971		3505		4439994		3497
972		3532		4444618		3541
973		3511		4449264		3535
974		3494		4453894		3532
975		3467		4458517		3499
976		3455		4463120		3522
977		3420		4467747		3525
978		3446		4472366		3541
979		3433		4476988		3495
980		3472		4481604		3537
981		3462		4486243		3503
982		3429		4490861		3538
983		3427		4495479		3502
984		3413		4500087		3488
985		3406		4504706		3485
986		3427		4509337		3499
987		3383		4513953		3514
988		3374		4518565		3511
989		3386		4523189		3484
990		3363		4527805		3542
991		3391		4532426		3493
992		3385		4537066		3535
993		3398		4541686		3503
994		3369		4546305		3529
995		3385		4550927		3514
996		3349		4555548		3532
997		3340		4560178		3487
998		3364		4564794		3514
999		3333		4569427		3513
