# Migration is number of nodes that have changed color.

Round		Edge-Cut		Swaps		Migrations		Skipped
0		10145		4649		3243
1		9930		9271		3271
2		9774		13886		3356
3		9863		18488		3440
4		9814		23090		3425
5		9724		27690		3472
6		9725		32294		3467
7		9559		36884		3468
8		9537		41453		3498
9		9505		46014		3489
10		9485		50603		3500
11		9390		55183		3481
12		9437		59751		3461
13		9377		64312		3501
14		9386		68877		3515
15		9432		73467		3509
16		9402		78047		3451
17		9404		82615		3524
18		9350		87169		3504
19		9339		91747		3509
20		9274		96319		3509
21		9251		100877		3506
22		9272		105450		3521
23		9227		110015		3459
24		9338		114583		3477
25		9341		119147		3547
26		9304		123709		3517
27		9334		128276		3503
28		9278		132821		3472
29		9248		137403		3496
30		9227		141950		3522
31		9180		146499		3513
32		9138		151031		3520
33		9288		155589		3547
34		9232		160160		3520
35		9147		164704		3521
36		9226		169240		3507
37		9174		173792		3535
38		9144		178325		3526
39		9249		182877		3552
40		9265		187435		3522
41		9096		191990		3522
42		9130		196545		3513
43		9101		201101		3568
44		9064		205662		3550
45		9054		210202		3499
46		9121		214740		3498
47		8976		219284		3508
48		8956		223819		3540
49		9041		228332		3560
50		8909		232898		3542
51		8954		237427		3541
52		9013		241932		3490
53		8959		246451		3525
54		8930		250971		3584
55		8949		255492		3539
56		8929		260013		3515
57		8971		264524		3464
58		8980		269046		3532
59		8895		273556		3541
60		8791		278081		3574
61		8876		282596		3575
62		8912		287136		3534
63		8806		291663		3498
64		8869		296209		3536
65		8819		300752		3535
66		8746		305265		3509
67		8717		309763		3503
68		8701		314304		3495
69		8675		318808		3474
70		8770		323329		3515
71		8695		327837		3484
72		8542		332362		3489
73		8618		336849		3522
74		8657		341363		3532
75		8573		345873		3491
76		8533		350362		3559
77		8542		354851		3559
78		8580		359379		3528
79		8549		363886		3505
80		8583		368376		3525
81		8454		372908		3500
82		8378		377440		3451
83		8493		381907		3513
84		8534		386406		3518
85		8415		390905		3521
86		8342		395413		3506
87		8339		399925		3541
88		8250		404398		3496
89		8432		408872		3510
90		8436		413365		3526
91		8414		417905		3479
92		8460		422433		3527
93		8251		426949		3482
94		8252		431439		3519
95		8248		435945		3537
96		8302		440429		3503
97		8272		444898		3473
98		8236		449428		3478
99		8246		453927		3488
100		8269		458403		3468
101		8278		462913		3478
102		8204		467414		3469
103		8328		471923		3504
104		8335		476434		3460
105		8293		480944		3463
106		8163		485434		3438
107		8182		489939		3412
108		8149		494419		3449
109		8087		498885		3474
110		8078		503363		3497
111		8111		507846		3453
112		8061		512350		3482
113		8065		516859		3511
114		7952		521346		3448
115		7928		525846		3547
116		7903		530323		3496
117		7838		534810		3488
118		7865		539286		3445
119		7828		543773		3514
120		7793		548226		3506
121		7756		552681		3485
122		7730		557123		3495
123		7757		561588		3453
124		7816		566072		3428
125		7935		570560		3496
126		7821		575082		3480
127		7719		579557		3452
128		7707		584045		3480
129		7785		588536		3491
130		7752		593004		3524
131		7724		597485		3500
132		7686		601981		3522
133		7671		606448		3423
134		7754		610937		3508
135		7644		615439		3498
136		7622		619929		3519
137		7569		624441		3542
138		7599		628948		3484
139		7577		633442		3465
140		7513		637928		3509
141		7415		642427		3491
142		7473		646900		3514
143		7443		651389		3493
144		7337		655872		3500
145		7380		660354		3512
146		7489		664827		3478
147		7401		669301		3527
148		7487		673810		3481
149		7451		678295		3501
150		7423		682784		3517
151		7385		687290		3449
152		7372		691786		3479
153		7332		696276		3472
154		7236		700831		3475
155		7199		705307		3492
156		7177		709777		3446
157		7174		714278		3481
158		7161		718739		3479
159		7226		723217		3485
160		7242		727741		3479
161		7145		732239		3502
162		7087		736714		3499
163		7037		741175		3496
164		7028		745655		3497
165		7052		750114		3485
166		6958		754596		3501
167		6896		759070		3488
168		6910		763537		3509
169		6859		767990		3519
170		6906		772479		3450
171		6840		776949		3512
172		6884		781429		3452
173		6881		785946		3465
174		6835		790431		3470
175		6848		794934		3470
176		6845		799437		3520
177		6844		803924		3471
178		6857		808437		3464
179		6736		812906		3512
180		6819		817406		3485
181		6692		821871		3499
182		6687		826355		3497
183		6727		830837		3511
184		6731		835317		3481
185		6629		839805		3491
186		6691		844271		3446
187		6719		848772		3468
188		6737		853266		3491
189		6692		857762		3493
190		6713		862260		3514
191		6719		866777		3510
192		6672		871265		3498
193		6717		875775		3499
194		6668		880280		3474
195		6657		884805		3472
196		6649		889328		3547
197		6587		893830		3463
198		6517		898343		3495
199		6480		902831		3446
200		6449		907317		3497
201		6507		911827		3479
202		6437		916330		3475
203		6375		920861		3493
204		6373		925360		3503
205		6329		929833		3457
206		6302		934323		3446
207		6290		938802		3504
208		6316		943279		3470
209		6312		947748		3474
210		6348		952251		3460
211		6310		956758		3504
212		6354		961263		3445
213		6334		965777		3474
214		6193		970228		3510
215		6210		974703		3513
216		6150		979220		3507
217		6121		983732		3478
218		6089		988221		3500
219		6068		992711		3502
220		6066		997199		3508
221		6097		1001698		3495
222		6069		1006181		3511
223		6095		1010676		3475
224		6017		1015191		3441
225		6027		1019711		3507
226		5985		1024209		3494
227		6008		1028706		3471
228		6011		1033201		3463
229		5932		1037667		3451
230		5949		1042177		3482
231		5959		1046707		3477
232		5912		1051223		3489
233		5850		1055749		3430
234		5834		1060275		3492
235		5840		1064804		3509
236		5739		1069333		3500
237		5796		1073859		3533
238		5833		1078409		3467
239		5745		1082927		3500
240		5787		1087447		3495
241		5723		1091956		3496
242		5744		1096467		3508
243		5754		1100969		3515
244		5768		1105502		3493
245		5666		1110040		3498
246		5678		1114558		3476
247		5706		1119087		3479
248		5731		1123621		3484
249		5695		1128132		3504
250		5656		1132656		3468
251		5595		1137162		3486
252		5663		1141668		3487
253		5621		1146191		3464
254		5658		1150704		3471
255		5650		1155244		3458
256		5569		1159755		3486
257		5552		1164246		3479
258		5536		1168758		3439
259		5541		1173280		3485
260		5607		1177815		3466
261		5515		1182345		3470
262		5491		1186880		3485
263		5454		1191407		3463
264		5465		1195925		3483
265		5425		1200451		3473
266		5391		1204969		3478
267		5361		1209496		3467
268		5387		1214033		3475
269		5305		1218580		3481
270		5327		1223100		3447
271		5260		1227653		3457
272		5231		1232187		3525
273		5193		1236701		3474
274		5132		1241216		3461
275		5195		1245735		3497
276		5196		1250258		3488
277		5235		1254796		3498
278		5194		1259335		3455
279		5179		1263893		3448
280		5165		1268421		3482
281		5209		1272931		3493
282		5201		1277472		3482
283		5223		1282023		3482
284		5173		1286582		3490
285		5168		1291106		3494
286		5137		1295600		3462
287		5117		1300120		3512
288		5077		1304634		3475
289		5175		1309155		3494
290		5205		1313669		3514
291		5203		1318220		3503
292		5192		1322742		3483
293		5232		1327254		3475
294		5250		1331796		3452
295		5241		1336363		3508
296		5289		1340930		3479
297		5232		1345469		3456
298		5194		1349976		3475
299		5195		1354524		3495
300		5213		1359040		3498
301		5190		1363560		3489
302		5170		1368098		3493
303		5153		1372621		3517
304		5129		1377162		3489
305		5073		1381702		3505
306		5048		1386222		3508
307		5076		1390751		3529
308		5058		1395300		3520
309		5036		1399834		3496
310		5050		1404373		3487
311		5107		1408953		3511
312		4962		1413507		3533
313		4984		1418030		3528
314		5000		1422575		3535
315		5001		1427117		3504
316		5005		1431655		3500
317		4984		1436196		3478
318		5060		1440763		3486
319		4964		1445299		3485
320		4956		1449851		3494
321		4915		1454416		3465
322		4964		1458964		3469
323		4922		1463493		3499
324		4897		1468026		3509
325		4917		1472566		3514
326		4962		1477093		3524
327		4846		1481655		3505
328		4809		1486207		3521
329		4810		1490751		3501
330		4831		1495275		3468
331		4782		1499833		3492
332		4765		1504373		3457
333		4698		1508925		3504
334		4755		1513476		3493
335		4665		1518018		3488
336		4733		1522555		3489
337		4684		1527092		3483
338		4729		1531613		3475
339		4772		1536148		3492
340		4810		1540678		3506
341		4797		1545215		3504
342		4817		1549799		3516
343		4818		1554349		3528
344		4814		1558911		3524
345		4776		1563491		3502
346		4742		1568039		3544
347		4682		1572585		3508
348		4738		1577148		3488
349		4695		1581689		3481
350		4703		1586234		3512
351		4667		1590790		3486
352		4651		1595341		3496
353		4637		1599867		3481
354		4675		1604432		3526
355		4623		1608997		3522
356		4689		1613571		3497
357		4667		1618103		3463
358		4674		1622659		3494
359		4641		1627222		3508
360		4599		1631793		3537
361		4623		1636348		3493
362		4573		1640899		3514
363		4608		1645434		3469
364		4584		1649982		3498
365		4603		1654536		3468
366		4612		1659097		3490
367		4631		1663676		3516
368		4663		1668260		3474
369		4628		1672837		3453
370		4556		1677407		3466
371		4499		1681992		3484
372		4519		1686552		3485
373		4502		1691103		3532
374		4505		1695640		3506
375		4544		1700197		3493
376		4587		1704735		3501
377		4494		1709320		3526
378		4482		1713873		3525
379		4502		1718410		3515
380		4524		1722972		3508
381		4492		1727535		3530
382		4520		1732096		3506
383		4480		1736661		3536
384		4457		1741204		3532
385		4454		1745770		3518
386		4456		1750346		3560
387		4476		1754910		3516
388		4524		1759454		3506
389		4459		1764018		3520
390		4454		1768577		3497
391		4433		1773123		3527
392		4444		1777694		3526
393		4416		1782253		3482
394		4354		1786796		3515
395		4372		1791363		3534
396		4376		1795898		3546
397		4422		1800432		3506
398		4431		1804974		3540
399		4462		1809523		3514
400		4466		1814093		3498
401		4434		1818652		3475
402		4441		1823236		3461
403		4400		1827804		3493
404		4406		1832343		3493
405		4413		1836927		3498
406		4271		1841497		3498
407		4301		1846044		3486
408		4236		1850600		3488
409		4248		1855140		3489
410		4264		1859674		3515
411		4289		1864194		3503
412		4400		1868758		3492
413		4307		1873314		3490
414		4341		1877862		3504
415		4330		1882394		3478
416		4383		1886956		3502
417		4380		1891498		3492
418		4332		1896089		3497
419		4296		1900622		3493
420		4215		1905178		3539
421		4245		1909721		3530
422		4232		1914273		3548
423		4216		1918808		3502
424		4233		1923357		3533
425		4240		1927903		3530
426		4259		1932446		3527
427		4360		1937006		3533
428		4374		1941585		3525
429		4314		1946155		3527
430		4316		1950718		3513
431		4411		1955269		3514
432		4388		1959830		3509
433		4375		1964416		3527
434		4293		1968973		3507
435		4345		1973541		3510
436		4318		1978100		3498
437		4354		1982686		3502
438		4303		1987250		3513
439		4364		1991837		3481
440		4319		1996410		3475
441		4345		2000982		3537
442		4316		2005549		3511
443		4317		2010136		3495
444		4393		2014715		3518
445		4360		2019279		3497
446		4366		2023864		3428
447		4342		2028439		3467
448		4404		2033012		3497
449		4378		2037595		3502
450		4364		2042166		3493
451		4394		2046754		3490
452		4349		2051301		3486
453		4278		2055866		3513
454		4251		2060423		3513
455		4264		2064977		3484
456		4285		2069541		3502
457		4267		2074123		3518
458		4247		2078686		3518
459		4241		2083248		3517
460		4297		2087808		3499
461		4321		2092387		3487
462		4293		2096982		3507
463		4231		2101549		3497
464		4258		2106097		3465
465		4300		2110664		3519
466		4349		2115234		3475
467		4335		2119798		3506
468		4266		2124366		3443
469		4237		2128923		3513
470		4273		2133511		3506
471		4181		2138077		3501
472		4210		2142644		3526
473		4165		2147192		3472
474		4146		2151742		3492
475		4150		2156303		3499
476		4181		2160866		3485
477		4164		2165415		3493
478		4166		2169993		3484
479		4151		2174578		3470
480		4153		2179141		3495
481		4140		2183698		3531
482		4128		2188255		3481
483		4161		2192830		3545
484		4174		2197392		3498
485		4199		2201955		3520
486		4215		2206524		3511
487		4153		2211094		3515
488		4137		2215658		3496
489		4208		2220228		3501
490		4197		2224792		3504
491		4191		2229354		3514
492		4162		2233922		3476
493		4143		2238490		3490
494		4151		2243083		3504
495		4078		2247643		3502
496		4064		2252221		3489
497		4053		2256776		3488
498		4084		2261331		3529
499		4063		2265902		3496
500		4109		2270500		3494
501		4236		2275116		3498
502		4275		2279743		3476
503		4321		2284349		3477
504		4406		2288970		3496
505		4484		2293602		3518
506		4444		2298235		3510
507		4436		2302866		3492
508		4430		2307502		3477
509		4441		2312136		3510
510		4492		2316772		3479
511		4551		2321407		3473
512		4513		2326046		3464
513		4535		2330674		3454
514		4501		2335284		3480
515		4542		2339917		3514
516		4572		2344530		3470
517		4588		2349149		3481
518		4632		2353764		3499
519		4640		2358377		3481
520		4632		2363008		3483
521		4612		2367624		3509
522		4608		2372240		3500
523		4690		2376843		3525
524		4684		2381445		3506
525		4751		2386045		3500
526		4675		2390656		3460
527		4747		2395287		3482
528		4727		2399903		3469
529		4751		2404515		3467
530		4779		2409120		3502
531		4812		2413745		3485
532		4832		2418370		3479
533		4788		2422966		3505
534		4855		2427569		3512
535		4902		2432183		3475
536		4863		2436805		3505
537		4879		2441408		3521
538		4954		2446021		3491
539		4941		2450648		3475
540		4928		2455275		3510
541		4987		2459897		3487
542		4901		2464507		3456
543		4844		2469115		3514
544		4881		2473723		3506
545		4906		2478341		3470
546		4912		2482939		3472
547		4939		2487535		3520
548		5000		2492126		3506
549		4983		2496748		3491
550		5066		2501374		3496
551		4969		2505990		3487
552		5021		2510601		3472
553		4911		2515189		3488
554		4953		2519788		3444
555		4927		2524407		3495
556		4885		2529011		3504
557		4863		2533625		3497
558		4942		2538255		3464
559		4875		2542875		3493
560		4789		2547488		3508
561		4766		2552079		3504
562		4776		2556713		3515
563		4842		2561300		3468
564		4822		2565915		3505
565		4750		2570522		3515
566		4771		2575108		3462
567		4796		2579697		3485
568		4766		2584295		3445
569		4778		2588890		3476
570		4778		2593505		3524
571		4758		2598105		3516
572		4756		2602709		3550
573		4761		2607316		3511
574		4730		2611912		3502
575		4742		2616522		3498
576		4777		2621135		3500
577		4906		2625750		3490
578		4838		2630358		3483
579		4824		2634964		3518
580		4766		2639549		3535
581		4795		2644140		3526
582		4802		2648742		3478
583		4863		2653344		3517
584		4839		2657939		3503
585		4746		2662541		3476
586		4759		2667140		3501
587		4724		2671713		3496
588		4769		2676290		3513
589		4782		2680881		3471
590		4783		2685481		3484
591		4763		2690074		3510
592		4826		2694678		3495
593		4852		2699278		3533
594		4811		2703888		3490
595		4794		2708490		3516
596		4811		2713089		3483
597		4767		2717692		3487
598		4755		2722291		3495
599		4747		2726864		3483
600		4739		2731458		3498
601		4722		2736065		3515
602		4757		2740651		3521
603		4772		2745264		3491
604		4743		2749864		3496
605		4710		2754459		3451
606		4676		2759055		3486
607		4656		2763635		3490
608		4611		2768215		3481
609		4666		2772796		3496
610		4636		2777375		3508
611		4697		2781963		3539
612		4726		2786570		3469
613		4763		2791171		3475
614		4766		2795766		3539
615		4688		2800365		3514
616		4719		2804957		3534
617		4727		2809562		3523
618		4723		2814155		3512
619		4766		2818756		3484
620		4731		2823349		3518
621		4740		2827932		3496
622		4758		2832508		3533
623		4769		2837135		3495
624		4774		2841734		3532
625		4802		2846322		3492
626		4756		2850921		3525
627		4724		2855519		3491
628		4664		2860122		3485
629		4653		2864691		3483
630		4648		2869262		3502
631		4553		2873848		3504
632		4626		2878417		3522
633		4600		2883012		3522
634		4632		2887605		3521
635		4597		2892201		3537
636		4626		2896780		3527
637		4574		2901363		3517
638		4578		2905968		3517
639		4567		2910537		3542
640		4562		2915098		3532
641		4580		2919705		3534
642		4565		2924276		3520
643		4611		2928856		3501
644		4581		2933460		3514
645		4578		2938051		3512
646		4604		2942640		3524
647		4634		2947226		3492
648		4563		2951814		3510
649		4556		2956391		3506
650		4590		2960964		3484
651		4518		2965575		3496
652		4503		2970156		3516
653		4495		2974739		3485
654		4476		2979315		3549
655		4553		2983900		3542
656		4536		2988497		3540
657		4512		2993095		3534
658		4494		2997684		3523
659		4514		3002307		3513
660		4479		3006887		3465
661		4392		3011477		3489
662		4389		3016056		3528
663		4439		3020646		3461
664		4358		3025246		3508
665		4305		3029838		3480
666		4333		3034441		3486
667		4358		3039057		3496
668		4409		3043631		3497
669		4387		3048211		3520
670		4396		3052806		3516
671		4311		3057393		3552
672		4339		3061979		3505
673		4353		3066566		3510
674		4392		3071176		3547
675		4363		3075779		3525
676		4359		3080369		3526
677		4353		3084956		3549
678		4331		3089551		3538
679		4380		3094146		3501
680		4351		3098737		3524
681		4343		3103312		3517
682		4300		3107896		3520
683		4331		3112487		3493
684		4333		3117084		3491
685		4290		3121685		3530
686		4242		3126271		3554
687		4285		3130857		3504
688		4331		3135455		3525
689		4358		3140052		3531
690		4383		3144667		3533
691		4268		3149277		3508
692		4234		3153849		3508
693		4147		3158443		3512
694		4241		3163043		3497
695		4231		3167634		3509
696		4241		3172234		3514
697		4242		3176842		3498
698		4296		3181437		3491
699		4194		3186019		3516
700		4237		3190614		3475
701		4223		3195197		3530
702		4191		3199772		3483
703		4168		3204355		3500
704		4191		3208961		3482
705		4232		3213561		3510
706		4233		3218140		3505
707		4153		3222737		3485
708		4107		3227332		3482
709		4082		3231910		3489
710		4149		3236476		3522
711		4076		3241075		3516
712		4041		3245664		3515
713		4001		3250228		3486
714		4028		3254781		3484
715		4087		3259364		3503
716		4106		3263966		3518
717		4101		3268570		3499
718		4051		3273170		3534
719		4051		3277771		3492
720		4093		3282362		3507
721		4089		3286949		3473
722		4088		3291553		3507
723		4063		3296146		3500
724		4060		3300752		3510
725		4145		3305362		3498
726		4093		3309973		3530
727		4115		3314578		3531
728		4070		3319178		3526
729		4060		3323793		3539
730		4033		3328406		3516
731		4051		3333010		3504
732		4075		3337639		3516
733		4062		3342262		3538
734		4061		3346879		3543
735		4010		3351475		3524
736		3971		3356060		3524
737		4043		3360673		3520
738		4034		3365280		3522
739		4001		3369889		3517
740		4035		3374491		3496
741		3996		3379085		3493
742		3981		3383680		3505
743		4028		3388294		3518
744		4029		3392900		3462
745		4000		3397498		3471
746		4000		3402120		3522
747		3941		3406724		3518
748		3956		3411312		3517
749		3935		3415918		3482
750		3884		3420521		3491
751		3883		3425114		3479
752		3936		3429699		3515
753		3904		3434282		3526
754		3871		3438871		3531
755		3866		3443455		3493
756		3911		3448055		3522
757		3883		3452647		3520
758		3890		3457233		3493
759		3848		3461840		3478
760		3872		3466439		3501
761		3896		3471039		3498
762		3949		3475638		3477
763		3949		3480245		3497
764		3962		3484838		3491
765		3996		3489454		3528
766		3973		3494079		3490
767		3907		3498676		3506
768		3921		3503266		3485
769		3847		3507847		3512
770		3871		3512431		3511
771		3889		3517021		3498
772		3892		3521620		3536
773		3872		3526232		3517
774		3826		3530824		3540
775		3787		3535424		3489
776		3810		3540003		3517
777		3846		3544619		3530
778		3882		3549223		3491
779		3771		3553839		3475
780		3790		3558431		3481
781		3753		3563039		3453
782		3809		3567644		3479
783		3871		3572237		3484
784		3799		3576846		3474
785		3827		3581440		3488
786		3785		3586037		3487
787		3777		3590621		3477
788		3771		3595212		3444
789		3785		3599788		3498
790		3773		3604370		3514
791		3817		3608984		3479
792		3816		3613592		3489
793		3778		3618189		3491
794		3810		3622757		3458
795		3832		3627360		3495
796		3797		3631968		3481
797		3782		3636568		3488
798		3793		3641173		3500
799		3805		3645775		3492
800		3834		3650377		3495
801		3860		3654992		3478
802		3872		3659595		3522
803		3779		3664208		3521
804		3894		3668810		3510
805		3836		3673430		3487
806		3773		3678057		3508
807		3747		3682646		3515
808		3781		3687267		3509
809		3758		3691874		3514
810		3715		3696465		3510
811		3690		3701065		3508
812		3691		3705673		3501
813		3669		3710271		3513
814		3647		3714865		3501
815		3631		3719465		3530
816		3638		3724080		3498
817		3648		3728704		3461
818		3664		3733319		3513
819		3686		3737941		3480
820		3718		3742562		3517
821		3695		3747198		3510
822		3614		3751818		3545
823		3610		3756417		3500
824		3571		3761033		3535
825		3637		3765613		3504
826		3633		3770224		3520
827		3639		3774821		3498
828		3679		3779428		3520
829		3661		3784029		3491
830		3689		3788629		3517
831		3660		3793254		3488
832		3689		3797886		3504
833		3692		3802502		3525
834		3687		3807112		3501
835		3701		3811715		3532
836		3646		3816326		3507
837		3604		3820939		3532
838		3585		3825546		3526
839		3615		3830139		3517
840		3632		3834733		3524
841		3577		3839342		3497
842		3569		3843951		3508
843		3554		3848528		3520
844		3566		3853149		3526
845		3541		3857763		3502
846		3583		3862371		3518
847		3554		3866982		3508
848		3565		3871569		3504
849		3611		3876174		3523
850		3541		3880784		3499
851		3539		3885386		3523
852		3558		3889980		3511
853		3545		3894588		3493
854		3551		3899202		3512
855		3562		3903808		3529
856		3533		3908398		3521
857		3451		3913027		3502
858		3452		3917640		3497
859		3463		3922258		3479
860		3458		3926869		3499
861		3491		3931479		3515
862		3448		3936079		3507
863		3464		3940715		3511
864		3496		3945326		3489
865		3547		3949931		3495
866		3507		3954539		3479
867		3539		3959154		3490
868		3514		3963762		3474
869		3490		3968363		3485
870		3544		3972963		3501
871		3582		3977569		3523
872		3533		3982179		3510
873		3533		3986779		3511
874		3601		3991377		3479
875		3527		3996007		3505
876		3573		4000642		3489
877		3545		4005247		3508
878		3554		4009867		3500
879		3547		4014472		3530
880		3531		4019072		3487
881		3471		4023667		3478
882		3500		4028263		3502
883		3490		4032868		3485
884		3511		4037488		3502
885		3475		4042093		3506
886		3516		4046707		3470
887		3510		4051317		3499
888		3487		4055951		3502
889		3511		4060581		3476
890		3542		4065183		3504
891		3578		4069801		3492
892		3555		4074404		3500
893		3571		4079016		3478
894		3552		4083638		3465
895		3529		4088232		3512
896		3512		4092832		3474
897		3543		4097468		3505
898		3507		4102074		3507
899		3494		4106682		3498
900		3560		4111291		3507
901		3517		4115900		3497
902		3468		4120501		3486
903		3479		4125123		3491
904		3432		4129732		3499
905		3410		4134335		3506
906		3404		4138936		3475
907		3427		4143542		3496
908		3409		4148133		3487
909		3399		4152721		3482
910		3380		4157328		3512
911		3388		4161945		3517
912		3363		4166553		3484
913		3368		4171147		3509
914		3282		4175713		3501
915		3318		4180313		3522
916		3344		4184912		3507
917		3376		4189514		3496
918		3317		4194102		3516
919		3356		4198690		3462
920		3354		4203300		3482
921		3355		4207914		3508
922		3353		4212513		3484
923		3380		4217123		3508
924		3355		4221759		3499
925		3353		4226369		3478
926		3334		4230965		3485
927		3375		4235572		3496
928		3393		4240164		3498
929		3432		4244762		3476
930		3479		4249396		3497
931		3461		4254011		3520
932		3433		4258633		3520
933		3385		4263228		3522
934		3389		4267840		3491
935		3413		4272438		3486
936		3400		4277051		3501
937		3339		4281668		3520
938		3333		4286295		3502
939		3345		4290915		3515
940		3355		4295525		3496
941		3337		4300143		3489
942		3367		4304755		3536
943		3384		4309369		3493
944		3413		4313996		3457
945		3425		4318628		3483
946		3381		4323247		3488
947		3375		4327857		3515
948		3383		4332472		3517
949		3399		4337076		3492
950		3383		4341698		3517
951		3422		4346319		3507
952		3418		4350927		3514
953		3421		4355537		3504
954		3408		4360128		3524
955		3435		4364731		3517
956		3419		4369343		3480
957		3417		4373964		3500
958		3430		4378580		3520
959		3416		4383187		3499
960		3394		4387783		3498
961		3382		4392395		3510
962		3407		4397011		3521
963		3390		4401622		3491
964		3364		4406233		3516
965		3395		4410847		3507
966		3384		4415447		3533
967		3400		4420048		3525
968		3362		4424648		3527
969		3386		4429237		3525
970		3349		4433845		3514
971		3333		4438436		3524
972		3356		4443051		3541
973		3349		4447646		3545
974		3413		4452264		3483
975		3421		4456875		3482
976		3404		4461477		3456
977		3374		4466068		3515
978		3372		4470671		3481
979		3338		4475268		3486
980		3364		4479870		3506
981		3329		4484476		3502
982		3247		4489080		3533
983		3298		4493674		3509
984		3329		4498282		3513
985		3289		4502873		3464
986		3270		4507473		3556
987		3255		4512071		3523
988		3285		4516658		3513
989		3261		4521246		3544
990		3289		4525841		3520
991		3301		4530463		3529
992		3313		4535065		3502
993		3287		4539683		3512
994		3302		4544285		3488
995		3276		4548876		3500
996		3318		4553491		3509
997		3315		4558108		3482
998		3319		4562730		3520
999		3317		4567343		3489
