# Migration is number of nodes that have changed color.

Round		Edge-Cut		Swaps		Migrations		Skipped
0		10147		4633		3238
1		9911		9239		3360
2		9887		13839		3410
3		9781		18436		3365
4		9705		23036		3428
5		9678		27624		3427
6		9679		32220		3502
7		9637		36788		3462
8		9539		41374		3485
9		9595		45956		3495
10		9554		50542		3449
11		9470		55114		3546
12		9513		59681		3518
13		9370		64239		3535
14		9308		68778		3525
15		9279		73317		3507
16		9370		77838		3516
17		9258		82356		3510
18		9290		86911		3543
19		9190		91439		3502
20		9209		95956		3533
21		9163		100475		3520
22		9230		105010		3531
23		9129		109523		3539
24		9092		114012		3508
25		9085		118522		3514
26		9047		123029		3504
27		9100		127528		3515
28		9042		132029		3526
29		8916		136508		3556
30		8936		141010		3497
31		8965		145509		3522
32		8957		150019		3484
33		8999		154521		3517
34		8894		158997		3494
35		8888		163476		3534
36		8815		167928		3542
37		8729		172429		3554
38		8640		176897		3513
39		8763		181365		3500
40		8754		185868		3548
41		8710		190336		3536
42		8711		194803		3544
43		8657		199287		3550
44		8605		203716		3519
45		8676		208192		3548
46		8574		212650		3504
47		8646		217120		3581
48		8579		221585		3537
49		8506		226031		3539
50		8590		230505		3559
51		8520		234967		3528
52		8559		239428		3517
53		8421		243882		3538
54		8385		248321		3537
55		8275		252757		3550
56		8272		257166		3513
57		8245		261617		3517
58		8195		266069		3552
59		8062		270473		3534
60		8143		274945		3482
61		8126		279402		3537
62		8066		283845		3552
63		8104		288280		3537
64		8144		292720		3540
65		8099		297193		3496
66		7993		301643		3536
67		7869		306082		3534
68		7915		310533		3547
69		7862		314992		3525
70		7903		319463		3556
71		7794		323883		3530
72		7850		328318		3568
73		7880		332814		3552
74		7884		337230		3528
75		7787		341713		3539
76		7746		346121		3501
77		7819		350529		3525
78		7853		354982		3524
79		7781		359432		3554
80		7815		363866		3592
81		7752		368288		3568
82		7783		372722		3527
83		7684		377164		3562
84		7816		381621		3499
85		7743		386084		3528
86		7680		390498		3580
87		7647		394930		3515
88		7556		399370		3559
89		7501		403807		3542
90		7571		408207		3548
91		7578		412645		3589
92		7445		417050		3590
93		7389		421474		3551
94		7326		425883		3533
95		7290		430300		3574
96		7269		434708		3571
97		7281		439147		3572
98		7221		443568		3508
99		7239		448019		3590
100		7244		452452		3546
101		7197		456883		3569
102		7225		461304		3508
103		7186		465731		3554
104		7258		470184		3529
105		7207		474600		3565
106		7149		479002		3571
107		7045		483415		3550
108		6973		487846		3514
109		7018		492277		3570
110		7019		496741		3569
111		6952		501195		3551
112		6979		505664		3566
113		7008		510123		3561
114		7016		514549		3591
115		7027		519016		3532
116		7052		523458		3518
117		6921		527911		3572
118		6878		532391		3477
119		6924		536846		3538
120		6868		541310		3508
121		6858		545766		3533
122		6817		550216		3535
123		6809		554668		3503
124		6812		559134		3478
125		6777		563596		3559
126		6733		568078		3533
127		6662		572527		3501
128		6638		576959		3526
129		6609		581418		3517
130		6598		585871		3517
131		6620		590325		3519
132		6675		594771		3541
133		6603		599233		3516
134		6492		603707		3542
135		6516		608181		3524
136		6429		612642		3508
137		6452		617092		3518
138		6407		621541		3551
139		6276		625980		3566
140		6224		630425		3523
141		6291		634882		3516
142		6317		639353		3489
143		6259		643831		3470
144		6267		648284		3560
145		6270		652736		3528
146		6176		657202		3533
147		6131		661669		3544
148		6142		666146		3540
149		6196		670621		3501
150		6161		675135		3514
151		6216		679631		3530
152		6171		684107		3587
153		6147		688571		3533
154		6189		693057		3531
155		6116		697497		3549
156		6094		701968		3542
157		6048		706424		3524
158		6036		710913		3568
159		5987		715384		3545
160		5986		719855		3544
161		5990		724343		3539
162		6040		728853		3539
163		6083		733314		3543
164		6031		737796		3559
165		6043		742291		3511
166		6090		746754		3534
167		6045		751250		3586
168		6003		755716		3525
169		5997		760212		3551
170		5886		764703		3506
171		5900		769184		3543
172		5919		773668		3505
173		5877		778124		3499
174		5806		782592		3524
175		5839		787051		3543
176		5822		791524		3537
177		5755		796014		3518
178		5784		800494		3541
179		5707		804973		3553
180		5661		809447		3504
181		5616		813931		3544
182		5649		818402		3532
183		5667		822868		3563
184		5664		827353		3533
185		5678		831813		3565
186		5665		836317		3569
187		5669		840808		3566
188		5628		845273		3531
189		5728		849731		3533
190		5737		854240		3523
191		5814		858742		3506
192		5856		863261		3541
193		5772		867789		3528
194		5769		872295		3553
195		5764		876806		3550
196		5739		881338		3532
197		5720		885829		3575
198		5751		890352		3526
199		5665		894848		3522
200		5733		899332		3513
201		5662		903867		3489
202		5701		908369		3494
203		5690		912871		3540
204		5659		917371		3570
205		5673		921875		3551
206		5675		926389		3566
207		5628		930889		3542
208		5616		935402		3564
209		5606		939902		3526
210		5626		944392		3566
211		5600		948876		3513
212		5613		953383		3529
213		5643		957909		3552
214		5578		962406		3498
215		5596		966921		3506
216		5574		971446		3527
217		5631		975971		3538
218		5591		980494		3556
219		5624		985011		3570
220		5572		989503		3581
221		5586		993996		3605
222		5571		998504		3576
223		5538		1002996		3528
224		5576		1007510		3544
225		5595		1012020		3545
226		5552		1016548		3558
227		5512		1021058		3558
228		5494		1025567		3557
229		5452		1030040		3544
230		5500		1034536		3553
231		5481		1039056		3560
232		5408		1043546		3553
233		5422		1048057		3524
234		5377		1052571		3530
235		5416		1057072		3558
236		5431		1061543		3571
237		5394		1066074		3535
238		5446		1070580		3531
239		5466		1075095		3514
240		5479		1079601		3518
241		5405		1084115		3543
242		5402		1088623		3516
243		5426		1093144		3555
244		5471		1097668		3568
245		5432		1102193		3515
246		5440		1106721		3554
247		5429		1111231		3538
248		5353		1115744		3574
249		5231		1120276		3523
250		5264		1124796		3548
251		5236		1129305		3552
252		5221		1133836		3546
253		5214		1138327		3577
254		5230		1142846		3527
255		5264		1147376		3539
256		5160		1151881		3559
257		5183		1156389		3548
258		5168		1160924		3568
259		5200		1165434		3543
260		5243		1169972		3514
261		5191		1174491		3565
262		5149		1178966		3515
263		5156		1183480		3511
264		5211		1188009		3509
265		5123		1192532		3530
266		5171		1197039		3557
267		5114		1201562		3551
268		5060		1206090		3514
269		5034		1210577		3508
270		5053		1215094		3524
271		5036		1219607		3537
272		5067		1224118		3546
273		5027		1228643		3568
274		4986		1233156		3506
275		5120		1237698		3526
276		5063		1242224		3493
277		5042		1246766		3519
278		4988		1251291		3497
279		4967		1255806		3501
280		4996		1260317		3543
281		4966		1264863		3527
282		4945		1269379		3554
283		4978		1273888		3539
284		4944		1278375		3516
285		4960		1282898		3576
286		5059		1287443		3572
287		5040		1292003		3540
288		4915		1296510		3543
289		4939		1301037		3525
290		4936		1305540		3551
291		4945		1310060		3556
292		5006		1314574		3537
293		4956		1319113		3532
294		4987		1323633		3513
295		4975		1328170		3538
296		5006		1332698		3560
297		5034		1337241		3530
298		4962		1341782		3532
299		4950		1346329		3510
300		4884		1350843		3519
301		4850		1355377		3498
302		4800		1359903		3535
303		4775		1364427		3532
304		4771		1368951		3510
305		4747		1373486		3536
306		4794		1378004		3524
307		4735		1382561		3501
308		4779		1387095		3497
309		4740		1391607		3527
310		4768		1396127		3516
311		4780		1400657		3519
312		4685		1405178		3536
313		4673		1409717		3551
314		4649		1414267		3525
315		4636		1418797		3546
316		4649		1423314		3522
317		4686		1427825		3504
318		4699		1432359		3510
319		4722		1436900		3477
320		4683		1441420		3486
321		4697		1445958		3501
322		4700		1450483		3514
323		4742		1455014		3508
324		4747		1459549		3525
325		4701		1464094		3538
326		4711		1468636		3527
327		4763		1473180		3500
328		4718		1477724		3530
329		4743		1482273		3538
330		4727		1486807		3526
331		4729		1491325		3538
332		4769		1495861		3515
333		4687		1500395		3490
334		4637		1504934		3512
335		4637		1509480		3500
336		4726		1514019		3552
337		4650		1518581		3534
338		4579		1523122		3541
339		4494		1527667		3532
340		4502		1532209		3495
341		4465		1536758		3517
342		4427		1541311		3530
343		4403		1545853		3537
344		4441		1550399		3498
345		4479		1554970		3528
346		4453		1559540		3553
347		4464		1564096		3552
348		4470		1568636		3527
349		4510		1573185		3538
350		4456		1577738		3527
351		4478		1582293		3519
352		4401		1586837		3532
353		4411		1591381		3526
354		4463		1595934		3517
355		4465		1600503		3512
356		4442		1605054		3529
357		4418		1609604		3547
358		4404		1614158		3533
359		4442		1618713		3526
360		4381		1623260		3521
361		4385		1627792		3514
362		4369		1632354		3497
363		4349		1636898		3516
364		4345		1641463		3519
365		4309		1646006		3529
366		4329		1650558		3504
367		4331		1655107		3482
368		4348		1659640		3499
369		4324		1664212		3504
370		4344		1668762		3539
371		4298		1673326		3504
372		4244		1677876		3514
373		4220		1682439		3493
374		4213		1686967		3475
375		4242		1691528		3492
376		4224		1696089		3499
377		4214		1700644		3550
378		4237		1705196		3526
379		4243		1709747		3528
380		4199		1714325		3515
381		4188		1718869		3556
382		4192		1723421		3516
383		4168		1727946		3502
384		4143		1732481		3491
385		4142		1737017		3529
386		4171		1741581		3472
387		4159		1746141		3516
388		4156		1750677		3525
389		4146		1755233		3521
390		4186		1759789		3521
391		4230		1764350		3525
392		4231		1768911		3514
393		4212		1773470		3531
394		4184		1778028		3532
395		4160		1782592		3529
396		4201		1787150		3541
397		4233		1791734		3519
398		4263		1796313		3556
399		4243		1800876		3560
400		4217		1805467		3596
401		4217		1810029		3557
402		4231		1814592		3526
403		4164		1819142		3512
404		4190		1823707		3520
405		4207		1828269		3551
406		4191		1832826		3539
407		4193		1837380		3524
408		4153		1841938		3495
409		4211		1846517		3525
410		4244		1851078		3549
411		4155		1855637		3530
412		4140		1860202		3532
413		4207		1864765		3564
414		4214		1869319		3560
415		4237		1873904		3529
416		4228		1878460		3511
417		4199		1883048		3524
418		4206		1887634		3514
419		4137		1892204		3522
420		4109		1896772		3512
421		4116		1901321		3535
422		4190		1905903		3523
423		4185		1910474		3508
424		4147		1915042		3519
425		4147		1919616		3550
426		4135		1924163		3513
427		4077		1928734		3565
428		4060		1933278		3519
429		4071		1937796		3566
430		4090		1942366		3542
431		4091		1946932		3535
432		4118		1951496		3536
433		4052		1956065		3519
434		4072		1960627		3533
435		4094		1965185		3540
436		4202		1969762		3550
437		4175		1974335		3522
438		4158		1978898		3511
439		4189		1983444		3549
440		4150		1988015		3518
441		4139		1992591		3537
442		4139		1997171		3519
443		4133		2001732		3538
444		4063		2006284		3535
445		4051		2010868		3512
446		4037		2015434		3529
447		4060		2020021		3552
448		4110		2024617		3530
449		4102		2029196		3488
450		4047		2033772		3511
451		4106		2038360		3542
452		4111		2042956		3514
453		4110		2047539		3522
454		4094		2052100		3507
455		4144		2056682		3515
456		4095		2061267		3542
457		4047		2065855		3583
458		4103		2070426		3561
459		4138		2075017		3537
460		4097		2079591		3566
461		4088		2084157		3537
462		4038		2088723		3521
463		4057		2093284		3530
464		4033		2097856		3507
465		4051		2102438		3534
466		4098		2106993		3525
467		4063		2111575		3545
468		4031		2116153		3478
469		3990		2120722		3540
470		4010		2125281		3530
471		3950		2129835		3543
472		4003		2134416		3545
473		4024		2138995		3539
474		4032		2143554		3546
475		4027		2148125		3528
476		4060		2152702		3577
477		4056		2157294		3549
478		4027		2161848		3526
479		4070		2166422		3539
480		4009		2170984		3566
481		3977		2175559		3553
482		3964		2180114		3554
483		4009		2184677		3585
484		3993		2189249		3542
485		4029		2193828		3563
486		4007		2198395		3515
487		4061		2202988		3541
488		4053		2207565		3537
489		4062		2212161		3530
490		4062		2216732		3529
491		4071		2221322		3551
492		4091		2225911		3549
493		4017		2230493		3550
494		4029		2235063		3527
495		3993		2239630		3517
496		3993		2244211		3518
497		3970		2248796		3511
498		3959		2253363		3540
499		4021		2257978		3556
500		4025		2262576		3548
501		4101		2267198		3540
502		4122		2271823		3540
503		4169		2276435		3536
504		4220		2281060		3554
505		4164		2285677		3557
506		4147		2290273		3559
507		4231		2294878		3550
508		4261		2299494		3546
509		4354		2304121		3532
510		4393		2308744		3502
511		4424		2313360		3550
512		4338		2317960		3526
513		4384		2322584		3539
514		4359		2327197		3568
515		4436		2331800		3555
516		4389		2336403		3522
517		4476		2341014		3577
518		4384		2345617		3518
519		4399		2350204		3494
520		4455		2354818		3511
521		4453		2359422		3536
522		4501		2364016		3531
523		4500		2368597		3519
524		4504		2373197		3518
525		4517		2377799		3516
526		4518		2382384		3516
527		4457		2386982		3525
528		4471		2391561		3534
529		4489		2396134		3543
530		4492		2400740		3518
531		4482		2405340		3523
532		4497		2409937		3526
533		4479		2414512		3558
534		4490		2419103		3543
535		4479		2423703		3558
536		4489		2428287		3507
537		4450		2432875		3572
538		4408		2437464		3556
539		4397		2442049		3560
540		4491		2446662		3518
541		4506		2451258		3545
542		4544		2455859		3548
543		4513		2460453		3560
544		4436		2465045		3534
545		4473		2469644		3538
546		4477		2474238		3531
547		4465		2478838		3526
548		4485		2483428		3543
549		4411		2488049		3561
550		4421		2492638		3543
551		4366		2497238		3547
552		4361		2501838		3526
553		4408		2506416		3503
554		4363		2511006		3536
555		4378		2515588		3552
556		4399		2520160		3549
557		4347		2524743		3522
558		4342		2529335		3516
559		4378		2533930		3543
560		4340		2538533		3524
561		4397		2543126		3536
562		4339		2547703		3530
563		4393		2552285		3557
564		4332		2556880		3532
565		4340		2561454		3573
566		4326		2566033		3565
567		4332		2570634		3555
568		4336		2575204		3526
569		4306		2579783		3533
570		4299		2584359		3559
571		4293		2588932		3550
572		4260		2593501		3533
573		4234		2598078		3538
574		4260		2602650		3553
575		4257		2607238		3586
576		4214		2611831		3577
577		4257		2616402		3508
578		4284		2620991		3545
579		4236		2625576		3537
580		4241		2630156		3543
581		4246		2634743		3555
582		4230		2639327		3567
583		4187		2643886		3585
584		4157		2648469		3557
585		4174		2653054		3578
586		4187		2657631		3560
587		4158		2662227		3571
588		4119		2666812		3558
589		4148		2671390		3573
590		4154		2675970		3540
591		4128		2680544		3558
592		4110		2685103		3575
593		4099		2689666		3554
594		4101		2694233		3557
595		4122		2698784		3575
596		4096		2703375		3554
597		4147		2707943		3546
598		4125		2712531		3501
599		4119		2717104		3502
600		4117		2721702		3525
601		4136		2726297		3545
602		4149		2730885		3553
603		4088		2735463		3544
604		4083		2740052		3548
605		4068		2744637		3569
606		4024		2749232		3545
607		4005		2753824		3546
608		3980		2758413		3533
609		4001		2762992		3538
610		3972		2767583		3549
611		3991		2772182		3531
612		3993		2776790		3557
613		3960		2781371		3568
614		3943		2785970		3539
615		3949		2790559		3564
616		3913		2795138		3548
617		3918		2799741		3573
618		3933		2804335		3550
619		3943		2808938		3582
620		3958		2813549		3530
621		3963		2818142		3556
622		3946		2822737		3541
623		3948		2827306		3546
624		3911		2831887		3530
625		3943		2836470		3553
626		3900		2841078		3554
627		3901		2845661		3593
628		3942		2850215		3549
629		3996		2854809		3580
630		3943		2859385		3531
631		3940		2863990		3563
632		4003		2868577		3533
633		4046		2873179		3536
634		4026		2877772		3528
635		3987		2882360		3549
636		3991		2886935		3551
637		3998		2891508		3567
638		3953		2896094		3563
639		4003		2900677		3545
640		4004		2905252		3553
641		4012		2909828		3545
642		4069		2914442		3531
643		4041		2919033		3518
644		4029		2923619		3535
645		3983		2928197		3500
646		4022		2932803		3507
647		4006		2937390		3548
648		4030		2941985		3527
649		3953		2946559		3534
650		3956		2951126		3526
651		3899		2955698		3563
652		3902		2960277		3533
653		3932		2964868		3542
654		3922		2969470		3532
655		3893		2974057		3564
656		3901		2978640		3524
657		3955		2983213		3536
658		3954		2987792		3539
659		3947		2992366		3533
660		3946		2996952		3549
661		3932		3001523		3552
662		3935		3006110		3544
663		3930		3010699		3548
664		3926		3015292		3585
665		3919		3019870		3555
666		3935		3024466		3566
667		3863		3029063		3537
668		3880		3033639		3548
669		3889		3038219		3560
670		3923		3042810		3527
671		3911		3047378		3531
672		3944		3051977		3539
673		3930		3056555		3551
674		4003		3061155		3498
675		3932		3065753		3544
676		3995		3070333		3525
677		3917		3074949		3532
678		3939		3079534		3526
679		3935		3084103		3526
680		3933		3088673		3552
681		3941		3093259		3556
682		3950		3097846		3525
683		3947		3102450		3558
684		3969		3107047		3550
685		3948		3111638		3539
686		3927		3116233		3537
687		3869		3120801		3522
688		3928		3125372		3535
689		3931		3129974		3555
690		3928		3134577		3547
691		3840		3139156		3542
692		3849		3143754		3557
693		3836		3148350		3531
694		3837		3152956		3552
695		3826		3157552		3526
696		3839		3162142		3546
697		3803		3166737		3548
698		3893		3171332		3515
699		3870		3175947		3553
700		3906		3180552		3545
701		3873		3185150		3532
702		3863		3189745		3540
703		3838		3194340		3565
704		3827		3198927		3538
705		3791		3203519		3581
706		3798		3208118		3564
707		3746		3212712		3563
708		3701		3217308		3535
709		3739		3221917		3539
710		3761		3226522		3532
711		3767		3231121		3489
712		3708		3235697		3537
713		3713		3240275		3546
714		3733		3244868		3553
715		3755		3249463		3489
716		3728		3254070		3521
717		3734		3258656		3543
718		3705		3263240		3564
719		3668		3267837		3562
720		3699		3272440		3541
721		3710		3277045		3535
722		3680		3281642		3539
723		3700		3286235		3526
724		3673		3290820		3539
725		3652		3295407		3558
726		3713		3299982		3516
727		3654		3304585		3559
728		3631		3309152		3554
729		3701		3313741		3574
730		3729		3318326		3563
731		3684		3322934		3513
732		3675		3327529		3551
733		3610		3332107		3534
734		3641		3336715		3561
735		3601		3341304		3548
736		3588		3345910		3557
737		3616		3350483		3557
738		3598		3355084		3522
739		3634		3359705		3516
740		3700		3364327		3542
741		3666		3368926		3565
742		3737		3373531		3574
743		3715		3378135		3575
744		3705		3382758		3565
745		3653		3387342		3542
746		3690		3391954		3556
747		3648		3396563		3538
748		3674		3401155		3537
749		3574		3405733		3564
750		3640		3410309		3566
751		3635		3414909		3566
752		3562		3419506		3531
753		3537		3424086		3518
754		3505		3428665		3577
755		3490		3433254		3585
756		3502		3437865		3520
757		3531		3442454		3566
758		3559		3447043		3570
759		3629		3451647		3557
760		3576		3456252		3568
761		3600		3460859		3540
762		3568		3465466		3570
763		3638		3470069		3523
764		3605		3474674		3565
765		3543		3479274		3564
766		3587		3483876		3530
767		3563		3488493		3576
768		3529		3493097		3565
769		3507		3497697		3570
770		3531		3502283		3583
771		3533		3506878		3596
772		3571		3511500		3545
773		3519		3516108		3532
774		3546		3520720		3543
775		3537		3525324		3568
776		3562		3529937		3531
777		3587		3534551		3549
778		3594		3539163		3551
779		3603		3543777		3540
780		3587		3548369		3530
781		3586		3552970		3553
782		3612		3557565		3539
783		3541		3562142		3561
784		3584		3566738		3533
785		3587		3571347		3549
786		3530		3575944		3552
787		3562		3580514		3551
788		3538		3585106		3581
789		3523		3589701		3568
790		3504		3594276		3563
791		3488		3598853		3550
792		3514		3603452		3574
793		3526		3608064		3543
794		3533		3612633		3528
795		3532		3617241		3532
796		3515		3621839		3549
797		3481		3626434		3552
798		3516		3631047		3538
799		3550		3635623		3551
800		3607		3640223		3564
801		3587		3644806		3562
802		3606		3649401		3559
803		3567		3653979		3571
804		3585		3658565		3565
805		3598		3663165		3561
806		3612		3667760		3532
807		3586		3672360		3536
808		3619		3676940		3565
809		3572		3681538		3525
810		3570		3686129		3584
811		3564		3690729		3537
812		3519		3695317		3554
813		3583		3699911		3531
814		3573		3704505		3538
815		3579		3709104		3525
816		3610		3713699		3527
817		3601		3718277		3531
818		3537		3722869		3562
819		3597		3727487		3509
820		3563		3732079		3540
821		3566		3736676		3533
822		3556		3741291		3542
823		3545		3745887		3539
824		3535		3750476		3512
825		3564		3755093		3494
826		3529		3759693		3538
827		3519		3764292		3538
828		3569		3768900		3540
829		3513		3773513		3524
830		3493		3778116		3539
831		3456		3782687		3529
832		3548		3787287		3525
833		3562		3791895		3528
834		3569		3796515		3544
835		3541		3801102		3540
836		3546		3805686		3562
837		3514		3810279		3550
838		3444		3814898		3526
839		3501		3819491		3521
840		3486		3824088		3557
841		3528		3828714		3544
842		3538		3833314		3540
843		3510		3837915		3544
844		3561		3842528		3487
845		3543		3847137		3524
846		3521		3851745		3512
847		3429		3856343		3528
848		3465		3860954		3544
849		3442		3865551		3521
850		3469		3870155		3550
851		3464		3874721		3535
852		3544		3879339		3564
853		3530		3883957		3548
854		3522		3888560		3549
855		3480		3893168		3531
856		3528		3897780		3549
857		3500		3902386		3574
858		3539		3906965		3565
859		3550		3911573		3513
860		3567		3916188		3521
861		3558		3920781		3499
862		3559		3925409		3514
863		3509		3930020		3528
864		3525		3934647		3529
865		3534		3939256		3564
866		3475		3943848		3587
867		3457		3948455		3549
868		3475		3953065		3537
869		3485		3957651		3541
870		3542		3962262		3551
871		3570		3966856		3529
872		3548		3971458		3531
873		3567		3976038		3537
874		3513		3980642		3539
875		3507		3985240		3530
876		3520		3989853		3553
877		3526		3994457		3563
878		3506		3999062		3543
879		3475		4003664		3535
880		3463		4008254		3554
881		3465		4012848		3557
882		3493		4017440		3543
883		3502		4022026		3559
884		3512		4026645		3529
885		3493		4031260		3540
886		3474		4035873		3548
887		3497		4040490		3530
888		3521		4045089		3541
889		3542		4049694		3562
890		3535		4054296		3519
891		3538		4058902		3529
892		3525		4063505		3513
893		3513		4068112		3557
894		3522		4072709		3562
895		3540		4077301		3526
896		3512		4081887		3537
897		3478		4086484		3534
898		3518		4091083		3556
899		3516		4095685		3556
900		3540		4100312		3535
901		3469		4104906		3537
902		3477		4109514		3521
903		3490		4114113		3554
904		3480		4118713		3533
905		3465		4123315		3529
906		3502		4127915		3523
907		3485		4132530		3545
908		3478		4137144		3529
909		3460		4141743		3520
910		3477		4146338		3528
911		3528		4150933		3553
912		3511		4155528		3535
913		3484		4160131		3540
914		3478		4164737		3547
915		3461		4169338		3559
916		3455		4173937		3558
917		3485		4178540		3556
918		3515		4183144		3540
919		3542		4187750		3562
920		3552		4192351		3553
921		3473		4196965		3608
922		3493		4201569		3565
923		3538		4206170		3584
924		3566		4210760		3571
925		3561		4215360		3556
926		3583		4219993		3541
927		3559		4224623		3549
928		3532		4229243		3567
929		3537		4233822		3560
930		3548		4238431		3529
931		3570		4243031		3551
932		3618		4247637		3543
933		3614		4252242		3557
934		3587		4256854		3529
935		3531		4261443		3540
936		3535		4266060		3541
937		3559		4270657		3521
938		3567		4275271		3514
939		3529		4279866		3569
940		3455		4284458		3539
941		3472		4289056		3563
942		3483		4293669		3544
943		3458		4298292		3559
944		3446		4302898		3552
945		3462		4307506		3521
946		3516		4312099		3532
947		3514		4316711		3556
948		3494		4321312		3530
949		3502		4325923		3534
950		3499		4330557		3544
951		3517		4335160		3573
952		3509		4339780		3540
953		3466		4344389		3578
954		3478		4348993		3565
955		3477		4353606		3537
956		3485		4358223		3558
957		3495		4362838		3543
958		3476		4367461		3546
959		3438		4372065		3583
960		3465		4376672		3560
961		3453		4381280		3574
962		3455		4385886		3551
963		3480		4390525		3572
964		3449		4395132		3558
965		3435		4399748		3557
966		3436		4404349		3566
967		3414		4408953		3561
968		3369		4413557		3547
969		3413		4418182		3569
970		3404		4422801		3544
971		3339		4427413		3549
972		3351		4432015		3529
973		3387		4436634		3532
974		3368		4441240		3538
975		3355		4445849		3537
976		3343		4450449		3553
977		3318		4455068		3559
978		3345		4459647		3560
979		3385		4464254		3572
980		3367		4468864		3520
981		3327		4473463		3530
982		3285		4478050		3540
983		3294		4482650		3539
984		3267		4487245		3544
985		3307		4491865		3532
986		3322		4496477		3555
987		3348		4501067		3552
988		3411		4505674		3561
989		3417		4510287		3539
990		3397		4514898		3553
991		3452		4519499		3570
992		3485		4524093		3529
993		3509		4528709		3519
994		3449		4533326		3587
995		3405		4537940		3548
996		3385		4542554		3564
997		3448		4547177		3557
998		3395		4551783		3555
999		3447		4556404		3547
