# Migration is number of nodes that have changed color.

Round		Edge-Cut		Swaps		Migrations		Skipped
0		10164		4638		3243
1		9964		9266		3280
2		9857		13864		3364
3		9688		18465		3393
4		9657		23050		3458
5		9714		27626		3396
6		9673		32215		3425
7		9469		36789		3411
8		9482		41310		3481
9		9508		45865		3494
10		9381		50397		3473
11		9261		54905		3523
12		9295		59411		3543
13		9271		63920		3542
14		9178		68409		3509
15		9173		72938		3505
16		9132		77417		3535
17		9168		81899		3451
18		9031		86358		3526
19		8942		90840		3525
20		8912		95272		3554
21		8904		99701		3453
22		8894		104177		3580
23		8810		108637		3513
24		8794		113079		3492
25		8745		117507		3517
26		8645		121911		3561
27		8663		126308		3539
28		8638		130743		3544
29		8575		135182		3593
30		8601		139610		3531
31		8625		144036		3514
32		8481		148412		3517
33		8489		152853		3544
34		8364		157251		3503
35		8349		161670		3538
36		8325		166061		3483
37		8325		170468		3476
38		8187		174850		3498
39		8221		179226		3479
40		8180		183617		3516
41		8075		187990		3506
42		8112		192385		3518
43		8135		196779		3554
44		8160		201176		3541
45		8092		205576		3510
46		8111		209976		3537
47		8122		214370		3495
48		8098		218767		3512
49		8128		223156		3522
50		8044		227553		3552
51		8117		231946		3575
52		8072		236364		3623
53		8063		240773		3537
54		8012		245203		3501
55		8003		249629		3500
56		7998		254041		3493
57		7966		258458		3509
58		7854		262860		3521
59		7798		267277		3507
60		7816		271650		3532
61		7776		276066		3523
62		7719		280489		3536
63		7793		284908		3514
64		7815		289305		3520
65		7795		293743		3519
66		7771		298162		3536
67		7717		302603		3512
68		7709		307018		3503
69		7669		311423		3489
70		7675		315819		3478
71		7675		320226		3453
72		7678		324659		3517
73		7691		329063		3541
74		7722		333521		3520
75		7614		337953		3510
76		7625		342396		3503
77		7612		346857		3522
78		7508		351288		3483
79		7486		355669		3490
80		7428		360116		3538
81		7375		364518		3544
82		7344		368903		3511
83		7260		373318		3523
84		7303		377701		3524
85		7430		382130		3480
86		7292		386567		3539
87		7378		390988		3552
88		7405		395414		3532
89		7330		399826		3547
90		7381		404278		3526
91		7303		408722		3536
92		7236		413160		3509
93		7239		417553		3510
94		7314		421970		3515
95		7348		426421		3496
96		7329		430889		3472
97		7226		435350		3490
98		7236		439753		3541
99		7275		444193		3517
100		7336		448628		3454
101		7221		453037		3507
102		7271		457491		3496
103		7271		461906		3449
104		7246		466293		3527
105		7194		470726		3509
106		7249		475178		3463
107		7184		479662		3498
108		7157		484096		3528
109		7170		488545		3440
110		7138		493001		3535
111		7097		497464		3522
112		7048		501916		3498
113		6991		506367		3536
114		6999		510823		3530
115		6979		515248		3517
116		6980		519687		3497
117		6887		524118		3524
118		6928		528530		3495
119		7021		532999		3516
120		6894		537435		3553
121		6978		541923		3481
122		6913		546370		3547
123		6890		550827		3516
124		6927		555284		3495
125		6898		559732		3532
126		6833		564200		3555
127		6766		568664		3532
128		6775		573123		3506
129		6697		577545		3550
130		6741		581996		3547
131		6670		586449		3495
132		6636		590913		3512
133		6640		595350		3527
134		6594		599800		3513
135		6598		604253		3521
136		6553		608685		3528
137		6539		613145		3486
138		6555		617586		3525
139		6495		622054		3539
140		6492		626532		3530
141		6486		630978		3520
142		6400		635441		3560
143		6462		639926		3517
144		6482		644389		3476
145		6399		648896		3505
146		6423		653383		3529
147		6253		657845		3528
148		6251		662312		3563
149		6296		666770		3531
150		6370		671239		3505
151		6351		675686		3515
152		6354		680168		3538
153		6288		684640		3524
154		6224		689127		3489
155		6188		693606		3513
156		6255		698077		3489
157		6292		702564		3523
158		6274		707052		3510
159		6187		711527		3503
160		6172		716014		3494
161		6192		720502		3503
162		6188		724973		3511
163		6133		729429		3571
164		6144		733928		3527
165		6221		738404		3515
166		6107		742892		3459
167		6076		747368		3489
168		6123		751861		3505
169		6134		756339		3489
170		6148		760826		3482
171		6078		765306		3503
172		6107		769776		3467
173		6109		774262		3499
174		6155		778780		3473
175		6116		783290		3479
176		6114		787808		3504
177		6003		792301		3500
178		5985		796798		3491
179		5964		801298		3496
180		5939		805817		3472
181		5940		810280		3510
182		5947		814771		3520
183		5807		819252		3508
184		5779		823739		3530
185		5742		828223		3550
186		5730		832709		3565
187		5691		837208		3489
188		5651		841719		3482
189		5574		846169		3517
190		5658		850655		3512
191		5613		855139		3534
192		5637		859639		3535
193		5584		864146		3511
194		5546		868659		3537
195		5540		873121		3498
196		5566		877621		3550
197		5532		882131		3506
198		5500		886650		3509
199		5506		891142		3536
200		5466		895646		3538
201		5417		900146		3502
202		5403		904648		3508
203		5362		909173		3520
204		5233		913639		3494
205		5293		918133		3499
206		5361		922614		3504
207		5358		927119		3478
208		5306		931617		3505
209		5268		936145		3508
210		5230		940639		3538
211		5281		945143		3524
212		5372		949645		3537
213		5350		954138		3546
214		5334		958621		3511
215		5267		963111		3510
216		5253		967624		3527
217		5264		972115		3488
218		5310		976617		3515
219		5274		981107		3527
220		5267		985596		3504
221		5307		990084		3521
222		5299		994581		3510
223		5275		999094		3486
224		5303		1003630		3502
225		5327		1008147		3493
226		5286		1012631		3501
227		5333		1017144		3472
228		5251		1021683		3510
229		5298		1026196		3512
230		5289		1030700		3511
231		5326		1035232		3516
232		5326		1039777		3476
233		5293		1044292		3493
234		5238		1048789		3506
235		5199		1053288		3522
236		5205		1057788		3499
237		5136		1062314		3495
238		5106		1066829		3530
239		5177		1071350		3448
240		5199		1075876		3491
241		5147		1080387		3510
242		5162		1084919		3473
243		5183		1089446		3526
244		5053		1093950		3524
245		5055		1098469		3532
246		5124		1103003		3524
247		5100		1107555		3530
248		5152		1112068		3530
249		5142		1116610		3550
250		5154		1121109		3564
251		5104		1125610		3529
252		5148		1130150		3549
253		5123		1134676		3513
254		5086		1139169		3569
255		5184		1143708		3532
256		5157		1148221		3493
257		5113		1152757		3513
258		5154		1157294		3497
259		5057		1161813		3499
260		5085		1166321		3501
261		5097		1170853		3510
262		5133		1175366		3499
263		5146		1179856		3503
264		5152		1184355		3476
265		5078		1188874		3507
266		5127		1193390		3478
267		5149		1197916		3518
268		5081		1202461		3471
269		5130		1206955		3463
270		5236		1211472		3483
271		5184		1216023		3507
272		5190		1220544		3521
273		5249		1225085		3518
274		5150		1229613		3513
275		5091		1234134		3524
276		5071		1238645		3533
277		5117		1243168		3495
278		5093		1247679		3492
279		5076		1252217		3515
280		5041		1256742		3471
281		5040		1261295		3467
282		5028		1265825		3492
283		5028		1270355		3485
284		5007		1274839		3496
285		4993		1279356		3515
286		4957		1283869		3489
287		4952		1288414		3532
288		4896		1292949		3517
289		4866		1297497		3546
290		4918		1302014		3495
291		4902		1306536		3501
292		4890		1311058		3538
293		4904		1315579		3518
294		4878		1320099		3509
295		4880		1324609		3510
296		4821		1329137		3496
297		4763		1333673		3523
298		4825		1338191		3560
299		4769		1342715		3533
300		4809		1347235		3512
301		4795		1351755		3514
302		4783		1356285		3520
303		4802		1360822		3527
304		4788		1365366		3456
305		4795		1369896		3507
306		4800		1374437		3508
307		4765		1378971		3495
308		4797		1383499		3497
309		4763		1388045		3470
310		4808		1392571		3479
311		4822		1397095		3495
312		4719		1401603		3506
313		4798		1406124		3477
314		4814		1410648		3485
315		4762		1415192		3497
316		4817		1419722		3536
317		4777		1424228		3537
318		4788		1428745		3512
319		4825		1433278		3479
320		4790		1437783		3521
321		4741		1442320		3517
322		4696		1446817		3508
323		4698		1451374		3488
324		4740		1455910		3503
325		4708		1460451		3509
326		4756		1464974		3526
327		4731		1469527		3544
328		4703		1474044		3514
329		4767		1478568		3509
330		4748		1483086		3503
331		4878		1487597		3504
332		4908		1492125		3512
333		4822		1496657		3530
334		4868		1501176		3520
335		4805		1505702		3512
336		4818		1510220		3536
337		4799		1514754		3517
338		4759		1519270		3493
339		4723		1523808		3516
340		4711		1528333		3525
341		4750		1532871		3512
342		4809		1537405		3497
343		4766		1541948		3508
344		4767		1546482		3555
345		4700		1551031		3550
346		4742		1555585		3557
347		4772		1560110		3563
348		4794		1564655		3552
349		4823		1569212		3541
350		4831		1573775		3518
351		4753		1578330		3516
352		4775		1582861		3535
353		4811		1587418		3566
354		4765		1591973		3510
355		4781		1596538		3589
356		4748		1601067		3545
357		4715		1605590		3519
358		4759		1610141		3515
359		4722		1614681		3527
360		4782		1619230		3539
361		4682		1623767		3491
362		4684		1628306		3502
363		4657		1632834		3522
364		4690		1637375		3516
365		4678		1641926		3535
366		4714		1646454		3531
367		4742		1651012		3501
368		4627		1655570		3501
369		4656		1660098		3518
370		4605		1664653		3507
371		4541		1669206		3522
372		4521		1673740		3494
373		4579		1678266		3506
374		4558		1682819		3506
375		4589		1687363		3499
376		4625		1691911		3511
377		4567		1696448		3521
378		4554		1700974		3543
379		4545		1705522		3524
380		4594		1710043		3547
381		4514		1714569		3552
382		4523		1719092		3520
383		4571		1723627		3553
384		4458		1728142		3537
385		4525		1732664		3548
386		4544		1737214		3515
387		4499		1741731		3535
388		4548		1746254		3548
389		4528		1750794		3548
390		4503		1755312		3512
391		4523		1759871		3535
392		4504		1764407		3516
393		4549		1768953		3512
394		4519		1773495		3537
395		4545		1778011		3483
396		4457		1782539		3542
397		4417		1787066		3525
398		4410		1791566		3533
399		4407		1796087		3559
400		4400		1800617		3572
401		4450		1805154		3528
402		4444		1809694		3551
403		4403		1814223		3543
404		4421		1818772		3515
405		4374		1823304		3534
406		4333		1827824		3533
407		4365		1832351		3524
408		4337		1836869		3513
409		4360		1841422		3478
410		4357		1845956		3513
411		4302		1850488		3488
412		4322		1855027		3510
413		4317		1859528		3500
414		4345		1864086		3525
415		4330		1868627		3519
416		4248		1873153		3517
417		4373		1877694		3532
418		4398		1882236		3485
419		4394		1886773		3486
420		4388		1891288		3481
421		4423		1895839		3537
422		4401		1900370		3475
423		4368		1904873		3493
424		4386		1909398		3500
425		4386		1913924		3517
426		4395		1918451		3508
427		4357		1922964		3510
428		4388		1927477		3500
429		4386		1932016		3468
430		4389		1936542		3522
431		4426		1941086		3497
432		4457		1945626		3509
433		4412		1950174		3516
434		4463		1954710		3507
435		4413		1959251		3481
436		4356		1963790		3543
437		4422		1968327		3516
438		4501		1972877		3507
439		4415		1977451		3478
440		4423		1982006		3473
441		4376		1986557		3494
442		4360		1991075		3488
443		4370		1995597		3523
444		4447		2000131		3515
445		4409		2004666		3497
446		4350		2009190		3495
447		4396		2013727		3501
448		4435		2018278		3488
449		4372		2022835		3508
450		4297		2027375		3482
451		4319		2031935		3499
452		4361		2036473		3510
453		4392		2041014		3489
454		4339		2045572		3513
455		4372		2050120		3489
456		4332		2054662		3495
457		4416		2059206		3515
458		4374		2063776		3525
459		4324		2068320		3502
460		4325		2072867		3543
461		4355		2077432		3528
462		4322		2081992		3499
463		4329		2086517		3539
464		4305		2091059		3504
465		4264		2095596		3496
466		4246		2100130		3515
467		4220		2104658		3505
468		4296		2109207		3530
469		4209		2113754		3521
470		4209		2118293		3500
471		4242		2122831		3493
472		4238		2127376		3528
473		4240		2131931		3526
474		4293		2136476		3537
475		4240		2141059		3533
476		4212		2145621		3502
477		4227		2150187		3509
478		4248		2154723		3528
479		4213		2159266		3525
480		4217		2163819		3518
481		4182		2168370		3559
482		4172		2172903		3527
483		4278		2177453		3530
484		4296		2181993		3504
485		4372		2186511		3507
486		4304		2191067		3536
487		4269		2195609		3532
488		4345		2200147		3518
489		4313		2204684		3540
490		4371		2209250		3504
491		4355		2213814		3506
492		4361		2218376		3513
493		4363		2222955		3508
494		4327		2227512		3507
495		4339		2232073		3486
496		4330		2236634		3503
497		4288		2241183		3515
498		4309		2245740		3510
499		4328		2250278		3507
500		4291		2254840		3533
501		4369		2259433		3533
502		4450		2264044		3508
503		4459		2268655		3523
504		4537		2273274		3517
505		4598		2277883		3516
506		4607		2282470		3503
507		4705		2287068		3542
508		4754		2291680		3523
509		4714		2296278		3501
510		4770		2300858		3516
511		4751		2305461		3524
512		4732		2310052		3544
513		4789		2314650		3524
514		4742		2319229		3523
515		4674		2323823		3521
516		4719		2328389		3530
517		4771		2332959		3523
518		4740		2337531		3528
519		4725		2342091		3506
520		4690		2346638		3473
521		4655		2351210		3530
522		4675		2355752		3545
523		4699		2360274		3525
524		4702		2364825		3551
525		4680		2369367		3510
526		4661		2373904		3545
527		4604		2378445		3496
528		4503		2382962		3533
529		4497		2387507		3540
530		4483		2392065		3531
531		4480		2396611		3539
532		4489		2401144		3514
533		4467		2405726		3527
534		4460		2410282		3527
535		4440		2414809		3535
536		4479		2419366		3523
537		4457		2423928		3509
538		4443		2428494		3490
539		4431		2433057		3516
540		4343		2437604		3530
541		4423		2442173		3511
542		4382		2446718		3525
543		4408		2451273		3506
544		4405		2455808		3522
545		4417		2460352		3543
546		4392		2464907		3534
547		4401		2469454		3508
548		4438		2474027		3551
549		4391		2478585		3521
550		4382		2483143		3509
551		4377		2487709		3496
552		4401		2492281		3492
553		4431		2496850		3515
554		4390		2501387		3509
555		4375		2505945		3529
556		4388		2510493		3499
557		4328		2515050		3522
558		4313		2519619		3505
559		4313		2524188		3505
560		4294		2528723		3506
561		4280		2533262		3509
562		4288		2537826		3510
563		4292		2542388		3498
564		4247		2546948		3507
565		4272		2551486		3536
566		4330		2556058		3505
567		4371		2560631		3500
568		4348		2565172		3496
569		4371		2569729		3468
570		4333		2574290		3512
571		4336		2578859		3510
572		4377		2583428		3506
573		4358		2588001		3509
574		4278		2592583		3497
575		4304		2597175		3531
576		4361		2601738		3541
577		4349		2606296		3496
578		4348		2610859		3494
579		4332		2615413		3465
580		4332		2619955		3488
581		4350		2624520		3507
582		4380		2629086		3527
583		4323		2633636		3538
584		4371		2638223		3509
585		4329		2642796		3504
586		4318		2647370		3503
587		4292		2651935		3524
588		4185		2656512		3510
589		4194		2661078		3485
590		4215		2665647		3480
591		4183		2670216		3505
592		4122		2674757		3516
593		4161		2679303		3478
594		4225		2683844		3490
595		4235		2688392		3499
596		4245		2692932		3510
597		4218		2697475		3516
598		4233		2702023		3488
599		4247		2706564		3552
600		4216		2711092		3547
601		4246		2715636		3498
602		4283		2720188		3488
603		4290		2724743		3512
604		4259		2729277		3510
605		4284		2733825		3494
606		4270		2738395		3516
607		4292		2742952		3523
608		4261		2747521		3516
609		4311		2752075		3491
610		4254		2756618		3500
611		4288		2761163		3478
612		4174		2765718		3512
613		4168		2770285		3497
614		4136		2774823		3512
615		4163		2779371		3475
616		4179		2783923		3494
617		4199		2788483		3497
618		4234		2793037		3496
619		4258		2797608		3518
620		4229		2802176		3526
621		4250		2806729		3517
622		4236		2811303		3517
623		4179		2815852		3523
624		4238		2820396		3492
625		4195		2824937		3539
626		4105		2829480		3533
627		4098		2834017		3496
628		4066		2838570		3537
629		4114		2843131		3512
630		4081		2847652		3549
631		4101		2852223		3549
632		4152		2856804		3522
633		4161		2861382		3553
634		4140		2865929		3497
635		4182		2870498		3504
636		4163		2875045		3504
637		4177		2879618		3491
638		4160		2884175		3517
639		4185		2888751		3529
640		4174		2893314		3510
641		4150		2897849		3545
642		4178		2902404		3486
643		4158		2906968		3491
644		4149		2911518		3507
645		4123		2916075		3499
646		4094		2920629		3490
647		4074		2925186		3511
648		4092		2929759		3565
649		3999		2934330		3556
650		3960		2938880		3544
651		3975		2943453		3530
652		4025		2948006		3528
653		3992		2952577		3511
654		4013		2957148		3495
655		4038		2961741		3499
656		4022		2966337		3483
657		4003		2970920		3515
658		3985		2975485		3501
659		3948		2980075		3508
660		4015		2984650		3495
661		4039		2989242		3485
662		4068		2993819		3492
663		4037		2998375		3497
664		4060		3002952		3503
665		4027		3007511		3527
666		4070		3012092		3489
667		4134		3016664		3536
668		4127		3021239		3503
669		4193		3025844		3492
670		4183		3030440		3509
671		4120		3035026		3467
672		4107		3039604		3503
673		4060		3044179		3486
674		4073		3048746		3507
675		4031		3053329		3483
676		4038		3057910		3511
677		4011		3062469		3530
678		3954		3067051		3463
679		3980		3071616		3481
680		3973		3076197		3527
681		4015		3080787		3491
682		4056		3085374		3498
683		4035		3089947		3486
684		4067		3094515		3497
685		4021		3099096		3504
686		4037		3103679		3494
687		4025		3108267		3521
688		4019		3112854		3489
689		4032		3117425		3478
690		4033		3122002		3500
691		4101		3126599		3497
692		4087		3131183		3510
693		4114		3135782		3487
694		4063		3140370		3535
695		4023		3144955		3480
696		4066		3149544		3501
697		4058		3154142		3530
698		4040		3158716		3526
699		4079		3163298		3515
700		4085		3167880		3515
701		4077		3172454		3506
702		4004		3177032		3516
703		4036		3181616		3504
704		4017		3186217		3523
705		3967		3190803		3496
706		3946		3195378		3508
707		4022		3199955		3514
708		3990		3204510		3503
709		3908		3209074		3494
710		3934		3213652		3514
711		3907		3218216		3519
712		3946		3222776		3480
713		3944		3227376		3499
714		3891		3231954		3503
715		3926		3236512		3485
716		3926		3241084		3517
717		3846		3245666		3530
718		3879		3250227		3505
719		3927		3254812		3503
720		3973		3259394		3511
721		3998		3263987		3488
722		4004		3268588		3478
723		3988		3273167		3512
724		3936		3277739		3494
725		3942		3282324		3512
726		3980		3286903		3494
727		3954		3291468		3512
728		3954		3296048		3519
729		3989		3300619		3509
730		4034		3305217		3494
731		4040		3309810		3485
732		4030		3314402		3477
733		3987		3319009		3501
734		3982		3323597		3500
735		3950		3328194		3529
736		3933		3332792		3507
737		3862		3337366		3532
738		3834		3341930		3480
739		3892		3346525		3495
740		3864		3351108		3533
741		3882		3355706		3502
742		3895		3360286		3494
743		3840		3364857		3501
744		3858		3369453		3505
745		3817		3374021		3523
746		3808		3378592		3469
747		3884		3383178		3518
748		3878		3387783		3506
749		3862		3392371		3532
750		3838		3396957		3537
751		3830		3401546		3545
752		3842		3406116		3506
753		3814		3410708		3504
754		3859		3415309		3486
755		3826		3419902		3491
756		3864		3424487		3529
757		3820		3429078		3503
758		3829		3433661		3506
759		3848		3438245		3496
760		3868		3442819		3489
761		3909		3447407		3512
762		3898		3451996		3528
763		3887		3456588		3486
764		3897		3461155		3487
765		3861		3465725		3507
766		3880		3470302		3555
767		3832		3474890		3531
768		3856		3479492		3510
769		3796		3484082		3494
770		3848		3488678		3518
771		3852		3493284		3499
772		3845		3497892		3505
773		3819		3502490		3560
774		3770		3507086		3507
775		3771		3511675		3530
776		3800		3516292		3493
777		3827		3520874		3529
778		3794		3525478		3502
779		3768		3530070		3484
780		3808		3534670		3495
781		3788		3539276		3507
782		3805		3543868		3531
783		3729		3548462		3491
784		3794		3553038		3478
785		3801		3557634		3506
786		3771		3562206		3485
787		3764		3566771		3496
788		3755		3571346		3502
789		3720		3575918		3529
790		3681		3580503		3516
791		3713		3585078		3512
792		3716		3589666		3500
793		3693		3594235		3535
794		3722		3598810		3516
795		3674		3603397		3546
796		3739		3607999		3523
797		3761		3612593		3538
798		3819		3617182		3505
799		3844		3621768		3510
800		3744		3626334		3512
801		3759		3630888		3505
802		3782		3635478		3519
803		3771		3640061		3514
804		3794		3644639		3504
805		3804		3649217		3522
806		3866		3653787		3507
807		3868		3658372		3532
808		3835		3662951		3527
809		3761		3667546		3517
810		3765		3672138		3544
811		3797		3676729		3498
812		3808		3681313		3545
813		3795		3685904		3515
814		3828		3690503		3523
815		3838		3695068		3491
816		3901		3699645		3518
817		3870		3704226		3476
818		3865		3708772		3505
819		3896		3713339		3529
820		3933		3717934		3552
821		3860		3722523		3523
822		3830		3727116		3507
823		3870		3731705		3504
824		3842		3736298		3547
825		3829		3740887		3558
826		3822		3745474		3542
827		3889		3750051		3565
828		3864		3754638		3528
829		3861		3759218		3511
830		3843		3763783		3529
831		3854		3768375		3494
832		3934		3772954		3496
833		3916		3777544		3490
834		3883		3782140		3488
835		3924		3786746		3539
836		3957		3791333		3556
837		3979		3795948		3503
838		3877		3800546		3509
839		3876		3805123		3527
840		3942		3809708		3523
841		3947		3814300		3529
842		3907		3818876		3541
843		3921		3823442		3538
844		3989		3828036		3516
845		3983		3832621		3478
846		3920		3837199		3540
847		3970		3841766		3524
848		3984		3846369		3477
849		3961		3850952		3516
850		3939		3855532		3487
851		4000		3860122		3505
852		3936		3864721		3481
853		3900		3869298		3473
854		3949		3873888		3511
855		3936		3878479		3496
856		3921		3883043		3511
857		3912		3887641		3499
858		3904		3892238		3516
859		3951		3896800		3535
860		3948		3901387		3522
861		3855		3905971		3520
862		3902		3910516		3514
863		3850		3915094		3503
864		3873		3919682		3509
865		3825		3924256		3515
866		3825		3928831		3494
867		3816		3933414		3529
868		3857		3938001		3514
869		3866		3942576		3527
870		3809		3947179		3537
871		3840		3951756		3517
872		3868		3956346		3531
873		3821		3960927		3552
874		3790		3965530		3541
875		3765		3970118		3526
876		3763		3974708		3505
877		3721		3979288		3535
878		3702		3983864		3514
879		3723		3988457		3509
880		3763		3993018		3564
881		3731		3997610		3533
882		3762		4002210		3537
883		3757		4006817		3529
884		3723		4011405		3514
885		3747		4015984		3534
886		3824		4020579		3513
887		3826		4025182		3530
888		3752		4029773		3483
889		3710		4034360		3546
890		3706		4038959		3504
891		3721		4043573		3525
892		3701		4048163		3510
893		3660		4052756		3497
894		3695		4057351		3533
895		3646		4061946		3535
896		3658		4066543		3522
897		3720		4071138		3494
898		3677		4075738		3507
899		3722		4080331		3500
900		3759		4084926		3491
901		3706		4089514		3543
902		3706		4094104		3506
903		3654		4098698		3507
904		3607		4103287		3538
905		3619		4107880		3528
906		3615		4112467		3496
907		3662		4117065		3493
908		3645		4121653		3515
909		3670		4126239		3498
910		3673		4130846		3514
911		3592		4135431		3530
912		3567		4140002		3553
913		3557		4144576		3544
914		3558		4149137		3511
915		3588		4153712		3510
916		3645		4158303		3517
917		3588		4162869		3507
918		3635		4167445		3478
919		3711		4172016		3491
920		3724		4176610		3481
921		3752		4181213		3515
922		3669		4185799		3490
923		3644		4190383		3525
924		3692		4194981		3501
925		3692		4199559		3504
926		3683		4204156		3504
927		3687		4208756		3508
928		3700		4213322		3514
929		3622		4217905		3511
930		3601		4222478		3482
931		3655		4227065		3521
932		3628		4231654		3488
933		3590		4236214		3511
934		3659		4240804		3478
935		3670		4245388		3466
936		3699		4249978		3467
937		3630		4254584		3487
938		3579		4259181		3525
939		3648		4263778		3500
940		3615		4268366		3508
941		3637		4272953		3491
942		3667		4277548		3490
943		3673		4282133		3500
944		3624		4286709		3529
945		3576		4291282		3536
946		3669		4295873		3512
947		3634		4300470		3509
948		3674		4305052		3511
949		3654		4309632		3485
950		3635		4314229		3495
951		3619		4318821		3485
952		3582		4323409		3510
953		3622		4328014		3501
954		3560		4332603		3503
955		3538		4337194		3525
956		3526		4341784		3515
957		3517		4346354		3516
958		3567		4350927		3485
959		3579		4355529		3489
960		3559		4360119		3538
961		3566		4364697		3506
962		3580		4369308		3503
963		3596		4373912		3477
964		3588		4378530		3523
965		3579		4383101		3480
966		3574		4387683		3499
967		3612		4392265		3474
968		3667		4396866		3491
969		3655		4401474		3507
970		3649		4406077		3511
971		3577		4410660		3519
972		3611		4415236		3491
973		3656		4419823		3502
974		3598		4424399		3484
975		3600		4428973		3487
976		3619		4433583		3481
977		3598		4438165		3514
978		3645		4442761		3485
979		3675		4447363		3523
980		3663		4451970		3517
981		3612		4456563		3522
982		3628		4461142		3525
983		3624		4465738		3517
984		3525		4470315		3506
985		3598		4474896		3535
986		3582		4479494		3530
987		3580		4484087		3524
988		3536		4488685		3505
989		3557		4493310		3504
990		3522		4497931		3539
991		3540		4502528		3500
992		3540		4507123		3534
993		3529		4511701		3504
994		3485		4516297		3495
995		3450		4520903		3511
996		3444		4525490		3506
997		3476		4530071		3495
998		3424		4534659		3498
999		3443		4539254		3501
