# Migration is number of nodes that have changed color.

Round		Edge-Cut		Swaps		Migrations		Skipped
0		10134		4639		3245
1		9925		9259		3310
2		9799		13847		3366
3		9609		18432		3382
4		9689		23025		3439
5		9668		27618		3427
6		9509		32206		3444
7		9466		36781		3453
8		9510		41360		3456
9		9466		45921		3499
10		9410		50461		3473
11		9419		55026		3460
12		9471		59591		3506
13		9380		64155		3513
14		9307		68726		3516
15		9208		73254		3476
16		9209		77769		3512
17		9208		82326		3511
18		9225		86891		3466
19		9172		91459		3511
20		9204		95992		3513
21		9044		100516		3517
22		9073		105012		3493
23		9043		109520		3545
24		8980		114031		3516
25		8918		118526		3529
26		8848		122977		3516
27		8834		127442		3507
28		8939		131918		3511
29		8806		136392		3516
30		8852		140880		3497
31		8819		145358		3545
32		8818		149830		3505
33		8838		154325		3507
34		8823		158819		3507
35		8705		163322		3552
36		8606		167790		3500
37		8493		172246		3534
38		8523		176705		3528
39		8464		181147		3510
40		8532		185611		3500
41		8484		190030		3461
42		8473		194470		3480
43		8405		198934		3480
44		8501		203388		3523
45		8430		207847		3494
46		8403		212313		3497
47		8310		216733		3486
48		8281		221200		3536
49		8206		225629		3470
50		8191		230034		3461
51		8215		234470		3485
52		8255		238901		3523
53		8340		243320		3541
54		8278		247755		3540
55		8211		252226		3527
56		8144		256678		3523
57		8041		261086		3520
58		8031		265512		3507
59		8050		269896		3523
60		8015		274335		3511
61		8053		278752		3462
62		7966		283179		3485
63		7908		287611		3540
64		7805		292016		3528
65		7810		296402		3572
66		7742		300815		3552
67		7756		305224		3502
68		7775		309652		3505
69		7666		314060		3517
70		7592		318440		3509
71		7578		322832		3542
72		7568		327224		3509
73		7683		331652		3489
74		7724		336078		3493
75		7651		340497		3501
76		7619		344897		3492
77		7640		349307		3526
78		7652		353729		3532
79		7587		358166		3533
80		7567		362608		3535
81		7574		367026		3521
82		7596		371496		3490
83		7475		375909		3541
84		7407		380312		3550
85		7385		384715		3530
86		7305		389110		3510
87		7311		393492		3544
88		7281		397927		3550
89		7321		402363		3488
90		7320		406817		3489
91		7326		411245		3508
92		7390		415688		3483
93		7223		420130		3509
94		7241		424565		3533
95		7156		428976		3518
96		7095		433400		3483
97		6998		437810		3506
98		6916		442240		3513
99		6982		446687		3494
100		7030		451121		3502
101		6918		455547		3490
102		6844		459979		3511
103		6817		464413		3515
104		6756		468822		3506
105		6783		473245		3511
106		6741		477640		3501
107		6664		482092		3543
108		6612		486490		3525
109		6677		490925		3519
110		6590		495339		3527
111		6637		499753		3525
112		6675		504208		3501
113		6628		508645		3511
114		6674		513100		3498
115		6662		517545		3457
116		6711		521971		3512
117		6631		526414		3529
118		6653		530822		3538
119		6716		535261		3523
120		6810		539724		3548
121		6715		544161		3482
122		6795		548615		3545
123		6762		553061		3556
124		6678		557504		3539
125		6625		561967		3515
126		6602		566386		3508
127		6682		570804		3508
128		6605		575235		3524
129		6635		579666		3491
130		6671		584129		3539
131		6695		588565		3515
132		6616		593017		3561
133		6620		597448		3502
134		6591		601904		3488
135		6526		606340		3479
136		6504		610777		3524
137		6552		615240		3491
138		6537		619708		3469
139		6413		624169		3538
140		6380		628646		3529
141		6444		633098		3562
142		6418		637569		3530
143		6425		642074		3558
144		6435		646540		3519
145		6419		651030		3506
146		6366		655514		3489
147		6451		660011		3540
148		6446		664506		3565
149		6368		668984		3522
150		6305		673454		3513
151		6288		677937		3523
152		6283		682383		3535
153		6271		686844		3545
154		6264		691295		3512
155		6246		695758		3538
156		6226		700231		3535
157		6247		704703		3528
158		6240		709183		3508
159		6124		713643		3485
160		6187		718097		3518
161		6188		722582		3538
162		6154		727046		3521
163		6079		731545		3530
164		6121		736048		3483
165		6047		740524		3506
166		6118		744976		3509
167		6115		749451		3493
168		6095		753927		3503
169		6021		758402		3487
170		6019		762918		3510
171		5996		767360		3536
172		6000		771825		3523
173		5982		776289		3500
174		6003		780782		3530
175		6047		785281		3488
176		5987		789770		3516
177		5963		794287		3548
178		6073		798792		3541
179		6067		803313		3555
180		6067		807821		3522
181		6118		812368		3534
182		6035		816854		3530
183		6037		821328		3551
184		6074		825826		3521
185		6024		830342		3527
186		5921		834843		3526
187		6020		839326		3537
188		5932		843832		3482
189		5920		848342		3500
190		5986		852860		3496
191		5977		857368		3483
192		5958		861862		3499
193		5946		866366		3504
194		5853		870899		3529
195		5856		875400		3528
196		5799		879876		3515
197		5742		884352		3495
198		5743		888812		3544
199		5738		893295		3526
200		5764		897785		3537
201		5766		902280		3526
202		5745		906795		3509
203		5689		911301		3524
204		5743		915824		3516
205		5795		920325		3534
206		5752		924821		3524
207		5778		929355		3520
208		5781		933876		3526
209		5808		938380		3539
210		5745		942896		3524
211		5768		947400		3517
212		5811		951936		3500
213		5749		956455		3512
214		5698		960959		3515
215		5627		965452		3542
216		5644		969944		3512
217		5642		974435		3514
218		5615		978919		3521
219		5626		983429		3533
220		5601		987927		3510
221		5598		992412		3506
222		5545		996932		3529
223		5590		1001440		3543
224		5526		1005956		3542
225		5578		1010475		3528
226		5532		1014997		3521
227		5576		1019495		3516
228		5603		1024002		3508
229		5550		1028532		3559
230		5485		1033038		3520
231		5601		1037577		3555
232		5510		1042119		3530
233		5520		1046637		3534
234		5551		1051156		3537
235		5455		1055679		3540
236		5448		1060202		3494
237		5416		1064728		3502
238		5433		1069226		3528
239		5491		1073762		3475
240		5439		1078288		3501
241		5448		1082816		3500
242		5463		1087352		3535
243		5419		1091887		3546
244		5421		1096399		3544
245		5408		1100893		3528
246		5414		1105397		3489
247		5340		1109921		3510
248		5330		1114424		3522
249		5322		1118936		3530
250		5312		1123463		3490
251		5236		1127984		3514
252		5239		1132489		3523
253		5305		1137013		3501
254		5260		1141515		3478
255		5248		1146020		3542
256		5214		1150514		3538
257		5223		1155000		3517
258		5192		1159488		3521
259		5201		1164017		3540
260		5187		1168556		3506
261		5189		1173077		3555
262		5168		1177600		3560
263		5201		1182130		3541
264		5231		1186640		3523
265		5176		1191169		3561
266		5211		1195689		3506
267		5169		1200207		3544
268		5126		1204733		3552
269		5103		1209246		3543
270		5109		1213778		3506
271		5024		1218324		3481
272		4970		1222848		3538
273		5010		1227375		3532
274		4987		1231883		3527
275		5046		1236386		3527
276		5048		1240919		3525
277		5039		1245490		3521
278		4996		1250012		3501
279		5017		1254533		3545
280		5041		1259044		3536
281		4990		1263577		3549
282		4922		1268090		3553
283		4943		1272625		3533
284		4934		1277117		3523
285		4905		1281628		3509
286		4941		1286134		3547
287		4982		1290650		3503
288		4995		1295183		3538
289		4918		1299709		3530
290		4947		1304223		3521
291		4885		1308717		3589
292		4941		1313249		3532
293		4950		1317768		3538
294		4924		1322315		3547
295		4916		1326841		3540
296		4869		1331349		3555
297		4876		1335895		3551
298		4886		1340439		3551
299		4879		1344965		3546
300		4925		1349515		3539
301		4931		1354078		3553
302		4899		1358628		3551
303		4877		1363160		3548
304		4848		1367697		3524
305		4799		1372229		3507
306		4823		1376756		3510
307		4848		1381297		3537
308		4922		1385837		3516
309		4862		1390400		3504
310		4848		1394947		3545
311		4875		1399481		3539
312		4798		1404008		3532
313		4788		1408550		3526
314		4790		1413084		3515
315		4765		1417628		3540
316		4760		1422159		3523
317		4724		1426696		3504
318		4734		1431213		3522
319		4789		1435744		3529
320		4795		1440268		3520
321		4770		1444798		3480
322		4758		1449304		3478
323		4792		1453832		3500
324		4759		1458355		3478
325		4754		1462857		3522
326		4778		1467385		3539
327		4792		1471945		3530
328		4816		1476478		3519
329		4725		1481004		3504
330		4657		1485545		3510
331		4707		1490077		3533
332		4682		1494619		3493
333		4720		1499151		3539
334		4608		1503667		3543
335		4662		1508208		3547
336		4657		1512734		3522
337		4697		1517278		3523
338		4655		1521816		3549
339		4654		1526332		3542
340		4687		1530849		3515
341		4753		1535379		3535
342		4643		1539927		3510
343		4612		1544441		3535
344		4595		1548973		3507
345		4626		1553512		3473
346		4647		1558036		3482
347		4574		1562562		3538
348		4660		1567105		3557
349		4591		1571639		3523
350		4559		1576190		3517
351		4531		1580710		3505
352		4530		1585231		3506
353		4507		1589762		3495
354		4503		1594299		3495
355		4464		1598817		3467
356		4417		1603327		3508
357		4393		1607852		3519
358		4419		1612374		3500
359		4365		1616888		3502
360		4433		1621411		3474
361		4462		1625953		3501
362		4427		1630510		3495
363		4440		1635089		3536
364		4475		1639654		3497
365		4466		1644223		3515
366		4417		1648772		3514
367		4439		1653343		3483
368		4456		1657889		3517
369		4353		1662425		3494
370		4365		1666954		3546
371		4397		1671484		3545
372		4355		1676016		3566
373		4330		1680565		3516
374		4316		1685103		3545
375		4370		1689641		3542
376		4395		1694172		3515
377		4471		1698709		3535
378		4488		1703271		3551
379		4404		1707834		3537
380		4418		1712393		3510
381		4388		1716932		3550
382		4403		1721467		3522
383		4394		1726044		3499
384		4425		1730627		3521
385		4448		1735182		3505
386		4467		1739724		3509
387		4453		1744269		3497
388		4424		1748830		3453
389		4435		1753392		3481
390		4444		1757953		3497
391		4446		1762507		3529
392		4451		1767054		3503
393		4373		1771585		3501
394		4437		1776154		3509
395		4424		1780728		3518
396		4449		1785270		3536
397		4423		1789845		3516
398		4324		1794402		3512
399		4357		1798957		3533
400		4358		1803516		3544
401		4293		1808066		3498
402		4387		1812608		3496
403		4302		1817157		3503
404		4339		1821709		3512
405		4375		1826258		3548
406		4324		1830807		3458
407		4358		1835346		3511
408		4300		1839894		3514
409		4337		1844458		3481
410		4378		1849035		3489
411		4380		1853602		3511
412		4383		1858132		3508
413		4365		1862663		3509
414		4381		1867249		3520
415		4426		1871800		3556
416		4447		1876357		3523
417		4392		1880921		3534
418		4426		1885504		3530
419		4374		1890067		3535
420		4379		1894609		3539
421		4350		1899165		3532
422		4368		1903740		3546
423		4366		1908300		3538
424		4367		1912871		3516
425		4325		1917418		3518
426		4332		1921989		3519
427		4336		1926549		3501
428		4332		1931116		3535
429		4332		1935680		3528
430		4299		1940251		3521
431		4306		1944821		3513
432		4318		1949404		3475
433		4318		1953983		3520
434		4287		1958543		3468
435		4230		1963107		3522
436		4215		1967650		3548
437		4177		1972214		3517
438		4240		1976745		3506
439		4206		1981290		3523
440		4194		1985874		3514
441		4180		1990435		3515
442		4184		1995011		3507
443		4173		1999581		3488
444		4129		2004138		3483
445		4175		2008709		3487
446		4122		2013283		3517
447		4139		2017862		3490
448		4177		2022421		3468
449		4110		2026992		3513
450		4099		2031557		3487
451		4092		2036135		3495
452		4083		2040688		3481
453		4129		2045242		3516
454		4117		2049813		3509
455		4111		2054373		3516
456		4115		2058926		3479
457		4095		2063504		3563
458		4091		2068096		3533
459		4096		2072681		3506
460		4016		2077233		3508
461		4066		2081790		3509
462		4076		2086329		3491
463		4100		2090907		3526
464		4087		2095483		3534
465		4123		2100036		3491
466		4168		2104601		3530
467		4231		2109176		3502
468		4199		2113753		3521
469		4169		2118319		3527
470		4157		2122906		3512
471		4128		2127480		3513
472		4114		2132047		3527
473		4173		2136626		3499
474		4160		2141202		3511
475		4169		2145755		3525
476		4136		2150334		3534
477		4152		2154910		3551
478		4167		2159468		3515
479		4224		2164041		3489
480		4215		2168613		3498
481		4191		2173173		3498
482		4220		2177745		3519
483		4175		2182325		3474
484		4118		2186879		3522
485		4129		2191451		3492
486		4139		2196019		3502
487		4119		2200594		3507
488		4119		2205170		3512
489		4081		2209720		3536
490		4071		2214267		3500
491		4111		2218841		3510
492		4079		2223412		3521
493		4052		2227971		3500
494		4071		2232548		3492
495		4041		2237105		3496
496		4036		2241650		3492
497		4046		2246215		3486
498		4086		2250779		3481
499		4100		2255336		3503
500		4107		2259921		3490
501		4230		2264551		3477
502		4325		2269175		3492
503		4369		2273796		3495
504		4349		2278429		3486
505		4462		2283062		3466
506		4457		2287689		3474
507		4531		2292315		3492
508		4515		2296933		3500
509		4508		2301551		3513
510		4580		2306150		3486
511		4579		2310749		3539
512		4592		2315363		3533
513		4604		2319978		3544
514		4658		2324581		3523
515		4671		2329201		3496
516		4690		2333810		3524
517		4700		2338411		3559
518		4732		2343040		3527
519		4769		2347659		3495
520		4690		2352255		3509
521		4709		2356853		3524
522		4760		2361474		3544
523		4749		2366079		3504
524		4676		2370668		3481
525		4716		2375265		3517
526		4668		2379864		3492
527		4686		2384471		3526
528		4720		2389087		3494
529		4730		2393710		3473
530		4771		2398307		3486
531		4775		2402889		3533
532		4707		2407496		3499
533		4693		2412067		3509
534		4640		2416653		3473
535		4686		2421235		3484
536		4764		2425822		3503
537		4804		2430426		3526
538		4701		2435006		3495
539		4760		2439594		3509
540		4772		2444183		3522
541		4712		2448774		3511
542		4806		2453375		3489
543		4821		2457981		3503
544		4842		2462552		3500
545		4767		2467121		3497
546		4794		2471711		3510
547		4780		2476293		3489
548		4795		2480867		3526
549		4779		2485427		3500
550		4762		2490003		3515
551		4749		2494570		3502
552		4739		2499134		3515
553		4693		2503685		3496
554		4698		2508252		3516
555		4718		2512824		3520
556		4723		2517367		3509
557		4696		2521934		3506
558		4718		2526503		3512
559		4671		2531049		3528
560		4622		2535604		3499
561		4612		2540133		3501
562		4577		2544722		3493
563		4607		2549251		3485
564		4596		2553816		3512
565		4556		2558397		3515
566		4563		2562968		3513
567		4568		2567527		3499
568		4579		2572103		3536
569		4524		2576682		3521
570		4594		2581242		3485
571		4588		2585812		3470
572		4548		2590398		3507
573		4535		2594965		3517
574		4486		2599532		3538
575		4504		2604095		3527
576		4494		2608670		3555
577		4523		2613261		3497
578		4464		2617838		3478
579		4494		2622409		3528
580		4476		2626970		3510
581		4455		2631573		3516
582		4436		2636137		3529
583		4404		2640703		3524
584		4403		2645265		3545
585		4445		2649844		3551
586		4482		2654381		3530
587		4386		2658949		3503
588		4438		2663521		3526
589		4435		2668073		3519
590		4420		2672623		3545
591		4402		2677202		3519
592		4370		2681754		3521
593		4414		2686294		3509
594		4424		2690865		3552
595		4414		2695438		3539
596		4403		2700001		3564
597		4365		2704571		3578
598		4406		2709155		3514
599		4405		2713722		3529
600		4430		2718279		3496
601		4366		2722865		3493
602		4331		2727444		3515
603		4306		2732005		3500
604		4329		2736552		3515
605		4381		2741102		3518
606		4376		2745660		3529
607		4459		2750250		3504
608		4325		2754819		3515
609		4341		2759377		3524
610		4319		2763928		3526
611		4346		2768483		3552
612		4304		2773048		3512
613		4299		2777624		3510
614		4305		2782185		3510
615		4260		2786749		3502
616		4251		2791329		3510
617		4246		2795874		3509
618		4261		2800442		3497
619		4322		2805013		3502
620		4300		2809585		3476
621		4345		2814158		3495
622		4301		2818735		3516
623		4306		2823288		3513
624		4298		2827877		3530
625		4310		2832452		3488
626		4250		2837036		3552
627		4269		2841607		3509
628		4301		2846155		3516
629		4251		2850735		3500
630		4235		2855324		3524
631		4159		2859894		3503
632		4156		2864473		3507
633		4141		2869058		3511
634		4138		2873649		3523
635		4142		2878191		3525
636		4127		2882759		3532
637		4116		2887334		3513
638		4144		2891905		3488
639		4172		2896493		3522
640		4186		2901079		3518
641		4193		2905668		3520
642		4185		2910266		3484
643		4224		2914852		3512
644		4188		2919441		3490
645		4199		2924022		3505
646		4255		2928584		3491
647		4293		2933170		3520
648		4303		2937765		3452
649		4299		2942323		3472
650		4302		2946896		3500
651		4285		2951467		3480
652		4239		2956042		3484
653		4225		2960607		3471
654		4241		2965188		3494
655		4186		2969768		3484
656		4173		2974333		3470
657		4237		2978903		3519
658		4224		2983459		3471
659		4257		2988028		3490
660		4238		2992593		3493
661		4226		2997151		3501
662		4206		3001728		3545
663		4257		3006304		3533
664		4259		3010856		3535
665		4249		3015443		3497
666		4252		3020021		3502
667		4250		3024590		3524
668		4294		3029175		3508
669		4163		3033729		3494
670		4245		3038299		3500
671		4196		3042881		3506
672		4184		3047458		3473
673		4160		3052047		3486
674		4174		3056629		3495
675		4170		3061199		3468
676		4154		3065771		3471
677		4136		3070330		3486
678		4150		3074908		3488
679		4140		3079508		3512
680		4178		3084080		3526
681		4130		3088654		3491
682		4132		3093215		3508
683		4132		3097811		3495
684		4114		3102391		3504
685		4083		3106959		3503
686		4141		3111551		3529
687		4034		3116124		3509
688		4069		3120706		3511
689		4070		3125305		3487
690		4064		3129874		3529
691		4035		3134457		3547
692		4014		3139027		3489
693		4051		3143594		3492
694		3977		3148164		3490
695		3992		3152735		3488
696		4044		3157310		3491
697		4045		3161876		3506
698		4001		3166447		3514
699		4014		3171031		3494
700		4013		3175601		3512
701		4058		3180185		3498
702		4080		3184757		3509
703		4089		3189329		3523
704		4010		3193897		3521
705		4041		3198463		3542
706		4095		3203069		3492
707		4099		3207663		3508
708		4176		3212226		3477
709		4150		3216834		3495
710		4141		3221426		3504
711		4164		3226005		3508
712		4126		3230585		3510
713		4123		3235157		3518
714		4197		3239723		3542
715		4189		3244306		3496
716		4178		3248890		3496
717		4196		3253468		3529
718		4124		3258042		3489
719		4158		3262581		3483
720		4138		3267157		3489
721		4183		3271725		3508
722		4177		3276319		3499
723		4185		3280906		3518
724		4215		3285486		3509
725		4208		3290092		3530
726		4170		3294653		3493
727		4151		3299252		3538
728		4151		3303841		3547
729		4090		3308399		3524
730		4110		3312953		3518
731		4182		3317519		3523
732		4156		3322101		3513
733		4126		3326694		3521
734		4122		3331270		3506
735		4198		3335847		3497
736		4142		3340426		3524
737		4150		3345007		3505
738		4126		3349594		3512
739		4103		3354158		3511
740		4106		3358740		3519
741		4121		3363325		3534
742		4107		3367896		3508
743		4092		3372459		3478
744		4091		3377038		3498
745		4165		3381625		3484
746		4147		3386213		3484
747		4203		3390795		3526
748		4182		3395372		3490
749		4131		3399939		3487
750		4165		3404528		3512
751		4223		3409122		3514
752		4183		3413718		3509
753		4198		3418307		3495
754		4162		3422889		3485
755		4166		3427459		3507
756		4215		3432067		3471
757		4123		3436651		3484
758		4072		3441237		3496
759		4048		3445812		3521
760		4032		3450391		3497
761		4018		3454946		3477
762		4037		3459526		3472
763		3986		3464113		3525
764		4042		3468690		3507
765		4026		3473255		3515
766		4058		3477845		3496
767		4052		3482439		3463
768		4018		3487031		3495
769		4018		3491591		3520
770		3954		3496147		3520
771		4015		3500734		3500
772		4024		3505327		3499
773		4018		3509891		3513
774		4027		3514475		3509
775		4008		3519085		3505
776		4002		3523655		3488
777		4015		3528235		3540
778		4048		3532826		3489
779		3989		3537418		3474
780		3992		3541999		3508
781		3985		3546581		3455
782		4015		3551143		3474
783		3974		3555726		3497
784		3955		3560294		3493
785		3959		3564878		3487
786		3976		3569443		3520
787		3991		3574027		3462
788		3999		3578615		3521
789		3996		3583204		3516
790		4010		3587792		3492
791		3977		3592382		3492
792		3935		3596996		3488
793		3953		3601592		3496
794		3930		3606185		3493
795		3895		3610771		3480
796		3885		3615360		3524
797		3870		3619944		3500
798		3866		3624539		3490
799		3869		3629146		3517
800		3888		3633738		3499
801		3870		3638336		3502
802		3872		3642935		3469
803		3852		3647513		3495
804		3876		3652103		3508
805		3924		3656719		3502
806		3874		3661316		3481
807		3904		3665936		3482
808		3801		3670537		3457
809		3797		3675147		3525
810		3764		3679729		3533
811		3807		3684317		3472
812		3823		3688912		3464
813		3778		3693518		3493
814		3768		3698124		3472
815		3747		3702729		3467
816		3762		3707330		3502
817		3721		3711910		3491
818		3777		3716488		3530
819		3811		3721098		3537
820		3724		3725720		3513
821		3758		3730331		3539
822		3735		3734911		3493
823		3775		3739518		3501
824		3747		3744122		3512
825		3762		3748717		3509
826		3735		3753323		3516
827		3810		3757924		3520
828		3760		3762503		3483
829		3739		3767081		3503
830		3738		3771660		3507
831		3757		3776244		3509
832		3818		3780836		3512
833		3805		3785408		3477
834		3827		3789996		3505
835		3762		3794621		3508
836		3743		3799231		3495
837		3747		3803810		3519
838		3677		3808382		3528
839		3684		3812961		3492
840		3662		3817545		3511
841		3619		3822135		3493
842		3624		3826735		3513
843		3656		3831314		3478
844		3666		3835896		3473
845		3745		3840469		3485
846		3756		3845079		3506
847		3747		3849685		3494
848		3677		3854283		3489
849		3704		3858879		3474
850		3657		3863472		3495
851		3673		3868087		3495
852		3694		3872669		3527
853		3669		3877277		3495
854		3681		3881891		3549
855		3630		3886480		3492
856		3642		3891090		3508
857		3635		3895676		3529
858		3602		3900263		3507
859		3621		3904857		3531
860		3612		3909445		3480
861		3607		3914027		3519
862		3611		3918623		3503
863		3589		3923227		3491
864		3605		3927819		3493
865		3569		3932418		3487
866		3620		3937000		3480
867		3660		3941581		3497
868		3632		3946180		3507
869		3588		3950771		3523
870		3583		3955354		3486
871		3599		3959947		3488
872		3590		3964554		3478
873		3557		3969136		3490
874		3562		3973721		3478
875		3552		3978309		3516
876		3536		3982916		3502
877		3625		3987508		3502
878		3597		3992113		3499
879		3582		3996709		3500
880		3626		4001303		3510
881		3606		4005901		3484
882		3629		4010495		3493
883		3582		4015089		3522
884		3548		4019664		3491
885		3490		4024234		3481
886		3446		4028842		3457
887		3480		4033425		3521
888		3476		4038013		3501
889		3523		4042605		3472
890		3496		4047199		3485
891		3506		4051806		3512
892		3523		4056412		3481
893		3576		4061006		3517
894		3544		4065593		3483
895		3577		4070175		3519
896		3593		4074780		3512
897		3576		4079390		3519
898		3556		4083985		3522
899		3531		4088579		3496
900		3510		4093164		3521
901		3497		4097750		3503
902		3502		4102345		3524
903		3464		4106930		3513
904		3463		4111509		3492
905		3443		4116109		3499
906		3471		4120715		3476
907		3487		4125303		3488
908		3492		4129893		3498
909		3535		4134489		3519
910		3546		4139078		3520
911		3535		4143672		3522
912		3456		4148278		3526
913		3438		4152872		3535
914		3424		4157455		3515
915		3406		4162051		3530
916		3427		4166645		3501
917		3415		4171232		3485
918		3435		4175853		3535
919		3436		4180468		3513
920		3501		4185065		3508
921		3493		4189681		3535
922		3466		4194296		3494
923		3459		4198894		3541
924		3397		4203506		3512
925		3403		4208117		3514
926		3378		4212709		3493
927		3420		4217328		3489
928		3424		4221950		3504
929		3426		4226569		3494
930		3429		4231188		3486
931		3391		4235809		3500
932		3465		4240408		3491
933		3480		4245020		3522
934		3430		4249633		3491
935		3421		4254234		3533
936		3394		4258849		3497
937		3438		4263464		3489
938		3462		4268069		3523
939		3436		4272676		3511
940		3464		4277304		3523
941		3422		4281917		3514
942		3424		4286523		3503
943		3459		4291131		3527
944		3451		4295719		3534
945		3442		4300309		3464
946		3433		4304922		3492
947		3382		4309505		3493
948		3373		4314104		3514
949		3388		4318714		3486
950		3369		4323299		3527
951		3460		4327898		3488
952		3403		4332495		3499
953		3516		4337110		3530
954		3472		4341718		3508
955		3491		4346340		3524
956		3450		4350971		3473
957		3483		4355582		3530
958		3467		4360176		3525
959		3450		4364773		3509
960		3472		4369369		3516
961		3440		4373965		3506
962		3480		4378568		3506
963		3493		4383163		3489
964		3540		4387780		3523
965		3501		4392383		3489
966		3488		4397000		3529
967		3500		4401600		3495
968		3469		4406198		3495
969		3560		4410815		3538
970		3576		4415415		3536
971		3537		4420030		3500
972		3500		4424626		3530
973		3478		4429226		3542
974		3552		4433822		3496
975		3600		4438421		3524
976		3560		4443035		3510
977		3504		4447642		3519
978		3488		4452236		3515
979		3446		4456853		3510
980		3548		4461447		3520
981		3529		4466058		3496
982		3549		4470669		3518
983		3513		4475252		3520
984		3517		4479844		3506
985		3495		4484444		3485
986		3468		4489032		3503
987		3486		4493628		3492
988		3509		4498235		3520
989		3539		4502841		3509
990		3546		4507454		3487
991		3548		4512061		3484
992		3574		4516678		3487
993		3571		4521295		3491
994		3578		4525903		3491
995		3555		4530500		3469
996		3545		4535080		3531
997		3514		4539681		3506
998		3525		4544263		3507
999		3491		4548871		3511
