# Migration is number of nodes that have changed color.

Round		Edge-Cut		Swaps		Migrations		Skipped
0		10120		4642		3277
1		10011		9277		3278
2		9853		13887		3400
3		9806		18476		3433
4		9688		23051		3456
5		9726		27637		3463
6		9699		32235		3475
7		9655		36811		3488
8		9576		41382		3495
9		9576		45945		3534
10		9580		50516		3537
11		9558		55083		3508
12		9464		59654		3513
13		9460		64223		3472
14		9406		68785		3497
15		9396		73327		3530
16		9404		77901		3534
17		9461		82465		3463
18		9207		87013		3530
19		9296		91570		3511
20		9271		96109		3511
21		9300		100628		3457
22		9291		105188		3506
23		9230		109716		3508
24		9246		114227		3530
25		9154		118782		3486
26		9097		123284		3523
27		9121		127806		3517
28		9150		132315		3528
29		9058		136826		3529
30		9071		141322		3568
31		8996		145849		3524
32		9011		150349		3534
33		9010		154850		3522
34		8911		159362		3537
35		8887		163849		3561
36		8880		168374		3507
37		8854		172870		3514
38		8812		177363		3533
39		8861		181865		3589
40		8697		186352		3524
41		8732		190857		3555
42		8791		195343		3569
43		8768		199820		3532
44		8716		204298		3521
45		8645		208788		3567
46		8696		213256		3547
47		8601		217745		3529
48		8642		222210		3556
49		8667		226682		3543
50		8578		231116		3578
51		8607		235556		3544
52		8583		240049		3542
53		8560		244517		3524
54		8573		249004		3556
55		8495		253480		3524
56		8516		257945		3541
57		8399		262423		3498
58		8369		266872		3547
59		8334		271313		3519
60		8300		275750		3499
61		8267		280207		3513
62		8199		284657		3533
63		8263		289108		3517
64		8251		293557		3558
65		8290		297989		3564
66		8140		302438		3551
67		8198		306904		3549
68		8165		311371		3509
69		8084		315836		3478
70		8084		320285		3529
71		8075		324765		3535
72		7992		329211		3556
73		7980		333630		3583
74		7964		338070		3544
75		7980		342509		3502
76		7928		346959		3506
77		7809		351419		3522
78		7794		355841		3569
79		7661		360253		3522
80		7667		364688		3520
81		7630		369096		3520
82		7650		373490		3568
83		7568		377912		3567
84		7586		382365		3518
85		7455		386792		3479
86		7477		391199		3555
87		7371		395626		3563
88		7359		400062		3539
89		7323		404485		3540
90		7312		408887		3537
91		7221		413328		3497
92		7287		417733		3513
93		7254		422175		3540
94		7222		426617		3499
95		7171		431034		3520
96		7206		435493		3536
97		7132		439946		3518
98		7082		444349		3517
99		7075		448781		3545
100		7073		453227		3505
101		6976		457649		3517
102		6983		462073		3533
103		6974		466518		3504
104		6967		470970		3556
105		6931		475372		3509
106		6948		479840		3540
107		6958		484305		3580
108		6958		488734		3551
109		6924		493180		3523
110		6910		497601		3520
111		6879		502031		3509
112		6905		506485		3484
113		6874		510928		3520
114		6783		515359		3530
115		6702		519799		3541
116		6727		524223		3542
117		6746		528644		3471
118		6707		533081		3541
119		6665		537506		3545
120		6596		541943		3556
121		6564		546356		3480
122		6528		550792		3525
123		6550		555220		3538
124		6524		559598		3587
125		6551		564031		3558
126		6677		568471		3586
127		6649		572905		3564
128		6709		577374		3558
129		6679		581847		3561
130		6660		586301		3528
131		6725		590766		3536
132		6666		595266		3577
133		6710		599762		3542
134		6746		604269		3511
135		6632		608762		3569
136		6634		613216		3564
137		6669		617700		3549
138		6598		622176		3478
139		6660		626638		3528
140		6664		631132		3496
141		6591		635620		3530
142		6586		640088		3486
143		6529		644561		3516
144		6492		649028		3482
145		6461		653524		3531
146		6378		657998		3552
147		6309		662467		3564
148		6256		666916		3537
149		6206		671381		3533
150		6178		675855		3522
151		6174		680334		3524
152		6109		684788		3519
153		6023		689227		3515
154		6022		693706		3542
155		6089		698203		3561
156		5975		702682		3543
157		6003		707149		3546
158		5998		711590		3553
159		5924		716071		3559
160		5912		720523		3518
161		5904		724975		3521
162		5974		729423		3553
163		5907		733910		3551
164		6049		738370		3552
165		6074		742815		3573
166		6014		747275		3527
167		5982		751752		3537
168		6003		756226		3542
169		5957		760679		3537
170		5906		765115		3533
171		5941		769566		3538
172		5990		774022		3527
173		6028		778518		3545
174		5909		783011		3564
175		5927		787503		3543
176		5947		791985		3597
177		6026		796501		3503
178		5959		800984		3514
179		5953		805483		3552
180		5959		809987		3557
181		5926		814464		3525
182		5853		818992		3548
183		5781		823479		3512
184		5866		827962		3555
185		5829		832465		3538
186		5756		836963		3527
187		5731		841462		3504
188		5699		845946		3494
189		5691		850418		3552
190		5641		854873		3528
191		5641		859349		3508
192		5587		863854		3523
193		5640		868313		3529
194		5710		872796		3544
195		5578		877306		3531
196		5635		881806		3574
197		5586		886301		3566
198		5571		890810		3549
199		5656		895288		3512
200		5611		899797		3528
201		5608		904307		3553
202		5714		908827		3518
203		5646		913323		3528
204		5575		917811		3527
205		5585		922301		3588
206		5629		926814		3557
207		5549		931317		3526
208		5573		935818		3562
209		5578		940329		3531
210		5565		944832		3558
211		5536		949393		3533
212		5565		953917		3541
213		5568		958441		3551
214		5496		962940		3560
215		5490		967433		3518
216		5446		971934		3558
217		5500		976436		3548
218		5487		980949		3542
219		5473		985453		3553
220		5441		989974		3530
221		5474		994466		3526
222		5493		998960		3570
223		5564		1003486		3557
224		5485		1007987		3561
225		5477		1012485		3582
226		5450		1016993		3573
227		5376		1021505		3549
228		5437		1026019		3570
229		5373		1030508		3588
230		5382		1035024		3571
231		5338		1039551		3553
232		5320		1044065		3546
233		5370		1048610		3583
234		5327		1053153		3556
235		5309		1057669		3544
236		5246		1062192		3523
237		5258		1066709		3588
238		5333		1071231		3583
239		5363		1075745		3524
240		5308		1080265		3549
241		5254		1084809		3579
242		5276		1089327		3520
243		5306		1093846		3545
244		5378		1098374		3523
245		5288		1102901		3565
246		5354		1107442		3556
247		5357		1111957		3553
248		5393		1116468		3546
249		5317		1121002		3535
250		5303		1125523		3548
251		5179		1130036		3565
252		5163		1134543		3545
253		5227		1139069		3526
254		5170		1143592		3558
255		5175		1148094		3576
256		5210		1152605		3546
257		5148		1157135		3552
258		5163		1161638		3526
259		5198		1166169		3506
260		5169		1170715		3550
261		5151		1175246		3512
262		5142		1179774		3530
263		5115		1184292		3549
264		5096		1188812		3530
265		5078		1193334		3519
266		5102		1197864		3520
267		5110		1202416		3554
268		5138		1206975		3560
269		5146		1211503		3555
270		5169		1216049		3548
271		5096		1220570		3550
272		5107		1225108		3527
273		5118		1229628		3512
274		5177		1234162		3532
275		5060		1238701		3536
276		5003		1243215		3534
277		4996		1247729		3532
278		5005		1252238		3533
279		4988		1256764		3521
280		4917		1261280		3505
281		4929		1265777		3548
282		4926		1270277		3513
283		4973		1274805		3533
284		4898		1279341		3542
285		5013		1283850		3526
286		5011		1288380		3507
287		5035		1292904		3544
288		4961		1297448		3512
289		4979		1301981		3539
290		4947		1306512		3529
291		4990		1311074		3541
292		4921		1315621		3562
293		4872		1320160		3575
294		4797		1324667		3525
295		4774		1329178		3518
296		4776		1333698		3557
297		4808		1338204		3546
298		4813		1342738		3550
299		4813		1347263		3555
300		4845		1351801		3524
301		4718		1356332		3556
302		4773		1360841		3538
303		4802		1365376		3540
304		4744		1369892		3538
305		4825		1374427		3565
306		4781		1378949		3535
307		4734		1383488		3565
308		4780		1388037		3569
309		4781		1392577		3542
310		4769		1397082		3571
311		4827		1401632		3518
312		4759		1406180		3502
313		4746		1410729		3528
314		4735		1415284		3545
315		4759		1419825		3547
316		4788		1424351		3535
317		4780		1428885		3559
318		4635		1433433		3556
319		4680		1437967		3563
320		4724		1442503		3503
321		4774		1447046		3538
322		4830		1451590		3516
323		4782		1456158		3549
324		4771		1460683		3559
325		4761		1465235		3531
326		4733		1469789		3553
327		4801		1474341		3527
328		4798		1478882		3569
329		4763		1483426		3569
330		4780		1487963		3576
331		4774		1492486		3540
332		4777		1497023		3532
333		4783		1501602		3554
334		4758		1506154		3573
335		4759		1510694		3525
336		4741		1515237		3545
337		4767		1519788		3517
338		4753		1524332		3526
339		4770		1528874		3479
340		4762		1533424		3537
341		4754		1537974		3529
342		4785		1542527		3525
343		4741		1547056		3531
344		4720		1551604		3523
345		4677		1556146		3549
346		4708		1560676		3537
347		4700		1565233		3530
348		4735		1569777		3520
349		4716		1574345		3517
350		4637		1578905		3513
351		4704		1583454		3502
352		4627		1588006		3492
353		4602		1592567		3509
354		4653		1597123		3542
355		4677		1601684		3526
356		4634		1606244		3523
357		4592		1610787		3493
358		4583		1615320		3526
359		4599		1619872		3515
360		4570		1624419		3531
361		4571		1628963		3520
362		4550		1633519		3521
363		4625		1638074		3507
364		4565		1642603		3537
365		4608		1647145		3557
366		4580		1651690		3545
367		4612		1656263		3485
368		4601		1660818		3532
369		4663		1665389		3512
370		4634		1669947		3535
371		4623		1674522		3531
372		4574		1679088		3503
373		4478		1683631		3533
374		4458		1688183		3520
375		4439		1692724		3560
376		4418		1697264		3521
377		4450		1701797		3525
378		4456		1706352		3549
379		4411		1710906		3527
380		4431		1715485		3513
381		4435		1720056		3517
382		4416		1724622		3506
383		4510		1729175		3491
384		4537		1733730		3484
385		4573		1738270		3499
386		4500		1742830		3510
387		4483		1747393		3535
388		4450		1751966		3520
389		4517		1756523		3561
390		4471		1761092		3562
391		4507		1765652		3575
392		4545		1770203		3511
393		4528		1774733		3560
394		4515		1779314		3506
395		4498		1783864		3558
396		4427		1788402		3533
397		4424		1792970		3535
398		4431		1797491		3507
399		4422		1802017		3509
400		4345		1806570		3511
401		4393		1811124		3518
402		4335		1815683		3534
403		4343		1820236		3553
404		4350		1824788		3533
405		4410		1829368		3541
406		4353		1833932		3494
407		4286		1838500		3514
408		4293		1843054		3510
409		4299		1847603		3534
410		4271		1852161		3524
411		4237		1856702		3529
412		4295		1861243		3538
413		4288		1865817		3532
414		4281		1870391		3570
415		4238		1874944		3548
416		4185		1879508		3547
417		4287		1884070		3523
418		4313		1888640		3519
419		4244		1893193		3539
420		4268		1897771		3525
421		4265		1902344		3544
422		4329		1906906		3549
423		4292		1911475		3559
424		4256		1916018		3559
425		4295		1920605		3533
426		4297		1925168		3565
427		4316		1929763		3521
428		4372		1934334		3514
429		4361		1938907		3563
430		4310		1943456		3523
431		4285		1948020		3535
432		4356		1952605		3542
433		4350		1957170		3521
434		4299		1961731		3513
435		4240		1966295		3523
436		4244		1970831		3528
437		4238		1975402		3531
438		4227		1979971		3542
439		4254		1984512		3532
440		4248		1989088		3535
441		4216		1993664		3530
442		4221		1998238		3530
443		4239		2002787		3549
444		4226		2007353		3500
445		4241		2011907		3518
446		4239		2016456		3510
447		4248		2020997		3506
448		4240		2025541		3539
449		4234		2030091		3533
450		4218		2034672		3537
451		4209		2039256		3525
452		4237		2043832		3513
453		4240		2048409		3497
454		4220		2052973		3528
455		4204		2057534		3538
456		4227		2062107		3535
457		4183		2066682		3554
458		4246		2071255		3534
459		4247		2075824		3525
460		4240		2080402		3523
461		4290		2084981		3517
462		4310		2089547		3518
463		4291		2094135		3539
464		4200		2098720		3547
465		4242		2103296		3564
466		4217		2107879		3535
467		4138		2112439		3538
468		4130		2116993		3531
469		4107		2121553		3521
470		4048		2126124		3560
471		4045		2130686		3548
472		3999		2135271		3488
473		3965		2139807		3522
474		3956		2144375		3519
475		3990		2148933		3518
476		4069		2153504		3523
477		4050		2158072		3547
478		4046		2162623		3533
479		4076		2167193		3525
480		4049		2171741		3528
481		4075		2176305		3563
482		4062		2180875		3577
483		4104		2185435		3508
484		4115		2190000		3539
485		4068		2194544		3545
486		4087		2199111		3540
487		4087		2203656		3544
488		4115		2208243		3554
489		4035		2212823		3545
490		4051		2217399		3556
491		4054		2221962		3531
492		4008		2226538		3518
493		3941		2231115		3514
494		3931		2235667		3533
495		3932		2240230		3558
496		3939		2244805		3503
497		3991		2249367		3542
498		4009		2253944		3540
499		3954		2258517		3538
500		3984		2263083		3559
501		4100		2267696		3561
502		4198		2272331		3526
503		4238		2276956		3515
504		4308		2281582		3514
505		4341		2286205		3503
506		4406		2290831		3568
507		4306		2295443		3534
508		4319		2300070		3542
509		4358		2304669		3529
510		4431		2309286		3550
511		4427		2313883		3563
512		4465		2318488		3567
513		4528		2323102		3526
514		4567		2327706		3516
515		4550		2332323		3551
516		4540		2336921		3536
517		4581		2341533		3507
518		4624		2346142		3560
519		4609		2350750		3565
520		4639		2355366		3511
521		4645		2359975		3518
522		4614		2364584		3575
523		4612		2369184		3549
524		4598		2373790		3552
525		4630		2378397		3521
526		4685		2383009		3570
527		4593		2387613		3539
528		4506		2392214		3511
529		4548		2396792		3532
530		4586		2401402		3553
531		4577		2405996		3510
532		4584		2410588		3498
533		4606		2415168		3530
534		4615		2419763		3500
535		4635		2424359		3511
536		4639		2428959		3525
537		4603		2433540		3535
538		4613		2438132		3531
539		4540		2442728		3511
540		4601		2447304		3525
541		4582		2451881		3557
542		4550		2456479		3528
543		4544		2461073		3569
544		4481		2465658		3571
545		4500		2470237		3531
546		4552		2474852		3516
547		4584		2479436		3524
548		4518		2484021		3539
549		4581		2488625		3529
550		4593		2493217		3539
551		4594		2497824		3550
552		4619		2502428		3523
553		4566		2507013		3548
554		4554		2511608		3544
555		4520		2516182		3573
556		4530		2520762		3495
557		4531		2525341		3571
558		4446		2529939		3524
559		4518		2534532		3537
560		4482		2539121		3553
561		4441		2543697		3555
562		4509		2548276		3534
563		4470		2552834		3514
564		4426		2557420		3504
565		4453		2562032		3521
566		4377		2566632		3552
567		4379		2571221		3526
568		4424		2575803		3541
569		4419		2580377		3516
570		4350		2584956		3548
571		4333		2589544		3539
572		4326		2594124		3537
573		4293		2598696		3542
574		4354		2603291		3515
575		4248		2607879		3539
576		4255		2612469		3558
577		4250		2617044		3538
578		4290		2621603		3522
579		4235		2626182		3517
580		4190		2630766		3528
581		4195		2635343		3529
582		4165		2639918		3549
583		4158		2644494		3542
584		4149		2649088		3543
585		4167		2653661		3558
586		4191		2658233		3523
587		4147		2662815		3529
588		4155		2667385		3576
589		4202		2671978		3536
590		4219		2676571		3497
591		4236		2681168		3560
592		4203		2685751		3548
593		4227		2690340		3555
594		4184		2694911		3500
595		4148		2699489		3544
596		4098		2704079		3509
597		4052		2708645		3555
598		4059		2713221		3551
599		4041		2717797		3513
600		4054		2722381		3520
601		3994		2726966		3548
602		4025		2731542		3555
603		3993		2736096		3530
604		4028		2740676		3536
605		4019		2745258		3520
606		4010		2749837		3540
607		4064		2754409		3542
608		4075		2758996		3554
609		4129		2763581		3556
610		4100		2768175		3523
611		4094		2772752		3550
612		4083		2777314		3551
613		4131		2781905		3539
614		4105		2786486		3557
615		4079		2791049		3562
616		4025		2795615		3552
617		4067		2800200		3538
618		4035		2804770		3541
619		4109		2809371		3550
620		4041		2813944		3537
621		4132		2818529		3530
622		4116		2823112		3509
623		4124		2827694		3531
624		4135		2832294		3512
625		4098		2836872		3497
626		4112		2841455		3504
627		4105		2846037		3550
628		4108		2850619		3542
629		4149		2855209		3508
630		4115		2859796		3532
631		4045		2864347		3516
632		4094		2868933		3539
633		4112		2873467		3512
634		4098		2878049		3562
635		4126		2882647		3532
636		4101		2887216		3540
637		4027		2891778		3532
638		4001		2896325		3498
639		4021		2900890		3536
640		3995		2905462		3544
641		4012		2909998		3532
642		4035		2914573		3530
643		4024		2919143		3544
644		4022		2923708		3509
645		4030		2928288		3534
646		4018		2932870		3537
647		3996		2937444		3541
648		3979		2942000		3538
649		4056		2946571		3519
650		3986		2951168		3538
651		3983		2955744		3546
652		4022		2960329		3503
653		4035		2964916		3536
654		3970		2969494		3509
655		3971		2974095		3561
656		3988		2978687		3552
657		3940		2983268		3537
658		4008		2987849		3523
659		3978		2992427		3536
660		3948		2997005		3526
661		3929		3001581		3507
662		3955		3006152		3542
663		3967		3010738		3549
664		3885		3015324		3557
665		3886		3019882		3504
666		3941		3024458		3572
667		3983		3029035		3529
668		3970		3033600		3548
669		4016		3038168		3534
670		4003		3042764		3508
671		3998		3047337		3543
672		3982		3051869		3541
673		3957		3056446		3517
674		3939		3060999		3522
675		3895		3065553		3494
676		3883		3070111		3527
677		3874		3074669		3527
678		3912		3079226		3558
679		3964		3083790		3547
680		3953		3088353		3539
681		3927		3092926		3554
682		3971		3097505		3550
683		3937		3102107		3538
684		3885		3106683		3559
685		3875		3111268		3551
686		3799		3115826		3589
687		3807		3120393		3544
688		3879		3124975		3565
689		3842		3129560		3563
690		3886		3134148		3559
691		3869		3138739		3557
692		3925		3143314		3554
693		3964		3147909		3573
694		3949		3152511		3508
695		3977		3157094		3530
696		3930		3161681		3542
697		3934		3166264		3516
698		3883		3170841		3522
699		3871		3175413		3530
700		3936		3179992		3499
701		3938		3184582		3529
702		3873		3189167		3540
703		3862		3193762		3545
704		3793		3198331		3544
705		3830		3202913		3538
706		3778		3207489		3546
707		3852		3212077		3556
708		3868		3216672		3564
709		3864		3221271		3542
710		3838		3225852		3546
711		3846		3230419		3509
712		3840		3235025		3545
713		3854		3239611		3519
714		3842		3244194		3508
715		3808		3248803		3551
716		3813		3253373		3546
717		3829		3257988		3555
718		3817		3262591		3582
719		3787		3267197		3524
720		3708		3271795		3560
721		3687		3276371		3542
722		3718		3280957		3560
723		3742		3285546		3524
724		3767		3290145		3550
725		3746		3294741		3582
726		3732		3299322		3524
727		3692		3303901		3528
728		3714		3308486		3544
729		3783		3313055		3540
730		3717		3317630		3558
731		3806		3322229		3523
732		3747		3326822		3521
733		3722		3331402		3521
734		3735		3335982		3559
735		3689		3340575		3546
736		3725		3345158		3560
737		3751		3349753		3525
738		3708		3354348		3553
739		3729		3358923		3541
740		3771		3363537		3529
741		3744		3368136		3525
742		3729		3372711		3507
743		3709		3377267		3532
744		3711		3381857		3536
745		3723		3386436		3536
746		3787		3391004		3533
747		3757		3395566		3532
748		3736		3400135		3538
749		3739		3404693		3552
750		3771		3409289		3530
751		3794		3413883		3531
752		3806		3418487		3521
753		3810		3423101		3529
754		3782		3427717		3526
755		3712		3432300		3502
756		3702		3436876		3508
757		3780		3441453		3517
758		3746		3446012		3552
759		3789		3450617		3547
760		3771		3455196		3529
761		3799		3459777		3544
762		3832		3464358		3539
763		3816		3468949		3545
764		3778		3473523		3521
765		3749		3478094		3526
766		3784		3482682		3513
767		3781		3487269		3529
768		3719		3491858		3519
769		3706		3496438		3558
770		3704		3501018		3547
771		3663		3505594		3560
772		3704		3510174		3559
773		3748		3514778		3525
774		3795		3519352		3540
775		3791		3523933		3520
776		3788		3528519		3518
777		3753		3533124		3497
778		3803		3537720		3501
779		3812		3542311		3522
780		3782		3546916		3507
781		3785		3551509		3513
782		3721		3556098		3524
783		3670		3560685		3522
784		3757		3565263		3559
785		3767		3569854		3537
786		3757		3574444		3569
787		3764		3579056		3522
788		3700		3583644		3510
789		3711		3588242		3518
790		3673		3592830		3491
791		3677		3597414		3522
792		3636		3602015		3510
793		3629		3606619		3523
794		3579		3611214		3478
795		3636		3615799		3514
796		3664		3620396		3494
797		3714		3624990		3516
798		3729		3629556		3527
799		3696		3634133		3533
800		3744		3638702		3526
801		3703		3643268		3518
802		3751		3647866		3523
803		3779		3652451		3529
804		3735		3657045		3560
805		3732		3661629		3504
806		3790		3666222		3494
807		3770		3670802		3530
808		3774		3675385		3543
809		3761		3679995		3524
810		3836		3684599		3543
811		3862		3689201		3549
812		3784		3693800		3532
813		3803		3698381		3533
814		3815		3702987		3553
815		3802		3707592		3556
816		3774		3712186		3554
817		3825		3716799		3521
818		3770		3721385		3552
819		3705		3725971		3550
820		3780		3730569		3514
821		3795		3735177		3525
822		3849		3739791		3529
823		3864		3744398		3532
824		3807		3749004		3519
825		3772		3753591		3527
826		3741		3758180		3535
827		3788		3762752		3563
828		3736		3767358		3538
829		3653		3771963		3519
830		3644		3776527		3551
831		3661		3781087		3572
832		3619		3785668		3553
833		3676		3790246		3554
834		3685		3794830		3542
835		3681		3799397		3564
836		3696		3803990		3555
837		3663		3808600		3537
838		3684		3813163		3540
839		3617		3817724		3554
840		3663		3822307		3519
841		3630		3826874		3571
842		3672		3831461		3531
843		3689		3836055		3538
844		3644		3840640		3532
845		3681		3845240		3571
846		3723		3849827		3542
847		3722		3854429		3565
848		3669		3859028		3549
849		3673		3863617		3557
850		3685		3868219		3534
851		3728		3872801		3523
852		3708		3877380		3511
853		3693		3881973		3527
854		3656		3886545		3521
855		3624		3891121		3561
856		3663		3895701		3543
857		3688		3900305		3533
858		3746		3904894		3565
859		3728		3909499		3537
860		3742		3914095		3556
861		3701		3918702		3529
862		3659		3923317		3516
863		3690		3927906		3509
864		3677		3932496		3537
865		3706		3937096		3539
866		3755		3941697		3566
867		3683		3946293		3536
868		3646		3950872		3534
869		3622		3955467		3561
870		3580		3960054		3546
871		3645		3964649		3568
872		3649		3969232		3552
873		3639		3973836		3570
874		3657		3978423		3554
875		3569		3983007		3573
876		3522		3987582		3554
877		3531		3992164		3529
878		3522		3996741		3539
879		3493		4001334		3532
880		3484		4005945		3564
881		3486		4010554		3546
882		3512		4015156		3586
883		3536		4019772		3544
884		3477		4024384		3542
885		3520		4028990		3522
886		3522		4033591		3533
887		3523		4038190		3554
888		3479		4042795		3526
889		3552		4047400		3560
890		3555		4052009		3528
891		3480		4056597		3554
892		3505		4061200		3536
893		3487		4065795		3516
894		3528		4070418		3517
895		3433		4075020		3536
896		3488		4079613		3552
897		3488		4084216		3517
898		3463		4088806		3534
899		3458		4093398		3514
900		3474		4097998		3534
901		3501		4102599		3531
902		3458		4107188		3539
903		3425		4111776		3540
904		3389		4116355		3528
905		3367		4120936		3522
906		3374		4125516		3527
907		3395		4130108		3547
908		3400		4134695		3536
909		3455		4139283		3525
910		3479		4143853		3522
911		3501		4148458		3536
912		3454		4153044		3522
913		3499		4157631		3527
914		3468		4162225		3553
915		3455		4166815		3540
916		3500		4171406		3521
917		3468		4176012		3528
918		3503		4180601		3528
919		3512		4185220		3533
920		3475		4189826		3550
921		3483		4194439		3551
922		3446		4199030		3521
923		3519		4203617		3515
924		3459		4208224		3517
925		3494		4212816		3533
926		3511		4217421		3557
927		3504		4222021		3516
928		3511		4226619		3510
929		3526		4231214		3514
930		3551		4235811		3563
931		3505		4240420		3537
932		3493		4245021		3547
933		3487		4249612		3541
934		3459		4254197		3554
935		3484		4258769		3564
936		3466		4263348		3534
937		3469		4267929		3535
938		3532		4272528		3508
939		3493		4277138		3510
940		3488		4281728		3540
941		3496		4286309		3510
942		3533		4290905		3545
943		3546		4295506		3513
944		3550		4300108		3554
945		3583		4304696		3517
946		3547		4309293		3481
947		3542		4313881		3529
948		3529		4318477		3532
949		3514		4323083		3506
950		3508		4327676		3549
951		3577		4332276		3528
952		3607		4336896		3510
953		3589		4341503		3538
954		3559		4346106		3512
955		3479		4350690		3535
956		3559		4355277		3534
957		3484		4359879		3510
958		3453		4364478		3533
959		3469		4369064		3546
960		3473		4373655		3556
961		3449		4378270		3523
962		3457		4382864		3564
963		3434		4387465		3539
964		3438		4392059		3556
965		3433		4396658		3532
966		3408		4401254		3524
967		3440		4405855		3549
968		3395		4410462		3549
969		3441		4415082		3543
970		3408		4419669		3529
971		3394		4424275		3527
972		3361		4428879		3528
973		3364		4433486		3540
974		3374		4438083		3555
975		3353		4442675		3547
976		3368		4447276		3537
977		3411		4451887		3525
978		3384		4456491		3559
979		3366		4461081		3555
980		3320		4465673		3543
981		3336		4470262		3515
982		3345		4474849		3522
983		3406		4479443		3520
984		3435		4484053		3534
985		3390		4488675		3527
986		3354		4493292		3535
987		3348		4497881		3556
988		3336		4502480		3542
989		3352		4507070		3543
990		3365		4511655		3513
991		3389		4516254		3522
992		3418		4520852		3526
993		3374		4525453		3537
994		3363		4530033		3509
995		3375		4534622		3553
996		3400		4539202		3561
997		3381		4543784		3563
998		3404		4548383		3534
999		3451		4552994		3542
