# Migration is number of nodes that have changed color.

Round		Edge-Cut		Swaps		Migrations		Skipped
0		10124		4645		3180
1		9922		9239		3267
2		9825		13843		3350
3		9810		18453		3419
4		9686		23056		3454
5		9685		27656		3409
6		9600		32244		3467
7		9510		36785		3522
8		9502		41358		3514
9		9504		45929		3477
10		9529		50490		3512
11		9539		55078		3527
12		9401		59645		3517
13		9367		64196		3519
14		9386		68757		3522
15		9416		73320		3505
16		9312		77862		3439
17		9237		82360		3474
18		9151		86870		3449
19		9131		91397		3461
20		9136		95881		3510
21		9062		100390		3458
22		9017		104899		3488
23		9030		109434		3491
24		8917		113938		3463
25		8916		118432		3493
26		8955		122933		3497
27		8830		127429		3515
28		8781		131896		3493
29		8766		136384		3543
30		8755		140860		3463
31		8687		145334		3510
32		8627		149779		3486
33		8629		154247		3532
34		8551		158720		3552
35		8524		163205		3484
36		8551		167666		3493
37		8471		172144		3501
38		8357		176566		3518
39		8447		180997		3532
40		8399		185445		3527
41		8368		189890		3543
42		8358		194341		3564
43		8222		198790		3577
44		8152		203213		3523
45		8147		207611		3520
46		8139		212003		3534
47		8200		216391		3584
48		8155		220815		3539
49		8154		225281		3574
50		8124		229711		3542
51		8016		234128		3508
52		8043		238538		3538
53		8049		243008		3546
54		8026		247443		3561
55		8069		251872		3530
56		7912		256298		3522
57		7957		260733		3525
58		7875		265121		3533
59		7942		269508		3471
60		7955		273940		3498
61		7924		278381		3536
62		7887		282809		3516
63		7858		287270		3574
64		7808		291684		3490
65		7864		296079		3538
66		7778		300481		3523
67		7806		304866		3543
68		7658		309270		3515
69		7622		313670		3546
70		7604		318076		3513
71		7576		322487		3540
72		7640		326882		3521
73		7624		331296		3526
74		7539		335706		3549
75		7482		340121		3564
76		7497		344504		3510
77		7464		348926		3519
78		7469		353353		3519
79		7467		357762		3538
80		7402		362164		3490
81		7374		366575		3518
82		7365		370994		3492
83		7398		375404		3527
84		7344		379816		3546
85		7316		384271		3526
86		7263		388702		3485
87		7216		393117		3503
88		7223		397562		3528
89		7154		401993		3494
90		7101		406397		3496
91		7143		410827		3498
92		7139		415271		3465
93		7137		419704		3488
94		7116		424100		3439
95		7125		428520		3531
96		7135		432952		3458
97		7081		437362		3499
98		7093		441783		3488
99		7052		446208		3479
100		6998		450627		3497
101		7027		455053		3496
102		7056		459476		3513
103		7038		463914		3473
104		7095		468362		3493
105		7058		472796		3504
106		7008		477236		3519
107		6968		481678		3462
108		6896		486105		3490
109		6903		490549		3508
110		6914		494966		3524
111		6856		499409		3511
112		6849		503853		3519
113		6931		508297		3476
114		6872		512739		3472
115		6827		517190		3491
116		6888		521623		3519
117		6819		526071		3502
118		6812		530543		3458
119		6788		534962		3513
120		6747		539394		3524
121		6802		543844		3518
122		6795		548294		3530
123		6658		552738		3491
124		6752		557169		3505
125		6654		561602		3516
126		6749		566041		3480
127		6734		570510		3500
128		6708		574982		3484
129		6672		579424		3534
130		6669		583841		3511
131		6615		588260		3536
132		6617		592721		3544
133		6545		597195		3503
134		6524		601642		3506
135		6573		606068		3517
136		6549		610528		3529
137		6547		614952		3537
138		6441		619414		3501
139		6434		623851		3498
140		6441		628267		3493
141		6446		632722		3537
142		6467		637164		3509
143		6536		641613		3545
144		6409		646070		3568
145		6353		650509		3528
146		6317		654951		3482
147		6367		659407		3494
148		6288		663853		3507
149		6324		668312		3533
150		6338		672785		3561
151		6335		677250		3534
152		6321		681721		3537
153		6382		686193		3522
154		6393		690700		3566
155		6359		695175		3562
156		6300		699660		3501
157		6150		704072		3550
158		6175		708531		3551
159		6087		712949		3568
160		6225		717415		3555
161		6223		721881		3552
162		6219		726329		3574
163		6251		730783		3559
164		6342		735257		3486
165		6182		739749		3569
166		6116		744179		3539
167		5987		748624		3507
168		5973		753080		3518
169		6113		757518		3526
170		6133		761986		3560
171		6081		766454		3517
172		6053		770920		3493
173		6133		775391		3555
174		6073		779844		3534
175		6042		784316		3547
176		6074		788781		3505
177		6134		793262		3537
178		6073		797741		3523
179		6113		802237		3562
180		6047		806728		3557
181		6095		811229		3571
182		6086		815722		3507
183		5991		820177		3556
184		6034		824648		3535
185		6106		829116		3562
186		6089		833608		3551
187		6150		838111		3519
188		6072		842591		3513
189		5982		847087		3527
190		5994		851561		3510
191		5924		856032		3528
192		5909		860535		3564
193		5835		864993		3554
194		5798		869497		3554
195		5795		873977		3551
196		5806		878456		3565
197		5775		882941		3547
198		5852		887441		3562
199		5741		891937		3538
200		5832		896440		3548
201		5770		900958		3524
202		5712		905463		3550
203		5713		909967		3519
204		5725		914512		3535
205		5757		919049		3549
206		5728		923556		3498
207		5661		928055		3538
208		5685		932569		3529
209		5720		937057		3532
210		5703		941553		3538
211		5663		946058		3504
212		5610		950587		3511
213		5600		955087		3550
214		5589		959585		3523
215		5550		964082		3540
216		5586		968579		3510
217		5625		973094		3528
218		5618		977591		3535
219		5574		982124		3497
220		5594		986652		3501
221		5623		991155		3543
222		5673		995689		3552
223		5649		1000221		3533
224		5623		1004758		3524
225		5644		1009274		3509
226		5619		1013781		3530
227		5573		1018286		3520
228		5612		1022765		3503
229		5601		1027269		3525
230		5609		1031780		3533
231		5596		1036292		3531
232		5564		1040815		3547
233		5546		1045327		3530
234		5596		1049851		3527
235		5484		1054374		3551
236		5458		1058889		3535
237		5458		1063428		3574
238		5444		1067942		3514
239		5439		1072455		3548
240		5461		1076964		3504
241		5463		1081486		3484
242		5403		1086009		3546
243		5370		1090504		3510
244		5332		1095000		3505
245		5253		1099516		3549
246		5253		1104020		3524
247		5194		1108528		3567
248		5285		1113071		3533
249		5206		1117594		3498
250		5230		1122115		3500
251		5252		1126646		3518
252		5201		1131133		3462
253		5188		1135666		3503
254		5137		1140175		3510
255		5134		1144696		3516
256		5199		1149231		3480
257		5213		1153765		3492
258		5159		1158301		3505
259		5153		1162843		3515
260		5060		1167387		3495
261		5043		1171883		3507
262		5018		1176408		3502
263		4996		1180942		3502
264		5091		1185475		3529
265		5102		1190013		3511
266		5105		1194573		3558
267		5044		1199121		3529
268		4956		1203670		3501
269		4979		1208206		3558
270		4975		1212752		3550
271		5026		1217285		3551
272		5007		1221817		3546
273		5021		1226388		3522
274		5017		1230946		3499
275		5009		1235505		3522
276		5019		1240060		3495
277		5028		1244606		3498
278		4982		1249152		3531
279		5012		1253687		3534
280		4930		1258249		3527
281		4952		1262799		3538
282		4879		1267324		3559
283		4885		1271859		3494
284		4841		1276405		3520
285		4748		1280940		3548
286		4813		1285476		3532
287		4836		1290024		3506
288		4794		1294544		3539
289		4778		1299101		3515
290		4712		1303651		3509
291		4715		1308210		3518
292		4705		1312758		3513
293		4710		1317303		3567
294		4731		1321859		3517
295		4747		1326417		3551
296		4791		1330971		3532
297		4788		1335536		3552
298		4750		1340096		3541
299		4665		1344642		3478
300		4634		1349191		3540
301		4619		1353730		3533
302		4640		1358282		3542
303		4534		1362841		3551
304		4520		1367371		3489
305		4503		1371908		3519
306		4471		1376463		3540
307		4509		1381002		3521
308		4520		1385569		3529
309		4505		1390104		3546
310		4504		1394652		3528
311		4515		1399203		3570
312		4519		1403770		3516
313		4458		1408330		3559
314		4453		1412866		3507
315		4423		1417429		3531
316		4439		1421975		3533
317		4477		1426554		3549
318		4465		1431118		3546
319		4447		1435671		3552
320		4470		1440259		3521
321		4427		1444836		3541
322		4458		1449411		3552
323		4467		1453984		3570
324		4525		1458567		3524
325		4616		1463130		3511
326		4561		1467726		3504
327		4588		1472306		3534
328		4523		1476862		3528
329		4504		1481407		3529
330		4493		1485972		3540
331		4476		1490542		3517
332		4483		1495130		3527
333		4476		1499720		3546
334		4426		1504309		3541
335		4407		1508848		3494
336		4508		1513406		3499
337		4489		1517974		3530
338		4528		1522539		3550
339		4497		1527115		3501
340		4508		1531661		3537
341		4479		1536230		3527
342		4442		1540797		3575
343		4440		1545363		3514
344		4448		1549953		3541
345		4457		1554547		3516
346		4455		1559150		3527
347		4435		1563713		3480
348		4378		1568280		3512
349		4324		1572855		3530
350		4329		1577419		3520
351		4323		1582001		3575
352		4318		1586576		3516
353		4296		1591157		3542
354		4329		1595733		3538
355		4305		1600288		3529
356		4337		1604842		3517
357		4333		1609419		3505
358		4292		1614000		3531
359		4294		1618563		3553
360		4289		1623141		3517
361		4277		1627713		3536
362		4292		1632274		3480
363		4297		1636831		3515
364		4321		1641391		3517
365		4328		1645967		3499
366		4332		1650544		3509
367		4263		1655129		3529
368		4295		1659697		3543
369		4280		1664252		3538
370		4323		1668858		3561
371		4233		1673429		3527
372		4266		1678016		3511
373		4202		1682583		3531
374		4196		1687170		3504
375		4175		1691765		3520
376		4161		1696341		3530
377		4168		1700921		3539
378		4117		1705508		3505
379		4145		1710075		3505
380		4191		1714657		3521
381		4218		1719207		3546
382		4203		1723808		3528
383		4241		1728380		3558
384		4240		1732930		3575
385		4304		1737499		3525
386		4287		1742082		3519
387		4268		1746655		3518
388		4294		1751236		3512
389		4277		1755824		3516
390		4271		1760427		3493
391		4273		1765018		3531
392		4272		1769601		3494
393		4262		1774192		3524
394		4276		1778779		3548
395		4326		1783366		3521
396		4308		1787979		3547
397		4316		1792588		3504
398		4254		1797186		3534
399		4234		1801785		3537
400		4252		1806379		3554
401		4218		1810956		3596
402		4257		1815539		3518
403		4329		1820132		3524
404		4312		1824736		3540
405		4155		1829313		3523
406		4173		1833889		3523
407		4227		1838483		3499
408		4264		1843069		3541
409		4238		1847657		3548
410		4270		1852246		3514
411		4274		1856852		3522
412		4234		1861447		3517
413		4197		1866050		3491
414		4231		1870654		3524
415		4200		1875251		3526
416		4192		1879854		3530
417		4161		1884425		3531
418		4175		1889012		3528
419		4181		1893593		3527
420		4169		1898183		3522
421		4190		1902767		3552
422		4157		1907365		3545
423		4154		1911955		3514
424		4145		1916544		3536
425		4108		1921133		3516
426		4172		1925730		3518
427		4111		1930338		3491
428		4158		1934922		3531
429		4170		1939508		3504
430		4102		1944102		3491
431		4065		1948665		3552
432		4091		1953234		3557
433		4080		1957823		3508
434		4031		1962407		3504
435		4091		1966986		3513
436		4090		1971554		3514
437		4037		1976148		3531
438		4081		1980733		3510
439		4063		1985316		3520
440		4090		1989898		3505
441		4044		1994489		3514
442		4035		1999067		3522
443		4024		2003627		3524
444		4001		2008192		3536
445		4006		2012765		3494
446		4016		2017358		3525
447		3951		2021953		3506
448		4008		2026554		3489
449		4055		2031146		3517
450		4064		2035733		3512
451		3976		2040325		3518
452		4031		2044909		3527
453		4011		2049505		3553
454		3993		2054104		3502
455		4034		2058708		3553
456		4016		2063292		3530
457		3969		2067876		3549
458		3952		2072463		3551
459		3976		2077072		3525
460		3984		2081678		3540
461		3960		2086262		3510
462		3978		2090847		3517
463		3969		2095430		3531
464		3900		2100014		3500
465		3903		2104572		3547
466		3938		2109132		3537
467		3954		2113739		3547
468		3949		2118312		3534
469		3930		2122870		3537
470		3914		2127458		3512
471		3887		2132049		3523
472		3916		2136646		3543
473		3895		2141240		3551
474		3831		2145807		3521
475		3884		2150397		3503
476		3873		2154976		3532
477		3895		2159559		3557
478		3960		2164157		3534
479		3936		2168761		3523
480		3883		2173360		3543
481		3939		2177923		3559
482		3912		2182509		3499
483		3984		2187131		3523
484		3946		2191721		3537
485		3893		2196322		3562
486		3878		2200892		3562
487		3845		2205484		3534
488		3847		2210088		3509
489		3842		2214684		3521
490		3876		2219292		3510
491		3811		2223882		3524
492		3782		2228470		3515
493		3841		2233040		3527
494		3878		2237621		3523
495		3884		2242212		3516
496		3892		2246794		3538
497		3913		2251386		3528
498		3922		2255983		3544
499		3914		2260577		3563
500		3878		2265181		3528
501		3889		2269807		3508
502		4057		2274435		3504
503		4081		2279071		3512
504		4036		2283708		3530
505		4144		2288349		3504
506		4142		2292971		3524
507		4091		2297617		3516
508		4148		2302232		3511
509		4135		2306842		3512
510		4162		2311472		3493
511		4182		2316104		3552
512		4211		2320746		3514
513		4223		2325368		3540
514		4198		2329997		3516
515		4258		2334624		3499
516		4230		2339251		3525
517		4261		2343853		3492
518		4313		2348485		3508
519		4277		2353101		3508
520		4240		2357727		3565
521		4263		2362332		3516
522		4228		2366948		3515
523		4251		2371554		3543
524		4243		2376165		3521
525		4192		2380762		3522
526		4189		2385364		3561
527		4196		2389962		3546
528		4191		2394565		3553
529		4137		2399158		3531
530		4153		2403772		3522
531		4164		2408394		3503
532		4172		2412981		3509
533		4174		2417586		3531
534		4177		2422190		3515
535		4182		2426813		3521
536		4194		2431400		3543
537		4183		2436009		3542
538		4233		2440601		3562
539		4176		2445209		3499
540		4173		2449806		3509
541		4177		2454388		3580
542		4156		2458961		3527
543		4145		2463553		3579
544		4054		2468116		3529
545		4137		2472693		3525
546		4103		2477279		3540
547		4092		2481859		3522
548		4080		2486447		3523
549		4082		2491020		3490
550		4084		2495610		3511
551		4073		2500201		3526
552		4082		2504793		3579
553		4077		2509377		3516
554		4141		2513973		3520
555		4072		2518560		3521
556		4071		2523140		3523
557		4104		2527729		3547
558		4110		2532328		3534
559		4057		2536930		3583
560		4016		2541519		3531
561		4071		2546110		3509
562		4037		2550714		3531
563		4109		2555325		3557
564		4099		2559918		3518
565		4089		2564516		3519
566		4039		2569106		3537
567		4077		2573706		3501
568		4104		2578293		3489
569		4078		2582887		3523
570		4021		2587489		3524
571		4032		2592095		3503
572		4011		2596699		3547
573		4078		2601297		3501
574		3976		2605884		3508
575		3990		2610463		3499
576		3993		2615033		3546
577		3995		2619612		3519
578		4035		2624200		3515
579		4003		2628785		3515
580		4032		2633376		3530
581		3991		2637963		3521
582		4065		2642572		3510
583		4007		2647157		3519
584		3951		2651759		3533
585		3966		2656337		3556
586		3984		2660922		3548
587		4005		2665509		3537
588		3993		2670090		3518
589		3994		2674690		3533
590		4045		2679291		3504
591		3985		2683890		3521
592		4024		2688480		3498
593		3995		2693068		3488
594		3956		2697658		3535
595		3963		2702235		3503
596		3996		2706824		3497
597		3962		2711426		3518
598		3968		2716023		3561
599		3977		2720602		3518
600		3992		2725194		3541
601		4003		2729799		3527
602		3919		2734409		3549
603		3945		2738996		3525
604		3938		2743588		3531
605		3879		2748162		3542
606		3852		2752752		3546
607		3896		2757331		3533
608		3898		2761919		3520
609		3916		2766512		3510
610		3906		2771118		3536
611		3877		2775705		3545
612		3912		2780299		3537
613		3925		2784901		3538
614		3939		2789498		3529
615		3972		2794085		3554
616		3907		2798670		3551
617		3882		2803238		3538
618		3952		2807837		3556
619		3888		2812435		3530
620		3831		2817019		3534
621		3837		2821605		3539
622		3882		2826211		3541
623		3925		2830824		3560
624		3922		2835440		3537
625		3937		2840036		3571
626		3892		2844637		3515
627		3871		2849240		3508
628		3860		2853852		3507
629		3866		2858455		3501
630		3900		2863054		3512
631		3866		2867665		3555
632		3917		2872272		3533
633		3834		2876879		3509
634		3819		2881484		3538
635		3792		2886081		3498
636		3735		2890679		3517
637		3706		2895264		3527
638		3770		2899876		3489
639		3728		2904465		3539
640		3715		2909074		3533
641		3772		2913677		3526
642		3722		2918276		3514
643		3755		2922871		3524
644		3733		2927459		3562
645		3752		2932063		3540
646		3742		2936671		3548
647		3737		2941262		3533
648		3747		2945861		3525
649		3739		2950486		3524
650		3722		2955092		3566
651		3740		2959713		3539
652		3698		2964329		3541
653		3690		2968920		3557
654		3675		2973533		3529
655		3664		2978144		3519
656		3640		2982749		3534
657		3612		2987348		3547
658		3680		2991950		3538
659		3615		2996563		3544
660		3587		3001178		3561
661		3640		3005765		3560
662		3600		3010362		3528
663		3637		3014974		3522
664		3672		3019576		3537
665		3650		3024174		3519
666		3649		3028759		3539
667		3690		3033344		3519
668		3656		3037943		3524
669		3686		3042541		3552
670		3715		3047145		3517
671		3744		3051753		3543
672		3725		3056361		3542
673		3713		3060962		3538
674		3687		3065558		3555
675		3682		3070165		3532
676		3675		3074756		3543
677		3647		3079348		3518
678		3683		3083936		3522
679		3670		3088539		3541
680		3684		3093139		3534
681		3675		3097736		3532
682		3681		3102351		3518
683		3665		3106951		3509
684		3665		3111538		3523
685		3713		3116122		3499
686		3693		3120728		3544
687		3716		3125348		3520
688		3727		3129947		3527
689		3706		3134552		3500
690		3737		3139147		3553
691		3675		3143748		3521
692		3700		3148333		3538
693		3709		3152944		3492
694		3693		3157544		3561
695		3634		3162139		3534
696		3615		3166719		3534
697		3629		3171299		3534
698		3642		3175877		3530
699		3621		3180446		3533
700		3619		3185050		3527
701		3662		3189659		3527
702		3690		3194255		3547
703		3758		3198856		3523
704		3758		3203477		3535
705		3691		3208079		3556
706		3641		3212686		3540
707		3656		3217246		3536
708		3621		3221823		3512
709		3672		3226412		3514
710		3660		3231004		3529
711		3640		3235606		3509
712		3633		3240172		3551
713		3624		3244759		3520
714		3712		3249371		3536
715		3645		3253978		3545
716		3576		3258562		3540
717		3575		3263141		3498
718		3515		3267718		3558
719		3485		3272311		3525
720		3591		3276906		3523
721		3636		3281516		3513
722		3658		3286100		3543
723		3706		3290717		3558
724		3697		3295329		3534
725		3672		3299948		3518
726		3640		3304552		3584
727		3654		3309153		3528
728		3585		3313772		3530
729		3579		3318377		3530
730		3571		3322955		3521
731		3574		3327551		3498
732		3579		3332163		3532
733		3591		3336774		3535
734		3549		3341376		3521
735		3567		3345981		3545
736		3530		3350577		3502
737		3533		3355188		3525
738		3508		3359783		3517
739		3536		3364383		3522
740		3479		3368982		3519
741		3480		3373578		3559
742		3419		3378173		3504
743		3483		3382770		3507
744		3480		3387359		3556
745		3466		3391959		3521
746		3483		3396567		3529
747		3453		3401177		3523
748		3503		3405795		3543
749		3517		3410392		3531
750		3560		3415016		3566
751		3557		3419619		3530
752		3501		3424231		3529
753		3520		3428828		3546
754		3483		3433434		3516
755		3436		3438054		3516
756		3461		3442659		3512
757		3526		3447261		3541
758		3467		3451863		3515
759		3450		3456460		3521
760		3509		3461051		3538
761		3523		3465667		3542
762		3558		3470264		3533
763		3550		3474869		3527
764		3508		3479453		3509
765		3528		3484066		3511
766		3527		3488675		3516
767		3519		3493261		3522
768		3484		3497847		3509
769		3513		3502433		3512
770		3540		3507021		3523
771		3523		3511598		3527
772		3564		3516201		3529
773		3512		3520801		3514
774		3526		3525402		3489
775		3608		3530013		3516
776		3626		3534634		3518
777		3591		3539225		3529
778		3619		3543818		3523
779		3621		3548429		3493
780		3629		3553024		3527
781		3646		3557632		3535
782		3631		3562242		3499
783		3618		3566845		3521
784		3589		3571465		3500
785		3544		3576075		3522
786		3512		3580675		3541
787		3542		3585283		3503
788		3522		3589896		3542
789		3524		3594493		3517
790		3479		3599115		3525
791		3484		3603707		3508
792		3428		3608302		3493
793		3457		3612930		3534
794		3477		3617533		3541
795		3486		3622125		3544
796		3446		3626715		3522
797		3478		3631327		3520
798		3495		3635938		3536
799		3550		3640541		3507
800		3579		3645141		3524
801		3562		3649752		3537
802		3563		3654374		3511
803		3541		3658985		3494
804		3557		3663575		3505
805		3606		3668185		3531
806		3627		3672784		3520
807		3628		3677399		3514
808		3604		3682009		3519
809		3608		3686627		3515
810		3621		3691233		3529
811		3609		3695838		3500
812		3614		3700450		3525
813		3555		3705064		3541
814		3546		3709669		3525
815		3581		3714282		3502
816		3525		3718897		3505
817		3481		3723499		3502
818		3513		3728100		3529
819		3515		3732718		3516
820		3563		3737320		3559
821		3530		3741920		3505
822		3539		3746534		3500
823		3532		3751149		3527
824		3604		3755756		3511
825		3574		3760347		3523
826		3544		3764951		3527
827		3518		3769546		3520
828		3574		3774154		3525
829		3507		3778767		3525
830		3546		3783357		3519
831		3549		3787948		3536
832		3492		3792518		3547
833		3567		3797143		3520
834		3539		3801752		3514
835		3452		3806333		3542
836		3497		3810947		3517
837		3488		3815565		3522
838		3482		3820158		3523
839		3515		3824796		3535
840		3517		3829404		3529
841		3511		3833988		3515
842		3461		3838575		3514
843		3455		3843174		3502
844		3494		3847774		3536
845		3484		3852384		3513
846		3486		3856981		3520
847		3510		3861575		3503
848		3510		3866170		3528
849		3499		3870798		3523
850		3471		3875405		3501
851		3402		3879988		3526
852		3349		3884575		3539
853		3360		3889146		3513
854		3376		3893735		3509
855		3422		3898322		3508
856		3374		3902921		3514
857		3454		3907518		3506
858		3416		3912123		3505
859		3376		3916699		3532
860		3352		3921289		3506
861		3367		3925892		3531
862		3370		3930478		3521
863		3367		3935076		3511
864		3376		3939665		3507
865		3422		3944258		3535
866		3456		3948877		3524
867		3478		3953482		3524
868		3408		3958109		3522
869		3445		3962720		3523
870		3432		3967334		3509
871		3459		3971940		3544
872		3462		3976553		3516
873		3451		3981173		3506
874		3490		3985776		3522
875		3459		3990381		3520
876		3453		3994992		3486
877		3458		3999595		3522
878		3444		4004197		3545
879		3434		4008798		3547
880		3378		4013399		3557
881		3396		4017968		3526
882		3477		4022576		3531
883		3420		4027195		3531
884		3424		4031804		3536
885		3486		4036410		3531
886		3463		4041018		3520
887		3452		4045614		3546
888		3495		4050234		3545
889		3433		4054832		3525
890		3422		4059438		3533
891		3418		4064056		3561
892		3442		4068635		3567
893		3420		4073252		3533
894		3384		4077866		3548
895		3357		4082479		3528
896		3340		4087057		3506
897		3413		4091657		3531
898		3424		4096258		3528
899		3401		4100859		3514
900		3346		4105473		3554
901		3356		4110064		3522
902		3352		4114663		3519
903		3380		4119275		3544
904		3381		4123893		3521
905		3401		4128479		3531
906		3394		4133075		3526
907		3381		4137685		3529
908		3427		4142286		3539
909		3406		4146901		3525
910		3483		4151496		3530
911		3493		4156114		3519
912		3463		4160725		3529
913		3490		4165331		3501
914		3473		4169936		3510
915		3492		4174524		3561
916		3478		4179132		3545
917		3525		4183734		3534
918		3555		4188346		3515
919		3558		4192968		3500
920		3561		4197570		3532
921		3523		4202185		3516
922		3520		4206780		3511
923		3485		4211389		3558
924		3554		4215994		3533
925		3522		4220607		3514
926		3542		4225235		3557
927		3549		4229843		3520
928		3568		4234455		3513
929		3529		4239071		3523
930		3493		4243679		3533
931		3455		4248277		3562
932		3453		4252850		3525
933		3438		4257451		3544
934		3423		4262055		3547
935		3492		4266669		3572
936		3491		4271297		3538
937		3521		4275929		3516
938		3459		4280550		3555
939		3477		4285179		3567
940		3426		4289787		3530
941		3462		4294400		3515
942		3475		4299010		3549
943		3472		4303609		3532
944		3447		4308207		3492
945		3454		4312790		3522
946		3446		4317394		3545
947		3456		4322007		3513
948		3368		4326619		3529
949		3367		4331226		3533
950		3373		4335853		3529
951		3377		4340444		3541
952		3405		4345055		3501
953		3340		4349650		3527
954		3362		4354244		3507
955		3379		4358862		3545
956		3400		4363473		3529
957		3383		4368078		3523
958		3353		4372682		3521
959		3361		4377290		3537
960		3407		4381874		3522
961		3325		4386486		3542
962		3354		4391095		3530
963		3362		4395696		3515
964		3382		4400317		3526
965		3398		4404922		3541
966		3410		4409548		3530
967		3437		4414176		3549
968		3417		4418783		3558
969		3358		4423384		3529
970		3394		4427992		3543
971		3372		4432616		3524
972		3346		4437242		3530
973		3377		4441846		3504
974		3369		4446448		3535
975		3367		4451055		3514
976		3351		4455666		3535
977		3400		4460276		3528
978		3363		4464892		3542
979		3414		4469519		3514
980		3432		4474140		3511
981		3381		4478771		3496
982		3416		4483368		3535
983		3428		4487992		3500
984		3350		4492607		3523
985		3393		4497228		3542
986		3302		4501832		3503
987		3360		4506431		3508
988		3263		4511048		3543
989		3298		4515643		3521
990		3262		4520258		3530
991		3269		4524891		3505
992		3276		4529507		3529
993		3272		4534129		3525
994		3275		4538754		3496
995		3240		4543366		3508
996		3299		4547965		3497
997		3284		4552583		3516
998		3274		4557198		3548
999		3249		4561808		3518
