# Migration is number of nodes that have changed color.

Round		Edge-Cut		Swaps		Migrations		Skipped
0		10040		4635		3178
1		9958		9245		3361
2		9870		13853		3425
3		9797		18470		3433
4		9747		23071		3458
5		9658		27655		3436
6		9600		32231		3510
7		9531		36803		3465
8		9387		41368		3484
9		9511		45932		3462
10		9518		50507		3476
11		9453		55109		3452
12		9258		59664		3511
13		9133		64203		3513
14		9230		68727		3523
15		9256		73266		3512
16		9250		77826		3516
17		9193		82351		3510
18		9169		86867		3522
19		9190		91381		3507
20		9134		95904		3464
21		9107		100428		3511
22		9013		104941		3523
23		8969		109442		3493
24		8962		113976		3445
25		8939		118476		3507
26		8866		122980		3500
27		8863		127461		3477
28		8827		131927		3479
29		8829		136397		3514
30		8780		140901		3475
31		8844		145399		3505
32		8750		149882		3516
33		8708		154344		3472
34		8637		158813		3523
35		8654		163298		3531
36		8614		167743		3504
37		8698		172229		3520
38		8559		176711		3564
39		8540		181155		3557
40		8472		185637		3536
41		8511		190102		3474
42		8436		194528		3544
43		8342		198999		3514
44		8476		203481		3494
45		8458		207951		3488
46		8380		212400		3476
47		8324		216838		3504
48		8283		221303		3525
49		8266		225746		3492
50		8291		230194		3514
51		8292		234622		3524
52		8272		239049		3495
53		8291		243473		3560
54		8342		247922		3540
55		8395		252380		3532
56		8312		256810		3524
57		8330		261253		3478
58		8279		265698		3518
59		8215		270135		3496
60		8220		274583		3524
61		8159		279028		3526
62		8112		283472		3489
63		8032		287891		3473
64		7909		292320		3523
65		7886		296734		3521
66		7820		301136		3520
67		7871		305538		3513
68		7850		309980		3501
69		7858		314404		3527
70		7817		318821		3435
71		7777		323235		3488
72		7728		327663		3522
73		7739		332093		3544
74		7675		336512		3456
75		7723		340944		3523
76		7788		345384		3487
77		7694		349823		3492
78		7795		354257		3481
79		7692		358673		3495
80		7707		363119		3524
81		7640		367542		3529
82		7583		371995		3489
83		7555		376405		3540
84		7448		380815		3530
85		7484		385239		3501
86		7421		389662		3489
87		7395		394051		3543
88		7406		398442		3499
89		7309		402849		3517
90		7279		407263		3479
91		7304		411686		3566
92		7308		416097		3506
93		7262		420512		3503
94		7146		424910		3469
95		7123		429255		3480
96		7088		433649		3456
97		7040		438038		3508
98		7051		442449		3531
99		7091		446872		3463
100		7125		451333		3488
101		7171		455755		3513
102		7084		460165		3546
103		7044		464582		3515
104		7037		469014		3436
105		6985		473434		3505
106		7016		477853		3488
107		7017		482299		3539
108		7052		486720		3532
109		6917		491130		3503
110		6879		495550		3543
111		6938		499979		3523
112		6981		504419		3521
113		6887		508844		3514
114		6818		513276		3506
115		6731		517683		3518
116		6696		522144		3517
117		6621		526539		3466
118		6782		530960		3517
119		6901		535388		3483
120		6855		539797		3476
121		6937		544255		3486
122		6815		548680		3482
123		6817		553110		3482
124		6866		557559		3501
125		6820		561988		3511
126		6776		566420		3533
127		6748		570867		3477
128		6693		575291		3498
129		6744		579734		3473
130		6747		584172		3493
131		6712		588584		3512
132		6659		593013		3482
133		6661		597451		3460
134		6659		601909		3509
135		6554		606349		3458
136		6533		610781		3453
137		6547		615232		3480
138		6491		619667		3502
139		6385		624101		3528
140		6500		628538		3486
141		6447		633002		3462
142		6423		637428		3517
143		6481		641897		3486
144		6425		646376		3457
145		6373		650860		3485
146		6322		655326		3458
147		6421		659791		3481
148		6368		664253		3489
149		6373		668689		3516
150		6320		673167		3465
151		6347		677632		3449
152		6306		682100		3450
153		6344		686537		3498
154		6328		691006		3514
155		6300		695468		3521
156		6291		699937		3493
157		6294		704413		3475
158		6237		708869		3473
159		6243		713322		3478
160		6200		717786		3484
161		6153		722234		3493
162		6178		726679		3505
163		6205		731150		3486
164		6223		735591		3481
165		6208		740045		3485
166		6158		744514		3531
167		6190		748984		3475
168		6189		753433		3510
169		6183		757889		3501
170		6268		762400		3468
171		6245		766858		3514
172		6243		771348		3487
173		6190		775815		3495
174		6265		780287		3486
175		6227		784761		3518
176		6272		789234		3501
177		6204		793736		3524
178		6182		798244		3504
179		6137		802737		3475
180		6098		807205		3492
181		6146		811678		3477
182		6043		816195		3478
183		6076		820671		3494
184		6045		825156		3475
185		6086		829648		3444
186		6148		834154		3469
187		6142		838636		3492
188		6079		843125		3529
189		5968		847634		3498
190		5984		852132		3486
191		5947		856596		3520
192		5856		861075		3510
193		5903		865563		3506
194		5912		870046		3476
195		5876		874507		3520
196		5804		878967		3546
197		5869		883460		3480
198		5814		887961		3557
199		5886		892441		3499
200		5851		896943		3514
201		5876		901414		3506
202		5766		905920		3509
203		5860		910434		3523
204		5872		914937		3540
205		5731		919410		3489
206		5765		923899		3512
207		5678		928420		3546
208		5684		932918		3501
209		5645		937424		3462
210		5650		941926		3504
211		5644		946422		3511
212		5607		950960		3478
213		5598		955438		3541
214		5641		959917		3447
215		5610		964436		3511
216		5647		968928		3504
217		5604		973427		3506
218		5628		977939		3521
219		5601		982462		3501
220		5629		986963		3489
221		5539		991456		3459
222		5458		995968		3501
223		5456		1000483		3529
224		5457		1004993		3501
225		5474		1009466		3521
226		5423		1013972		3522
227		5376		1018500		3520
228		5369		1022994		3510
229		5378		1027471		3515
230		5328		1031967		3506
231		5354		1036480		3516
232		5363		1040989		3539
233		5406		1045462		3499
234		5397		1049957		3501
235		5467		1054466		3509
236		5457		1058968		3515
237		5463		1063487		3515
238		5432		1068006		3516
239		5411		1072547		3502
240		5396		1077067		3490
241		5363		1081560		3492
242		5282		1086050		3480
243		5261		1090536		3492
244		5257		1095039		3486
245		5318		1099536		3490
246		5310		1104043		3487
247		5295		1108553		3488
248		5275		1113061		3519
249		5301		1117594		3521
250		5329		1122109		3471
251		5299		1126631		3504
252		5298		1131126		3518
253		5300		1135647		3521
254		5282		1140131		3471
255		5320		1144633		3487
256		5287		1149144		3507
257		5259		1153657		3490
258		5269		1158196		3458
259		5301		1162733		3502
260		5189		1167228		3513
261		5294		1171755		3491
262		5254		1176270		3518
263		5256		1180792		3535
264		5232		1185341		3490
265		5182		1189867		3485
266		5161		1194421		3486
267		5163		1198975		3523
268		5095		1203511		3503
269		5082		1208046		3515
270		5071		1212609		3517
271		5082		1217132		3529
272		5090		1221673		3514
273		5064		1226218		3510
274		4975		1230760		3471
275		4984		1235282		3476
276		4927		1239804		3460
277		4914		1244327		3496
278		4877		1248847		3465
279		4834		1253375		3501
280		4851		1257915		3529
281		4842		1262426		3501
282		4823		1266958		3488
283		4860		1271477		3466
284		4849		1276039		3486
285		4786		1280562		3501
286		4817		1285064		3512
287		4889		1289612		3514
288		4881		1294138		3499
289		4975		1298677		3504
290		4907		1303223		3483
291		4885		1307760		3450
292		4875		1312278		3514
293		4827		1316819		3481
294		4826		1321372		3476
295		4790		1325907		3480
296		4785		1330429		3516
297		4795		1334962		3479
298		4793		1339524		3499
299		4789		1344049		3515
300		4813		1348554		3492
301		4837		1353104		3498
302		4779		1357667		3500
303		4791		1362201		3475
304		4759		1366731		3484
305		4782		1371275		3494
306		4849		1375829		3517
307		4827		1380344		3505
308		4737		1384868		3507
309		4823		1389373		3488
310		4863		1393917		3507
311		4844		1398446		3522
312		4836		1402991		3518
313		4784		1407555		3542
314		4762		1412131		3515
315		4690		1416669		3519
316		4707		1421212		3509
317		4699		1425755		3512
318		4707		1430302		3533
319		4700		1434832		3487
320		4718		1439367		3474
321		4657		1443878		3503
322		4727		1448410		3511
323		4704		1452950		3512
324		4709		1457510		3492
325		4682		1462054		3491
326		4733		1466594		3478
327		4702		1471152		3505
328		4702		1475698		3463
329		4711		1480245		3485
330		4684		1484789		3497
331		4704		1489343		3499
332		4694		1493919		3494
333		4683		1498446		3484
334		4629		1502994		3472
335		4656		1507532		3502
336		4706		1512075		3509
337		4766		1516643		3516
338		4664		1521187		3481
339		4665		1525745		3501
340		4691		1530308		3504
341		4702		1534882		3502
342		4667		1539449		3492
343		4679		1544020		3475
344		4628		1548570		3510
345		4689		1553130		3486
346		4663		1557687		3495
347		4633		1562244		3497
348		4621		1566788		3479
349		4630		1571349		3509
350		4615		1575906		3521
351		4598		1580432		3523
352		4610		1584959		3518
353		4615		1589515		3490
354		4590		1594059		3506
355		4573		1598609		3481
356		4550		1603142		3499
357		4502		1607684		3508
358		4486		1612207		3513
359		4538		1616771		3485
360		4557		1621315		3511
361		4522		1625863		3451
362		4505		1630421		3485
363		4569		1634980		3531
364		4548		1639550		3523
365		4498		1644119		3502
366		4460		1648682		3499
367		4423		1653250		3504
368		4436		1657788		3515
369		4475		1662336		3473
370		4451		1666887		3506
371		4435		1671444		3505
372		4519		1676028		3494
373		4538		1680593		3484
374		4465		1685137		3472
375		4399		1689681		3513
376		4369		1694238		3499
377		4354		1698794		3496
378		4476		1703348		3487
379		4382		1707928		3507
380		4402		1712494		3517
381		4415		1717061		3537
382		4324		1721618		3505
383		4351		1726175		3497
384		4279		1730725		3520
385		4238		1735277		3472
386		4231		1739822		3487
387		4304		1744355		3478
388		4314		1748917		3518
389		4273		1753476		3531
390		4302		1758047		3509
391		4286		1762607		3498
392		4293		1767172		3478
393		4278		1771736		3519
394		4288		1776267		3466
395		4294		1780836		3504
396		4334		1785410		3504
397		4283		1789975		3495
398		4281		1794567		3487
399		4260		1799142		3513
400		4250		1803714		3522
401		4261		1808263		3505
402		4181		1812831		3502
403		4192		1817395		3454
404		4150		1821949		3499
405		4162		1826526		3462
406		4182		1831090		3478
407		4233		1835661		3497
408		4212		1840228		3469
409		4175		1844775		3528
410		4197		1849341		3505
411		4230		1853909		3481
412		4205		1858470		3506
413		4191		1863043		3504
414		4225		1867603		3499
415		4234		1872161		3484
416		4197		1876719		3495
417		4212		1881283		3506
418		4174		1885837		3496
419		4142		1890378		3502
420		4238		1894926		3524
421		4256		1899464		3539
422		4200		1903998		3497
423		4260		1908563		3515
424		4317		1913118		3517
425		4273		1917682		3504
426		4286		1922248		3528
427		4309		1926825		3505
428		4285		1931381		3508
429		4300		1935916		3524
430		4308		1940459		3484
431		4302		1945030		3516
432		4355		1949602		3513
433		4367		1954167		3526
434		4353		1958757		3528
435		4318		1963290		3497
436		4347		1967845		3491
437		4385		1972421		3506
438		4379		1976986		3526
439		4393		1981532		3517
440		4422		1986097		3521
441		4301		1990657		3507
442		4331		1995220		3494
443		4296		1999774		3494
444		4256		2004337		3488
445		4271		2008867		3517
446		4255		2013445		3476
447		4231		2017998		3543
448		4268		2022566		3502
449		4301		2027125		3471
450		4336		2031698		3502
451		4325		2036282		3496
452		4251		2040849		3486
453		4241		2045410		3486
454		4238		2049976		3493
455		4260		2054548		3490
456		4233		2059113		3499
457		4229		2063697		3501
458		4259		2068264		3473
459		4188		2072834		3510
460		4217		2077402		3511
461		4199		2081975		3486
462		4125		2086551		3499
463		4100		2091105		3485
464		4185		2095650		3494
465		4157		2100203		3510
466		4117		2104763		3475
467		4091		2109333		3477
468		4129		2113897		3484
469		4201		2118469		3485
470		4124		2123045		3483
471		4122		2127628		3544
472		4086		2132190		3475
473		4068		2136742		3521
474		4059		2141319		3488
475		4099		2145905		3484
476		4083		2150476		3488
477		4085		2155023		3491
478		4058		2159604		3486
479		4058		2164175		3498
480		4067		2168738		3501
481		4078		2173303		3480
482		4063		2177848		3514
483		4106		2182393		3516
484		4138		2186949		3510
485		4175		2191530		3498
486		4194		2196114		3478
487		4150		2200698		3503
488		4103		2205296		3541
489		4164		2209861		3505
490		4135		2214450		3497
491		4121		2219023		3483
492		4085		2223583		3515
493		4108		2228160		3530
494		4151		2232738		3508
495		4195		2237296		3511
496		4164		2241870		3512
497		4120		2246433		3511
498		4140		2251008		3529
499		4154		2255580		3476
500		4166		2260150		3506
501		4235		2264770		3530
502		4277		2269385		3499
503		4324		2274004		3478
504		4406		2278609		3508
505		4450		2283216		3517
506		4503		2287833		3514
507		4470		2292466		3483
508		4540		2297109		3512
509		4526		2301750		3515
510		4492		2306388		3528
511		4478		2310997		3514
512		4491		2315603		3508
513		4450		2320211		3491
514		4513		2324817		3524
515		4526		2329433		3512
516		4525		2334043		3510
517		4565		2338678		3495
518		4564		2343275		3496
519		4631		2347874		3509
520		4620		2352490		3517
521		4612		2357117		3502
522		4668		2361733		3519
523		4669		2366342		3499
524		4628		2370929		3501
525		4688		2375548		3509
526		4635		2380135		3529
527		4649		2384748		3495
528		4651		2389346		3497
529		4599		2393965		3494
530		4533		2398555		3525
531		4589		2403147		3495
532		4601		2407732		3475
533		4535		2412321		3500
534		4568		2416915		3508
535		4609		2421522		3484
536		4654		2426109		3489
537		4702		2430696		3498
538		4663		2435298		3494
539		4659		2439894		3501
540		4635		2444482		3534
541		4659		2449052		3528
542		4587		2453638		3515
543		4607		2458213		3533
544		4588		2462793		3502
545		4560		2467341		3496
546		4543		2471922		3506
547		4550		2476492		3498
548		4501		2481095		3531
549		4494		2485673		3516
550		4469		2490253		3557
551		4450		2494835		3487
552		4424		2499386		3530
553		4468		2503949		3499
554		4478		2508534		3550
555		4507		2513125		3537
556		4499		2517701		3502
557		4452		2522277		3490
558		4473		2526847		3502
559		4409		2531421		3531
560		4426		2536001		3544
561		4372		2540572		3526
562		4440		2545167		3518
563		4442		2549751		3553
564		4456		2554339		3509
565		4429		2558940		3507
566		4463		2563515		3513
567		4473		2568105		3533
568		4487		2572680		3501
569		4503		2577274		3526
570		4535		2581880		3514
571		4508		2586475		3490
572		4436		2591052		3515
573		4338		2595631		3508
574		4290		2600187		3509
575		4326		2604752		3507
576		4325		2609332		3546
577		4265		2613878		3517
578		4273		2618426		3488
579		4300		2623004		3531
580		4260		2627561		3538
581		4208		2632122		3522
582		4249		2636692		3509
583		4268		2641280		3511
584		4338		2645865		3498
585		4288		2650410		3480
586		4335		2654985		3505
587		4296		2659577		3489
588		4283		2664153		3501
589		4337		2668712		3478
590		4333		2673289		3504
591		4234		2677872		3512
592		4193		2682458		3478
593		4117		2687026		3525
594		4147		2691600		3516
595		4065		2696175		3520
596		4159		2700737		3518
597		4122		2705311		3529
598		4133		2709908		3530
599		4120		2714474		3511
600		4137		2719052		3508
601		4147		2723629		3544
602		4128		2728198		3527
603		4158		2732773		3499
604		4158		2737308		3523
605		4147		2741888		3479
606		4132		2746447		3532
607		4168		2751026		3542
608		4198		2755608		3522
609		4171		2760186		3501
610		4144		2764759		3502
611		4203		2769313		3474
612		4193		2773884		3488
613		4240		2778480		3524
614		4221		2783075		3554
615		4230		2787662		3518
616		4216		2792246		3544
617		4184		2796828		3540
618		4158		2801417		3513
619		4107		2805984		3503
620		4115		2810558		3471
621		4089		2815125		3528
622		4077		2819687		3532
623		4102		2824252		3537
624		4169		2828841		3528
625		4175		2833418		3514
626		4150		2837993		3513
627		4136		2842579		3529
628		4112		2847166		3530
629		4124		2851727		3518
630		4070		2856312		3499
631		4071		2860921		3524
632		4055		2865490		3527
633		4017		2870071		3530
634		4027		2874647		3497
635		4070		2879224		3550
636		4057		2883805		3486
637		4058		2888396		3514
638		4038		2892985		3512
639		4026		2897566		3495
640		4012		2902141		3477
641		3972		2906734		3531
642		4033		2911322		3508
643		3995		2915893		3482
644		4033		2920465		3524
645		3989		2925030		3521
646		4065		2929606		3533
647		4014		2934186		3533
648		3971		2938785		3512
649		3968		2943347		3519
650		3964		2947914		3519
651		3958		2952489		3514
652		3945		2957070		3548
653		3950		2961643		3549
654		3927		2966234		3527
655		3902		2970801		3549
656		3924		2975388		3514
657		3942		2979966		3514
658		3991		2984524		3512
659		4003		2989112		3553
660		3989		2993699		3543
661		3981		2998277		3508
662		4056		3002845		3516
663		4060		3007439		3564
664		4070		3012044		3520
665		4024		3016639		3520
666		4017		3021254		3524
667		4047		3025849		3528
668		4049		3030448		3515
669		4002		3035020		3559
670		3967		3039607		3525
671		3882		3044190		3564
672		3921		3048791		3538
673		3861		3053376		3530
674		3822		3057948		3522
675		3924		3062516		3488
676		3935		3067099		3549
677		3938		3071660		3479
678		3934		3076260		3509
679		3947		3080849		3499
680		3995		3085449		3523
681		4026		3090030		3526
682		4023		3094634		3532
683		4015		3099228		3556
684		4014		3103817		3532
685		3977		3108420		3524
686		3994		3112994		3517
687		3943		3117584		3494
688		3935		3122192		3505
689		3954		3126781		3493
690		3965		3131357		3495
691		3916		3135936		3526
692		3875		3140522		3527
693		3871		3145080		3541
694		3903		3149671		3489
695		3917		3154245		3531
696		3895		3158794		3525
697		3940		3163384		3530
698		3882		3167954		3540
699		3909		3172521		3533
700		3926		3177124		3514
701		3913		3181694		3502
702		3921		3186288		3530
703		3946		3190874		3525
704		3884		3195458		3536
705		3920		3200027		3490
706		3881		3204606		3516
707		3915		3209175		3542
708		3944		3213767		3525
709		3938		3218348		3524
710		3978		3222932		3521
711		3926		3227514		3528
712		3931		3232117		3498
713		3885		3236695		3488
714		3875		3241277		3515
715		3900		3245863		3508
716		3841		3250437		3526
717		3806		3255008		3492
718		3809		3259590		3540
719		3847		3264172		3519
720		3826		3268758		3539
721		3832		3273347		3530
722		3844		3277912		3547
723		3825		3282489		3538
724		3768		3287058		3524
725		3789		3291629		3556
726		3773		3296223		3550
727		3817		3300825		3520
728		3769		3305419		3516
729		3769		3310005		3524
730		3742		3314580		3487
731		3741		3319153		3545
732		3735		3323746		3520
733		3718		3328338		3519
734		3718		3332916		3542
735		3675		3337507		3508
736		3641		3342074		3504
737		3682		3346641		3503
738		3716		3351218		3510
739		3722		3355811		3501
740		3763		3360421		3505
741		3762		3365007		3502
742		3777		3369580		3529
743		3758		3374162		3508
744		3750		3378762		3495
745		3758		3383351		3477
746		3697		3387926		3526
747		3685		3392529		3501
748		3687		3397122		3527
749		3714		3401721		3509
750		3727		3406325		3502
751		3680		3410916		3486
752		3633		3415526		3483
753		3655		3420119		3504
754		3691		3424693		3564
755		3696		3429275		3517
756		3715		3433886		3511
757		3669		3438482		3492
758		3638		3443068		3504
759		3603		3447657		3479
760		3681		3452244		3497
761		3705		3456836		3502
762		3685		3461417		3495
763		3656		3466002		3513
764		3661		3470611		3507
765		3664		3475208		3519
766		3637		3479804		3536
767		3714		3484390		3532
768		3726		3488983		3520
769		3717		3493604		3512
770		3718		3498203		3512
771		3702		3502804		3556
772		3719		3507407		3494
773		3677		3511982		3511
774		3711		3516580		3544
775		3714		3521156		3509
776		3683		3525757		3552
777		3708		3530345		3520
778		3705		3534959		3506
779		3753		3539559		3529
780		3673		3544167		3526
781		3705		3548745		3497
782		3686		3553357		3470
783		3679		3557951		3501
784		3646		3562543		3544
785		3701		3567108		3494
786		3748		3571698		3492
787		3762		3576268		3498
788		3748		3580854		3459
789		3766		3585451		3503
790		3821		3590063		3491
791		3776		3594659		3523
792		3720		3599256		3501
793		3731		3603845		3534
794		3692		3608441		3509
795		3731		3613037		3489
796		3688		3617621		3520
797		3690		3622211		3519
798		3706		3626812		3504
799		3669		3631382		3510
800		3624		3635958		3520
801		3605		3640545		3502
802		3605		3645129		3513
803		3600		3649700		3486
804		3619		3654283		3515
805		3624		3658886		3504
806		3634		3663477		3527
807		3625		3668063		3527
808		3618		3672662		3502
809		3588		3677236		3503
810		3616		3681825		3516
811		3599		3686416		3495
812		3632		3691028		3523
813		3620		3695616		3517
814		3630		3700223		3531
815		3589		3704811		3511
816		3685		3709410		3497
817		3652		3714013		3548
818		3624		3718596		3528
819		3641		3723174		3506
820		3619		3727767		3520
821		3629		3732357		3489
822		3598		3736970		3524
823		3596		3741565		3513
824		3628		3746178		3506
825		3655		3750778		3531
826		3677		3755392		3503
827		3639		3759959		3514
828		3701		3764551		3509
829		3715		3769139		3491
830		3689		3773742		3515
831		3696		3778349		3499
832		3637		3782960		3514
833		3727		3787550		3513
834		3738		3792142		3499
835		3697		3796744		3534
836		3771		3801346		3521
837		3779		3805950		3510
838		3827		3810558		3547
839		3756		3815164		3548
840		3738		3819770		3528
841		3741		3824355		3496
842		3747		3828952		3495
843		3751		3833548		3512
844		3776		3838139		3489
845		3711		3842732		3486
846		3735		3847313		3536
847		3747		3851906		3511
848		3766		3856508		3545
849		3768		3861090		3526
850		3711		3865677		3496
851		3682		3870250		3520
852		3686		3874826		3521
853		3717		3879417		3492
854		3716		3884017		3509
855		3739		3888582		3497
856		3781		3893172		3531
857		3786		3897754		3506
858		3809		3902344		3514
859		3777		3906928		3492
860		3762		3911523		3511
861		3739		3916098		3510
862		3803		3920677		3567
863		3867		3925267		3533
864		3866		3929867		3515
865		3823		3934464		3500
866		3849		3939061		3543
867		3838		3943642		3496
868		3833		3948247		3507
869		3776		3952841		3521
870		3804		3957421		3559
871		3781		3962009		3464
872		3794		3966604		3475
873		3821		3971193		3515
874		3811		3975790		3513
875		3827		3980383		3529
876		3838		3984977		3503
877		3765		3989574		3514
878		3661		3994154		3521
879		3681		3998740		3495
880		3682		4003319		3461
881		3704		4007892		3523
882		3676		4012477		3507
883		3728		4017074		3513
884		3663		4021668		3510
885		3687		4026264		3535
886		3702		4030848		3511
887		3652		4035429		3485
888		3665		4040030		3494
889		3728		4044597		3514
890		3755		4049172		3505
891		3689		4053770		3535
892		3655		4058337		3500
893		3715		4062924		3526
894		3717		4067528		3502
895		3676		4072135		3528
896		3695		4076748		3496
897		3702		4081352		3465
898		3720		4085948		3536
899		3732		4090548		3506
900		3726		4095147		3525
901		3665		4099745		3514
902		3749		4104329		3502
903		3814		4108940		3522
904		3790		4113556		3513
905		3695		4118151		3494
906		3688		4122746		3512
907		3698		4127359		3508
908		3678		4131960		3502
909		3647		4136545		3491
910		3615		4141151		3495
911		3616		4145751		3518
912		3669		4150337		3507
913		3694		4154939		3517
914		3657		4159520		3495
915		3673		4164107		3547
916		3609		4168690		3546
917		3629		4173300		3493
918		3586		4177892		3529
919		3592		4182483		3541
920		3634		4187078		3536
921		3518		4191674		3494
922		3581		4196281		3521
923		3583		4200874		3529
924		3615		4205479		3543
925		3598		4210083		3537
926		3574		4214671		3537
927		3552		4219267		3517
928		3478		4223857		3527
929		3503		4228460		3519
930		3456		4233057		3528
931		3479		4237663		3562
932		3493		4242256		3540
933		3509		4246844		3520
934		3503		4251437		3541
935		3487		4256028		3528
936		3528		4260624		3515
937		3507		4265199		3534
938		3561		4269793		3527
939		3512		4274393		3556
940		3565		4278985		3552
941		3573		4283574		3486
942		3616		4288164		3524
943		3596		4292774		3518
944		3617		4297354		3531
945		3629		4301959		3540
946		3632		4306531		3526
947		3606		4311118		3551
948		3596		4315732		3532
949		3535		4320325		3540
950		3521		4324915		3533
951		3541		4329508		3533
952		3526		4334124		3534
953		3503		4338699		3518
954		3548		4343288		3523
955		3470		4347908		3539
956		3464		4352496		3530
957		3407		4357092		3533
958		3428		4361671		3550
959		3567		4366275		3565
960		3556		4370876		3580
961		3512		4375466		3545
962		3502		4380067		3529
963		3505		4384660		3516
964		3507		4389253		3524
965		3593		4393869		3486
966		3561		4398468		3553
967		3607		4403059		3534
968		3588		4407668		3544
969		3652		4412264		3520
970		3590		4416875		3508
971		3631		4421474		3465
972		3615		4426060		3502
973		3622		4430665		3545
974		3636		4435282		3525
975		3610		4439882		3551
976		3636		4444478		3507
977		3613		4449073		3577
978		3625		4453672		3545
979		3591		4458273		3537
980		3593		4462862		3533
981		3555		4467461		3518
982		3574		4472034		3509
983		3644		4476645		3550
984		3633		4481223		3510
985		3611		4485826		3529
986		3579		4490418		3535
987		3581		4495019		3527
988		3582		4499614		3540
989		3578		4504225		3524
990		3578		4508817		3548
991		3556		4513414		3539
992		3575		4518010		3516
993		3593		4522606		3541
994		3587		4527211		3529
995		3594		4531818		3519
996		3589		4536418		3525
997		3601		4541020		3543
998		3573		4545622		3538
999		3583		4550221		3516
