# Migration is number of nodes that have changed color.

Round		Edge-Cut		Swaps		Migrations		Skipped
0		10052		4641		3214
1		9899		9245		3296
2		9884		13840		3328
3		9807		18463		3413
4		9670		23040		3463
5		9612		27625		3405
6		9517		32187		3456
7		9412		36743		3459
8		9432		41271		3480
9		9386		45790		3484
10		9285		50313		3501
11		9263		54851		3504
12		9274		59384		3446
13		9259		63921		3484
14		9145		68461		3497
15		9049		72959		3494
16		9067		77445		3484
17		9043		81977		3509
18		8935		86427		3512
19		8965		90914		3478
20		8994		95407		3528
21		8797		99893		3523
22		8743		104352		3505
23		8603		108781		3541
24		8495		113195		3519
25		8465		117608		3484
26		8425		122044		3480
27		8437		126444		3484
28		8425		130870		3479
29		8300		135301		3474
30		8403		139731		3458
31		8385		144152		3495
32		8214		148561		3507
33		8223		152974		3492
34		8280		157378		3507
35		8205		161797		3527
36		8223		166221		3512
37		8131		170599		3420
38		8202		175001		3451
39		8150		179391		3469
40		8186		183772		3466
41		8161		188199		3469
42		8180		192609		3511
43		8103		197007		3530
44		7994		201406		3479
45		7934		205809		3490
46		7818		210197		3499
47		7873		214572		3533
48		7934		218972		3528
49		7983		223410		3485
50		7930		227817		3490
51		7876		232255		3477
52		7819		236681		3527
53		7812		241100		3498
54		7729		245515		3509
55		7665		249913		3483
56		7560		254279		3575
57		7588		258656		3505
58		7568		263040		3506
59		7568		267429		3520
60		7616		271842		3520
61		7568		276229		3522
62		7436		280660		3502
63		7399		285070		3530
64		7456		289458		3507
65		7411		293847		3488
66		7451		298244		3511
67		7426		302641		3494
68		7448		307047		3448
69		7427		311463		3456
70		7397		315867		3495
71		7402		320268		3443
72		7458		324684		3471
73		7450		329108		3495
74		7442		333535		3488
75		7455		337981		3508
76		7396		342422		3525
77		7485		346831		3519
78		7435		351283		3486
79		7388		355709		3481
80		7401		360113		3466
81		7435		364576		3474
82		7397		369037		3519
83		7315		373487		3471
84		7241		377943		3526
85		7132		382399		3502
86		7099		386839		3530
87		7051		391275		3523
88		7122		395733		3477
89		6931		400182		3483
90		6961		404609		3541
91		6978		409017		3515
92		7030		413466		3527
93		6981		417902		3551
94		6965		422333		3490
95		7009		426754		3515
96		7002		431183		3511
97		6933		435656		3535
98		6895		440127		3504
99		6888		444555		3515
100		6986		448951		3487
101		7045		453379		3501
102		6988		457776		3465
103		7007		462191		3508
104		7063		466638		3498
105		6929		471063		3492
106		6872		475510		3512
107		6863		479943		3489
108		6867		484399		3526
109		6930		488845		3520
110		6813		493281		3497
111		6850		497736		3497
112		6853		502200		3520
113		6730		506672		3505
114		6717		511118		3508
115		6746		515575		3532
116		6734		520007		3508
117		6724		524468		3499
118		6716		528912		3487
119		6715		533387		3521
120		6670		537872		3531
121		6648		542328		3553
122		6629		546781		3515
123		6678		551250		3520
124		6682		555693		3523
125		6573		560159		3521
126		6507		564630		3497
127		6537		569076		3513
128		6547		573540		3469
129		6577		577991		3498
130		6558		582448		3534
131		6555		586894		3519
132		6497		591329		3503
133		6439		595776		3526
134		6396		600242		3528
135		6298		604689		3503
136		6258		609114		3532
137		6244		613554		3487
138		6284		617960		3481
139		6327		622409		3478
140		6408		626836		3501
141		6416		631285		3489
142		6390		635713		3497
143		6366		640185		3512
144		6306		644646		3488
145		6348		649134		3475
146		6293		653608		3468
147		6277		658057		3467
148		6276		662502		3507
149		6211		666937		3560
150		6286		671404		3488
151		6227		675863		3478
152		6220		680336		3468
153		6191		684793		3499
154		6215		689244		3499
155		6178		693681		3479
156		6125		698143		3494
157		6179		702613		3479
158		6020		707093		3470
159		6025		711574		3494
160		6018		716046		3464
161		6011		720512		3453
162		6087		724982		3489
163		6039		729409		3483
164		6006		733897		3484
165		5986		738353		3477
166		6011		742839		3513
167		5974		747322		3469
168		5963		751775		3448
169		5989		756266		3477
170		6139		760773		3510
171		6137		765276		3480
172		6125		769779		3502
173		6031		774271		3452
174		5917		778769		3477
175		5992		783239		3484
176		5993		787722		3446
177		5945		792227		3472
178		5891		796734		3506
179		5891		801208		3491
180		5923		805684		3470
181		5889		810189		3436
182		5868		814664		3504
183		5918		819153		3500
184		5844		823643		3477
185		5860		828151		3469
186		5849		832613		3488
187		5820		837079		3485
188		5811		841578		3547
189		5808		846056		3494
190		5855		850547		3516
191		5812		855046		3489
192		5809		859549		3471
193		5817		864023		3454
194		5831		868541		3450
195		5789		873028		3440
196		5659		877509		3473
197		5723		882016		3470
198		5707		886511		3490
199		5660		890998		3469
200		5647		895528		3537
201		5589		900046		3472
202		5619		904553		3485
203		5521		909057		3478
204		5531		913544		3488
205		5555		918038		3504
206		5528		922512		3444
207		5556		927004		3498
208		5594		931501		3446
209		5540		935988		3493
210		5553		940514		3481
211		5478		944996		3467
212		5543		949501		3497
213		5436		954001		3502
214		5439		958483		3470
215		5397		962993		3463
216		5406		967504		3494
217		5323		972004		3557
218		5306		976505		3513
219		5377		981010		3523
220		5419		985543		3523
221		5358		990062		3482
222		5391		994579		3466
223		5311		999052		3484
224		5298		1003564		3509
225		5342		1008071		3493
226		5330		1012581		3516
227		5304		1017089		3467
228		5321		1021594		3519
229		5327		1026092		3503
230		5271		1030602		3502
231		5263		1035107		3513
232		5239		1039616		3520
233		5233		1044117		3487
234		5212		1048580		3500
235		5219		1053059		3505
236		5243		1057530		3501
237		5243		1062047		3488
238		5261		1066530		3492
239		5160		1071015		3526
240		5198		1075505		3477
241		5225		1080036		3463
242		5227		1084519		3498
243		5221		1089030		3506
244		5272		1093523		3465
245		5273		1098058		3461
246		5246		1102588		3507
247		5257		1107096		3492
248		5308		1111614		3495
249		5339		1116133		3495
250		5306		1120669		3510
251		5287		1125183		3484
252		5308		1129709		3520
253		5300		1134219		3514
254		5304		1138731		3466
255		5317		1143256		3476
256		5310		1147779		3483
257		5354		1152307		3487
258		5296		1156821		3471
259		5253		1161327		3494
260		5267		1165852		3482
261		5248		1170358		3510
262		5223		1174850		3474
263		5248		1179386		3498
264		5204		1183926		3469
265		5137		1188435		3496
266		5116		1192950		3510
267		5184		1197474		3480
268		5119		1202021		3485
269		5124		1206563		3484
270		5174		1211091		3507
271		5092		1215604		3502
272		5106		1220112		3487
273		5098		1224629		3481
274		5118		1229146		3479
275		5060		1233680		3495
276		5133		1238200		3501
277		5156		1242750		3524
278		5155		1247289		3507
279		5169		1251836		3483
280		5199		1256371		3494
281		5105		1260897		3503
282		5119		1265417		3502
283		5093		1269970		3465
284		5035		1274515		3479
285		5008		1279045		3463
286		4975		1283545		3509
287		4993		1288083		3527
288		5020		1292627		3466
289		5027		1297141		3488
290		4972		1301670		3501
291		5018		1306212		3485
292		5055		1310754		3501
293		5050		1315288		3488
294		5121		1319818		3484
295		5124		1324347		3512
296		5107		1328871		3527
297		5130		1333402		3511
298		5033		1337944		3485
299		5078		1342488		3496
300		5100		1347015		3506
301		5092		1351577		3528
302		5034		1356132		3481
303		5033		1360645		3525
304		5027		1365187		3488
305		4974		1369706		3488
306		4846		1374233		3482
307		4895		1378773		3504
308		4799		1383298		3530
309		4859		1387821		3491
310		4857		1392368		3460
311		4843		1396930		3444
312		4747		1401454		3449
313		4797		1405982		3516
314		4738		1410498		3485
315		4789		1415036		3513
316		4747		1419577		3524
317		4776		1424096		3541
318		4727		1428638		3528
319		4722		1433174		3520
320		4709		1437696		3509
321		4700		1442237		3538
322		4670		1446765		3511
323		4673		1451304		3520
324		4695		1455849		3508
325		4686		1460377		3495
326		4697		1464922		3512
327		4697		1469446		3516
328		4632		1473974		3557
329		4575		1478489		3526
330		4611		1483032		3498
331		4617		1487558		3517
332		4613		1492107		3478
333		4536		1496660		3494
334		4497		1501214		3494
335		4479		1505740		3500
336		4492		1510282		3554
337		4448		1514810		3524
338		4399		1519340		3510
339		4481		1523888		3504
340		4477		1528423		3515
341		4480		1532982		3466
342		4488		1537524		3482
343		4435		1542070		3512
344		4401		1546637		3490
345		4405		1551159		3483
346		4408		1555727		3499
347		4379		1560262		3499
348		4361		1564803		3523
349		4317		1569350		3518
350		4372		1573889		3513
351		4405		1578453		3553
352		4389		1583001		3491
353		4437		1587551		3508
354		4439		1592113		3533
355		4367		1596661		3519
356		4374		1601221		3510
357		4376		1605796		3529
358		4332		1610342		3541
359		4299		1614889		3538
360		4265		1619438		3523
361		4198		1623978		3509
362		4212		1628519		3525
363		4244		1633051		3483
364		4204		1637609		3486
365		4189		1642155		3495
366		4200		1646710		3509
367		4237		1651276		3519
368		4180		1655846		3507
369		4176		1660403		3485
370		4168		1664961		3518
371		4222		1669513		3543
372		4194		1674061		3511
373		4181		1678610		3532
374		4170		1683182		3526
375		4139		1687734		3524
376		4190		1692286		3505
377		4190		1696865		3539
378		4206		1701435		3523
379		4210		1706007		3511
380		4193		1710579		3534
381		4123		1715126		3509
382		4128		1719687		3539
383		4125		1724244		3480
384		4077		1728807		3510
385		4082		1733349		3493
386		4100		1737938		3486
387		4072		1742496		3510
388		4084		1747070		3499
389		4058		1751624		3537
390		4024		1756185		3520
391		4035		1760732		3492
392		4030		1765285		3508
393		4026		1769836		3508
394		4071		1774403		3478
395		4016		1778965		3510
396		4062		1783547		3510
397		4060		1788119		3532
398		4098		1792677		3500
399		4093		1797243		3496
400		4126		1801800		3480
401		4161		1806353		3526
402		4184		1810926		3479
403		4084		1815487		3507
404		4081		1820055		3531
405		4144		1824610		3517
406		4227		1829207		3498
407		4164		1833758		3498
408		4191		1838301		3545
409		4238		1842865		3562
410		4297		1847450		3523
411		4225		1852013		3537
412		4216		1856594		3514
413		4226		1861170		3498
414		4217		1865745		3534
415		4187		1870292		3496
416		4195		1874831		3488
417		4107		1879383		3482
418		4122		1883924		3537
419		4190		1888507		3494
420		4199		1893070		3521
421		4198		1897636		3488
422		4214		1902178		3506
423		4233		1906756		3495
424		4202		1911346		3550
425		4227		1915907		3515
426		4197		1920465		3509
427		4200		1924989		3500
428		4190		1929531		3536
429		4262		1934099		3494
430		4276		1938656		3508
431		4277		1943212		3494
432		4278		1947768		3470
433		4238		1952324		3500
434		4295		1956897		3506
435		4301		1961465		3482
436		4332		1966021		3495
437		4271		1970571		3513
438		4190		1975108		3490
439		4278		1979658		3439
440		4259		1984232		3495
441		4270		1988794		3511
442		4296		1993353		3516
443		4324		1997926		3510
444		4322		2002518		3531
445		4315		2007076		3499
446		4362		2011659		3529
447		4352		2016229		3514
448		4307		2020793		3507
449		4347		2025379		3512
450		4267		2029917		3506
451		4225		2034485		3475
452		4321		2039050		3493
453		4324		2043611		3509
454		4270		2048182		3528
455		4243		2052728		3499
456		4208		2057289		3471
457		4198		2061844		3514
458		4196		2066407		3515
459		4153		2070964		3454
460		4172		2075525		3497
461		4190		2080110		3476
462		4238		2084686		3491
463		4181		2089250		3507
464		4187		2093833		3523
465		4148		2098399		3515
466		4150		2102944		3510
467		4143		2107494		3509
468		4130		2112074		3514
469		4124		2116668		3500
470		4108		2121226		3475
471		4090		2125791		3510
472		4127		2130340		3465
473		4099		2134908		3495
474		4173		2139462		3519
475		4159		2144012		3513
476		4174		2148603		3495
477		4152		2153173		3487
478		4158		2157738		3516
479		4152		2162321		3510
480		4092		2166885		3481
481		4126		2171460		3494
482		4165		2176022		3493
483		4139		2180589		3447
484		4097		2185165		3470
485		4132		2189752		3468
486		4158		2194341		3497
487		4106		2198921		3514
488		4131		2203517		3498
489		4115		2208070		3494
490		4103		2212640		3522
491		4090		2217213		3509
492		4143		2221800		3479
493		4061		2226374		3473
494		4029		2230964		3493
495		4022		2235552		3519
496		4003		2240123		3498
497		4015		2244698		3511
498		4061		2249276		3504
499		4096		2253861		3495
500		4101		2258455		3470
501		4218		2263079		3486
502		4241		2267707		3516
503		4217		2272326		3516
504		4277		2276935		3473
505		4302		2281546		3519
506		4344		2286157		3498
507		4349		2290764		3518
508		4367		2295388		3510
509		4456		2299980		3506
510		4446		2304600		3476
511		4452		2309209		3491
512		4405		2313796		3505
513		4374		2318394		3514
514		4415		2322987		3516
515		4441		2327589		3529
516		4480		2332193		3503
517		4472		2336770		3448
518		4480		2341367		3526
519		4467		2345938		3507
520		4488		2350516		3507
521		4400		2355092		3483
522		4432		2359672		3500
523		4364		2364266		3519
524		4350		2368856		3543
525		4340		2373443		3522
526		4265		2378014		3529
527		4266		2382581		3513
528		4239		2387144		3515
529		4292		2391733		3509
530		4284		2396320		3504
531		4280		2400900		3489
532		4259		2405480		3516
533		4230		2410068		3502
534		4168		2414630		3515
535		4193		2419210		3498
536		4154		2423758		3483
537		4187		2428324		3497
538		4243		2432908		3504
539		4249		2437493		3497
540		4253		2442082		3505
541		4235		2446671		3532
542		4213		2451237		3503
543		4234		2455779		3492
544		4264		2460371		3515
545		4227		2464930		3506
546		4224		2469493		3485
547		4212		2474084		3514
548		4193		2478649		3485
549		4246		2483233		3500
550		4199		2487793		3512
551		4206		2492366		3512
552		4221		2496948		3489
553		4193		2501534		3510
554		4151		2506112		3482
555		4152		2510673		3505
556		4126		2515251		3484
557		4087		2519804		3520
558		4030		2524356		3466
559		4039		2528896		3525
560		4117		2533454		3530
561		4088		2538030		3505
562		4028		2542604		3505
563		4049		2547151		3468
564		4029		2551740		3505
565		4000		2556296		3485
566		4024		2560852		3499
567		4003		2565445		3475
568		4062		2570011		3489
569		4061		2574569		3520
570		4068		2579145		3505
571		3979		2583733		3511
572		3985		2588308		3485
573		3959		2592870		3485
574		3940		2597413		3478
575		3898		2601967		3496
576		3957		2606514		3499
577		3919		2611088		3495
578		3884		2615677		3479
579		3906		2620236		3463
580		3893		2624813		3460
581		3894		2629374		3490
582		3923		2633947		3519
583		3914		2638519		3486
584		3867		2643081		3517
585		3835		2647642		3510
586		3811		2652215		3492
587		3854		2656787		3512
588		3814		2661361		3498
589		3809		2665936		3501
590		3888		2670508		3510
591		3877		2675095		3501
592		3941		2679692		3493
593		3896		2684265		3495
594		3865		2688872		3471
595		3876		2693451		3484
596		3897		2698027		3494
597		3856		2702622		3489
598		3835		2707192		3500
599		3783		2711792		3502
600		3830		2716359		3497
601		3766		2720925		3460
602		3746		2725483		3487
603		3784		2730043		3490
604		3785		2734630		3489
605		3849		2739193		3456
606		3818		2743756		3496
607		3868		2748327		3516
608		3847		2752897		3500
609		3848		2757491		3505
610		3829		2762079		3521
611		3888		2766650		3529
612		3982		2771238		3499
613		3945		2775808		3518
614		3943		2780376		3496
615		3875		2784962		3498
616		3921		2789533		3525
617		3883		2794112		3516
618		3913		2798687		3504
619		3826		2803286		3493
620		3867		2807868		3510
621		3920		2812430		3526
622		3871		2817023		3502
623		3833		2821605		3480
624		3844		2826178		3497
625		3865		2830774		3475
626		3868		2835359		3490
627		3918		2839956		3489
628		3903		2844537		3509
629		3874		2849095		3481
630		3814		2853685		3443
631		3833		2858260		3493
632		3844		2862833		3516
633		3876		2867401		3531
634		3866		2871976		3545
635		3903		2876543		3497
636		3905		2881108		3508
637		3910		2885693		3482
638		3913		2890274		3499
639		3881		2894845		3527
640		3894		2899418		3526
641		3918		2904001		3511
642		3836		2908599		3499
643		3789		2913174		3493
644		3815		2917765		3491
645		3808		2922335		3492
646		3811		2926909		3477
647		3827		2931464		3500
648		3856		2936044		3501
649		3846		2940635		3485
650		3802		2945208		3494
651		3784		2949800		3498
652		3793		2954388		3503
653		3839		2958954		3483
654		3890		2963551		3489
655		3887		2968149		3497
656		3927		2972736		3482
657		3903		2977325		3483
658		3881		2981921		3488
659		3906		2986516		3514
660		3876		2991091		3503
661		3834		2995675		3465
662		3744		3000237		3490
663		3779		3004795		3471
664		3824		3009359		3484
665		3760		3013948		3479
666		3787		3018526		3458
667		3771		3023108		3491
668		3834		3027685		3458
669		3833		3032263		3488
670		3806		3036863		3459
671		3765		3041432		3508
672		3728		3046017		3468
673		3723		3050606		3486
674		3762		3055201		3488
675		3771		3059791		3498
676		3731		3064374		3484
677		3745		3068948		3534
678		3764		3073518		3515
679		3738		3078109		3503
680		3754		3082685		3510
681		3761		3087261		3515
682		3768		3091845		3467
683		3746		3096413		3483
684		3779		3101007		3502
685		3797		3105578		3491
686		3739		3110152		3503
687		3726		3114734		3488
688		3769		3119296		3481
689		3820		3123877		3476
690		3720		3128449		3504
691		3776		3133014		3524
692		3801		3137576		3488
693		3801		3142195		3497
694		3757		3146774		3483
695		3790		3151370		3490
696		3775		3155954		3499
697		3817		3160532		3488
698		3780		3165121		3496
699		3777		3169690		3508
700		3783		3174272		3512
701		3794		3178839		3488
702		3758		3183414		3484
703		3758		3187974		3517
704		3731		3192526		3504
705		3721		3197111		3478
706		3731		3201705		3482
707		3729		3206283		3487
708		3726		3210882		3510
709		3738		3215460		3524
710		3751		3220042		3500
711		3695		3224624		3497
712		3687		3229180		3487
713		3652		3233756		3481
714		3739		3238336		3474
715		3678		3242909		3482
716		3654		3247491		3456
717		3616		3252086		3469
718		3620		3256664		3496
719		3604		3261240		3507
720		3591		3265805		3512
721		3594		3270386		3485
722		3696		3274954		3510
723		3749		3279530		3478
724		3717		3284091		3475
725		3716		3288667		3489
726		3698		3293236		3468
727		3702		3297803		3493
728		3692		3302358		3481
729		3715		3306931		3496
730		3740		3311505		3502
731		3775		3316091		3476
732		3751		3320653		3493
733		3795		3325218		3478
734		3756		3329808		3503
735		3800		3334393		3467
736		3743		3338969		3473
737		3713		3343561		3499
738		3666		3348125		3477
739		3624		3352705		3506
740		3618		3357278		3488
741		3590		3361849		3483
742		3584		3366425		3492
743		3575		3370990		3514
744		3610		3375535		3521
745		3605		3380095		3498
746		3659		3384672		3460
747		3658		3389258		3498
748		3714		3393822		3488
749		3655		3398390		3478
750		3657		3402992		3484
751		3723		3407587		3473
752		3758		3412196		3506
753		3646		3416774		3491
754		3635		3421374		3504
755		3712		3425939		3509
756		3721		3430529		3490
757		3697		3435118		3473
758		3742		3439715		3484
759		3745		3444284		3498
760		3787		3448861		3486
761		3788		3453454		3505
762		3797		3458041		3503
763		3709		3462621		3490
764		3741		3467191		3484
765		3731		3471782		3480
766		3743		3476366		3502
767		3704		3480944		3504
768		3672		3485532		3520
769		3704		3490106		3508
770		3680		3494682		3535
771		3715		3499265		3533
772		3689		3503835		3505
773		3636		3508380		3496
774		3621		3512971		3500
775		3639		3517549		3512
776		3592		3522108		3517
777		3580		3526696		3495
778		3613		3531281		3540
779		3642		3535853		3484
780		3621		3540428		3519
781		3569		3545008		3528
782		3597		3549597		3502
783		3582		3554183		3482
784		3541		3558756		3513
785		3532		3563344		3501
786		3513		3567920		3488
787		3525		3572495		3501
788		3530		3577064		3503
789		3530		3581634		3503
790		3582		3586225		3476
791		3593		3590811		3506
792		3609		3595395		3480
793		3590		3599992		3501
794		3594		3604585		3505
795		3583		3609164		3461
796		3532		3613738		3488
797		3504		3618320		3481
798		3490		3622883		3483
799		3499		3627438		3492
800		3573		3632031		3487
801		3548		3636607		3508
802		3522		3641212		3474
803		3518		3645812		3488
804		3527		3650411		3516
805		3464		3655003		3503
806		3493		3659581		3505
807		3513		3664155		3495
808		3482		3668734		3483
809		3458		3673332		3475
810		3509		3677912		3516
811		3565		3682494		3509
812		3534		3687095		3494
813		3522		3691691		3518
814		3510		3696278		3470
815		3591		3700868		3544
816		3584		3705481		3495
817		3614		3710076		3513
818		3578		3714663		3477
819		3609		3719249		3496
820		3579		3723830		3504
821		3634		3728393		3486
822		3659		3732978		3498
823		3622		3737577		3490
824		3625		3742148		3507
825		3584		3746733		3482
826		3658		3751335		3513
827		3636		3755930		3504
828		3631		3760532		3506
829		3600		3765101		3526
830		3603		3769675		3518
831		3585		3774258		3507
832		3587		3778834		3516
833		3562		3783407		3486
834		3566		3787999		3509
835		3597		3792593		3514
836		3565		3797162		3466
837		3594		3801751		3473
838		3600		3806335		3493
839		3608		3810910		3539
840		3628		3815513		3518
841		3638		3820100		3501
842		3687		3824696		3502
843		3645		3829295		3445
844		3655		3833868		3496
845		3696		3838433		3485
846		3680		3843015		3478
847		3661		3847596		3484
848		3694		3852198		3480
849		3640		3856782		3479
850		3640		3861354		3480
851		3587		3865917		3493
852		3650		3870509		3512
853		3624		3875100		3489
854		3604		3879668		3465
855		3610		3884250		3472
856		3626		3888857		3513
857		3656		3893466		3514
858		3607		3898050		3492
859		3650		3902641		3515
860		3692		3907242		3475
861		3671		3911822		3471
862		3712		3916435		3475
863		3734		3921036		3497
864		3631		3925630		3512
865		3600		3930233		3499
866		3533		3934798		3529
867		3530		3939375		3503
868		3574		3943984		3510
869		3548		3948561		3482
870		3564		3953162		3527
871		3574		3957733		3546
872		3543		3962302		3498
873		3517		3966881		3502
874		3505		3971432		3503
875		3512		3976001		3534
876		3488		3980578		3495
877		3481		3985181		3518
878		3476		3989786		3484
879		3503		3994371		3481
880		3438		3998951		3516
881		3486		4003528		3469
882		3478		4008110		3527
883		3449		4012692		3483
884		3497		4017262		3500
885		3478		4021859		3516
886		3455		4026452		3496
887		3480		4031009		3545
888		3465		4035604		3504
889		3493		4040177		3502
890		3523		4044767		3508
891		3516		4049344		3497
892		3524		4053933		3534
893		3452		4058518		3491
894		3474		4063079		3492
895		3558		4067673		3495
896		3531		4072279		3482
897		3506		4076862		3478
898		3527		4081462		3483
899		3490		4086043		3509
900		3437		4090633		3515
901		3516		4095225		3529
902		3588		4099840		3491
903		3589		4104439		3519
904		3561		4109032		3518
905		3521		4113627		3527
906		3525		4118214		3504
907		3521		4122830		3528
908		3481		4127412		3483
909		3482		4131997		3519
910		3495		4136580		3520
911		3506		4141153		3493
912		3487		4145736		3500
913		3492		4150320		3495
914		3529		4154888		3506
915		3544		4159471		3534
916		3576		4164076		3508
917		3570		4168675		3523
918		3558		4173273		3496
919		3559		4177851		3505
920		3525		4182439		3519
921		3524		4187022		3511
922		3518		4191612		3507
923		3521		4196189		3491
924		3548		4200753		3512
925		3530		4205351		3514
926		3554		4209931		3524
927		3560		4214510		3494
928		3513		4219100		3510
929		3580		4223680		3489
930		3486		4228235		3508
931		3564		4232817		3494
932		3566		4237397		3499
933		3586		4241998		3509
934		3626		4246587		3522
935		3614		4251187		3482
936		3597		4255757		3512
937		3538		4260344		3475
938		3505		4264884		3524
939		3540		4269462		3520
940		3555		4274035		3531
941		3580		4278595		3491
942		3610		4283176		3506
943		3585		4287758		3486
944		3582		4292326		3519
945		3602		4296912		3487
946		3589		4301501		3483
947		3596		4306078		3495
948		3637		4310667		3478
949		3655		4315250		3530
950		3627		4319858		3515
951		3550		4324458		3514
952		3575		4329045		3495
953		3602		4333628		3487
954		3658		4338217		3460
955		3584		4342804		3506
956		3559		4347391		3515
957		3577		4351963		3497
958		3604		4356552		3482
959		3673		4361149		3475
960		3635		4365753		3486
961		3685		4370346		3508
962		3607		4374923		3491
963		3649		4379524		3508
964		3575		4384123		3477
965		3591		4388688		3545
966		3554		4393281		3479
967		3620		4397873		3501
968		3665		4402452		3484
969		3619		4407042		3502
970		3602		4411616		3478
971		3636		4416200		3497
972		3592		4420796		3470
973		3602		4425385		3491
974		3558		4429940		3497
975		3582		4434515		3483
976		3631		4439081		3496
977		3645		4443661		3494
978		3591		4448238		3490
979		3611		4452833		3466
980		3615		4457421		3527
981		3600		4461991		3491
982		3659		4466574		3483
983		3657		4471163		3485
984		3688		4475741		3485
985		3687		4480310		3514
986		3780		4484916		3502
987		3717		4489492		3500
988		3680		4494086		3484
989		3690		4498682		3487
990		3647		4503246		3507
991		3660		4507815		3468
992		3705		4512420		3465
993		3713		4517006		3479
994		3654		4521598		3504
995		3585		4526186		3477
996		3590		4530771		3490
997		3622		4535318		3499
998		3661		4539897		3499
999		3632		4544479		3490
