# Migration is number of nodes that have changed color.

Round		Edge-Cut		Swaps		Migrations		Skipped
0		10025		4618		3203
1		9827		9220		3283
2		9759		13814		3426
3		9695		18394		3380
4		9701		22968		3429
5		9662		27533		3468
6		9607		32093		3405
7		9522		36673		3362
8		9420		41210		3467
9		9346		45748		3490
10		9343		50277		3497
11		9473		54844		3502
12		9340		59392		3463
13		9289		63946		3516
14		9302		68473		3496
15		9271		73006		3480
16		9185		77537		3515
17		9190		82064		3513
18		9196		86597		3528
19		9191		91137		3498
20		9097		95643		3518
21		9194		100171		3499
22		9118		104686		3481
23		9066		109220		3463
24		8989		113741		3516
25		9055		118219		3487
26		9057		122710		3472
27		8990		127201		3497
28		8938		131684		3504
29		8868		136178		3499
30		8879		140683		3503
31		8949		145163		3523
32		8914		149672		3562
33		8932		154172		3518
34		8924		158657		3568
35		8859		163146		3559
36		8859		167633		3533
37		8911		172082		3502
38		8782		176564		3491
39		8651		181023		3524
40		8588		185497		3520
41		8565		190004		3498
42		8484		194463		3564
43		8444		198902		3527
44		8519		203337		3566
45		8353		207787		3541
46		8447		212253		3492
47		8420		216703		3523
48		8440		221200		3506
49		8416		225673		3525
50		8454		230153		3494
51		8262		234594		3484
52		8342		239008		3555
53		8254		243454		3508
54		8318		247907		3539
55		8145		252331		3540
56		8196		256750		3501
57		8148		261190		3537
58		8071		265620		3505
59		8012		270051		3524
60		8011		274458		3504
61		8012		278861		3506
62		7988		283266		3498
63		7944		287681		3480
64		7920		292067		3506
65		7860		296495		3500
66		7868		300887		3557
67		7892		305338		3497
68		7797		309755		3489
69		7818		314170		3502
70		7856		318588		3427
71		7816		323025		3491
72		7885		327484		3506
73		7782		331911		3497
74		7668		336312		3527
75		7745		340705		3538
76		7729		345133		3540
77		7723		349565		3541
78		7739		353999		3448
79		7771		358435		3576
80		7692		362824		3541
81		7637		367210		3559
82		7775		371588		3497
83		7760		375998		3550
84		7863		380426		3570
85		7774		384874		3507
86		7772		389293		3544
87		7813		393712		3511
88		7747		398168		3533
89		7681		402641		3531
90		7611		407095		3524
91		7468		411516		3566
92		7455		415911		3499
93		7467		420343		3503
94		7473		424801		3510
95		7559		429240		3540
96		7515		433689		3554
97		7407		438147		3558
98		7357		442574		3558
99		7331		447032		3576
100		7283		451457		3572
101		7384		455902		3532
102		7309		460313		3573
103		7321		464771		3543
104		7244		469248		3502
105		7205		473685		3490
106		7156		478143		3529
107		7087		482566		3486
108		7100		487012		3514
109		7078		491440		3527
110		7091		495919		3527
111		7114		500352		3502
112		7061		504802		3514
113		7097		509276		3485
114		7056		513731		3534
115		7011		518200		3551
116		7062		522670		3579
117		7038		527139		3559
118		6922		531617		3562
119		6937		536057		3519
120		6841		540501		3546
121		6825		544962		3525
122		6804		549404		3569
123		6796		553852		3531
124		6704		558313		3530
125		6672		562744		3527
126		6660		567173		3491
127		6623		571592		3479
128		6621		576036		3512
129		6665		580499		3475
130		6582		584960		3495
131		6549		589385		3475
132		6574		593820		3505
133		6574		598252		3489
134		6629		602706		3496
135		6559		607195		3510
136		6560		611668		3509
137		6564		616110		3525
138		6497		620581		3524
139		6469		625040		3495
140		6478		629484		3489
141		6417		633953		3531
142		6412		638450		3473
143		6519		642924		3516
144		6429		647408		3492
145		6370		651891		3537
146		6368		656348		3549
147		6315		660847		3522
148		6297		665321		3508
149		6249		669788		3538
150		6295		674224		3531
151		6196		678692		3530
152		6301		683180		3549
153		6249		687651		3481
154		6279		692143		3540
155		6299		696623		3547
156		6313		701087		3545
157		6368		705558		3505
158		6343		710071		3519
159		6316		714580		3541
160		6252		719075		3576
161		6199		723539		3523
162		6256		728006		3518
163		6297		732480		3519
164		6212		736945		3482
165		6252		741420		3530
166		6306		745926		3509
167		6215		750449		3555
168		6154		754897		3511
169		6207		759355		3535
170		6233		763826		3513
171		6122		768331		3517
172		6178		772817		3497
173		6126		777303		3460
174		6105		781828		3487
175		6040		786309		3498
176		6027		790805		3533
177		6046		795280		3545
178		6008		799752		3511
179		6036		804233		3518
180		6033		808712		3495
181		6019		813212		3511
182		5999		817730		3517
183		5979		822220		3497
184		5891		826693		3512
185		5857		831189		3546
186		5888		835685		3557
187		5850		840193		3540
188		5844		844688		3581
189		5801		849192		3548
190		5764		853691		3562
191		5774		858187		3535
192		5837		862668		3499
193		5709		867162		3534
194		5684		871626		3519
195		5720		876117		3524
196		5644		880608		3497
197		5570		885079		3513
198		5491		889570		3513
199		5546		894054		3515
200		5608		898548		3501
201		5667		903011		3511
202		5684		907485		3518
203		5641		912029		3532
204		5640		916509		3524
205		5635		920954		3537
206		5685		925449		3511
207		5689		929950		3515
208		5703		934460		3524
209		5738		938988		3499
210		5715		943514		3509
211		5677		948026		3514
212		5645		952565		3509
213		5666		957101		3498
214		5660		961618		3514
215		5679		966119		3491
216		5692		970637		3495
217		5641		975128		3560
218		5614		979617		3521
219		5577		984124		3497
220		5517		988668		3533
221		5514		993186		3512
222		5462		997683		3522
223		5442		1002180		3504
224		5439		1006688		3552
225		5411		1011202		3489
226		5358		1015706		3519
227		5379		1020201		3493
228		5477		1024734		3498
229		5369		1029235		3517
230		5344		1033760		3512
231		5341		1038247		3513
232		5346		1042744		3511
233		5418		1047256		3555
234		5378		1051769		3531
235		5374		1056266		3556
236		5341		1060769		3521
237		5322		1065261		3488
238		5319		1069753		3484
239		5344		1074253		3514
240		5381		1078758		3513
241		5400		1083250		3533
242		5416		1087747		3484
243		5416		1092253		3510
244		5385		1096760		3482
245		5526		1101295		3499
246		5476		1105832		3537
247		5558		1110379		3523
248		5532		1114896		3474
249		5467		1119419		3463
250		5457		1123932		3493
251		5392		1128452		3502
252		5383		1132961		3504
253		5469		1137476		3488
254		5412		1141952		3527
255		5470		1146472		3520
256		5469		1150962		3506
257		5507		1155490		3500
258		5431		1159990		3526
259		5389		1164488		3548
260		5353		1168971		3551
261		5357		1173464		3574
262		5369		1177991		3544
263		5347		1182482		3500
264		5428		1186993		3553
265		5433		1191500		3518
266		5443		1196019		3480
267		5463		1200540		3509
268		5380		1205043		3502
269		5308		1209542		3481
270		5326		1214050		3519
271		5282		1218565		3515
272		5206		1223071		3545
273		5196		1227555		3530
274		5192		1232074		3547
275		5165		1236592		3509
276		5089		1241100		3488
277		5119		1245632		3502
278		5059		1250123		3475
279		5083		1254632		3507
280		5117		1259148		3459
281		5152		1263618		3479
282		5145		1268127		3533
283		5132		1272633		3524
284		5201		1277155		3503
285		5183		1281665		3519
286		5171		1286186		3514
287		5141		1290697		3539
288		5161		1295245		3490
289		5214		1299783		3503
290		5207		1304321		3523
291		5076		1308821		3530
292		5101		1313302		3493
293		5065		1317803		3504
294		5059		1322305		3504
295		5112		1326833		3513
296		5085		1331359		3497
297		5093		1335858		3496
298		5033		1340372		3499
299		5057		1344877		3523
300		4933		1349410		3500
301		4943		1353910		3507
302		4918		1358382		3493
303		4960		1362871		3516
304		4998		1367375		3536
305		5003		1371930		3521
306		5031		1376465		3530
307		5031		1380989		3565
308		4918		1385513		3536
309		4875		1390016		3522
310		4823		1394510		3514
311		4909		1399043		3517
312		4940		1403525		3517
313		4914		1408010		3536
314		4917		1412499		3559
315		4913		1417029		3521
316		4964		1421562		3502
317		4998		1426088		3504
318		4936		1430611		3497
319		4936		1435109		3514
320		4935		1439619		3516
321		4894		1444165		3502
322		4838		1448692		3491
323		4806		1453215		3534
324		4816		1457734		3544
325		4767		1462247		3498
326		4741		1466744		3526
327		4736		1471251		3516
328		4814		1475783		3515
329		4789		1480311		3494
330		4801		1484785		3527
331		4828		1489290		3513
332		4846		1493820		3542
333		4827		1498364		3519
334		4741		1502896		3518
335		4760		1507427		3494
336		4686		1511932		3477
337		4658		1516436		3497
338		4646		1520933		3489
339		4650		1525461		3517
340		4736		1529965		3551
341		4707		1534475		3543
342		4703		1538990		3517
343		4770		1543521		3543
344		4779		1548055		3519
345		4782		1552589		3518
346		4800		1557144		3541
347		4722		1561657		3545
348		4759		1566169		3497
349		4776		1570677		3522
350		4769		1575201		3512
351		4735		1579734		3549
352		4690		1584277		3530
353		4715		1588811		3514
354		4703		1593338		3492
355		4710		1597872		3539
356		4683		1602398		3523
357		4769		1606957		3516
358		4721		1611492		3510
359		4758		1616025		3536
360		4780		1620559		3525
361		4813		1625120		3498
362		4875		1629675		3522
363		4815		1634226		3504
364		4816		1638772		3495
365		4767		1643305		3508
366		4706		1647842		3541
367		4708		1652371		3552
368		4739		1656903		3540
369		4697		1661442		3522
370		4722		1665958		3517
371		4649		1670480		3534
372		4663		1674994		3508
373		4708		1679529		3538
374		4745		1684078		3540
375		4721		1688627		3473
376		4707		1693170		3531
377		4665		1697684		3504
378		4712		1702218		3524
379		4737		1706755		3507
380		4747		1711299		3503
381		4665		1715830		3493
382		4649		1720363		3523
383		4686		1724888		3513
384		4636		1729427		3529
385		4618		1733960		3538
386		4621		1738490		3557
387		4622		1743038		3488
388		4632		1747585		3506
389		4618		1752132		3529
390		4648		1756677		3517
391		4625		1761201		3528
392		4632		1765729		3522
393		4639		1770262		3516
394		4619		1774775		3484
395		4574		1779297		3523
396		4564		1783828		3524
397		4602		1788377		3523
398		4626		1792935		3525
399		4527		1797481		3523
400		4535		1802012		3480
401		4467		1806555		3537
402		4495		1811081		3503
403		4492		1815619		3531
404		4517		1820144		3481
405		4495		1824663		3489
406		4517		1829207		3482
407		4516		1833741		3507
408		4550		1838274		3531
409		4539		1842799		3519
410		4564		1847323		3501
411		4474		1851885		3508
412		4456		1856433		3466
413		4439		1860945		3487
414		4421		1865467		3478
415		4439		1870003		3469
416		4451		1874573		3505
417		4433		1879115		3485
418		4400		1883670		3493
419		4385		1888211		3490
420		4401		1892758		3535
421		4425		1897284		3499
422		4444		1901830		3503
423		4419		1906366		3508
424		4394		1910912		3530
425		4382		1915444		3490
426		4379		1919998		3533
427		4281		1924529		3510
428		4311		1929073		3490
429		4322		1933633		3483
430		4310		1938160		3513
431		4337		1942708		3521
432		4306		1947239		3531
433		4272		1951774		3554
434		4310		1956302		3499
435		4314		1960844		3507
436		4376		1965374		3524
437		4347		1969888		3518
438		4328		1974430		3514
439		4322		1978971		3490
440		4300		1983514		3528
441		4317		1988053		3542
442		4334		1992589		3527
443		4281		1997127		3559
444		4197		2001666		3550
445		4185		2006194		3519
446		4195		2010726		3524
447		4210		2015245		3537
448		4210		2019773		3521
449		4299		2024323		3549
450		4214		2028848		3509
451		4206		2033370		3516
452		4157		2037910		3510
453		4147		2042453		3526
454		4112		2047001		3532
455		4060		2051531		3521
456		4131		2056077		3526
457		4096		2060613		3518
458		4149		2065180		3552
459		4210		2069719		3488
460		4279		2074268		3510
461		4220		2078818		3542
462		4175		2083345		3536
463		4222		2087895		3523
464		4277		2092449		3521
465		4229		2096989		3536
466		4221		2101524		3499
467		4245		2106054		3507
468		4219		2110601		3497
469		4267		2115151		3509
470		4287		2119693		3488
471		4309		2124245		3540
472		4315		2128778		3541
473		4318		2133329		3502
474		4282		2137874		3518
475		4239		2142381		3512
476		4204		2146907		3528
477		4237		2151427		3518
478		4239		2155977		3529
479		4147		2160508		3550
480		4226		2165065		3508
481		4312		2169624		3515
482		4296		2174179		3541
483		4315		2178716		3561
484		4333		2183282		3524
485		4322		2187836		3516
486		4367		2192387		3486
487		4405		2196936		3505
488		4377		2201484		3478
489		4350		2206039		3495
490		4408		2210560		3527
491		4387		2215125		3510
492		4378		2219693		3497
493		4338		2224249		3503
494		4333		2228799		3515
495		4330		2233342		3505
496		4347		2237888		3506
497		4396		2242447		3518
498		4330		2246983		3489
499		4293		2251516		3478
500		4302		2256074		3509
501		4401		2260634		3491
502		4506		2265215		3522
503		4560		2269825		3519
504		4569		2274424		3519
505		4587		2278988		3515
506		4652		2283590		3522
507		4719		2288169		3517
508		4754		2292761		3507
509		4859		2297353		3505
510		4842		2301953		3496
511		4872		2306533		3506
512		4876		2311114		3516
513		4908		2315699		3504
514		4949		2320293		3545
515		4956		2324864		3505
516		4991		2329460		3514
517		4957		2334042		3514
518		4951		2338601		3513
519		4900		2343170		3484
520		4959		2347723		3541
521		4945		2352302		3507
522		4955		2356881		3543
523		4945		2361440		3498
524		5043		2366005		3505
525		5041		2370551		3520
526		4997		2375099		3525
527		5007		2379652		3512
528		4987		2384221		3513
529		5027		2388774		3522
530		5088		2393344		3529
531		5062		2397914		3546
532		5086		2402463		3531
533		5173		2407023		3550
534		5152		2411587		3480
535		5111		2416147		3528
536		5146		2420700		3482
537		5074		2425241		3557
538		5113		2429770		3520
539		5059		2434298		3489
540		5004		2438850		3491
541		5021		2443381		3514
542		5059		2447896		3490
543		5185		2452439		3503
544		5183		2456983		3540
545		5158		2461511		3482
546		5167		2466047		3527
547		5226		2470592		3521
548		5258		2475116		3534
549		5193		2479629		3535
550		5189		2484177		3538
551		5229		2488699		3531
552		5257		2493231		3514
553		5187		2497752		3561
554		5162		2502268		3538
555		5117		2506815		3559
556		5092		2511334		3529
557		5127		2515874		3528
558		5192		2520411		3523
559		5171		2524943		3499
560		5186		2529490		3534
561		5157		2534046		3543
562		5102		2538568		3531
563		5145		2543105		3515
564		5156		2547644		3511
565		5156		2552220		3526
566		5141		2556759		3539
567		5173		2561326		3544
568		5148		2565908		3475
569		5168		2570457		3510
570		5208		2575023		3536
571		5098		2579570		3504
572		5122		2584131		3532
573		5098		2588700		3517
574		5080		2593228		3497
575		5015		2597748		3525
576		5032		2602262		3508
577		5003		2606799		3485
578		5024		2611313		3519
579		5017		2615855		3477
580		4968		2620378		3527
581		4994		2624916		3518
582		4965		2629446		3543
583		4980		2633991		3555
584		4989		2638533		3539
585		4983		2643082		3468
586		4971		2647629		3474
587		5010		2652171		3491
588		4965		2656708		3513
589		4943		2661251		3492
590		4897		2665796		3513
591		4902		2670341		3540
592		4915		2674892		3550
593		4952		2679425		3493
594		4843		2683948		3489
595		4863		2688467		3537
596		4839		2693032		3523
597		4847		2697577		3492
598		4865		2702127		3518
599		4866		2706672		3517
600		4825		2711191		3513
601		4817		2715721		3525
602		4855		2720262		3532
603		4927		2724806		3517
604		4889		2729355		3502
605		4810		2733891		3523
606		4849		2738462		3523
607		4840		2742997		3525
608		4855		2747550		3530
609		4860		2752124		3532
610		4782		2756658		3532
611		4747		2761199		3506
612		4789		2765739		3485
613		4797		2770277		3537
614		4747		2774827		3501
615		4759		2779373		3513
616		4846		2783942		3504
617		4817		2788497		3517
618		4856		2793055		3517
619		4830		2797602		3519
620		4824		2802172		3549
621		4770		2806713		3507
622		4772		2811257		3522
623		4749		2815772		3506
624		4690		2820304		3515
625		4740		2824833		3503
626		4755		2829351		3543
627		4813		2833910		3506
628		4773		2838437		3497
629		4716		2842992		3523
630		4756		2847559		3492
631		4808		2852105		3517
632		4777		2856639		3535
633		4761		2861176		3483
634		4722		2865719		3539
635		4740		2870260		3484
636		4693		2874804		3471
637		4686		2879358		3502
638		4699		2883911		3515
639		4673		2888477		3541
640		4646		2893009		3502
641		4642		2897578		3510
642		4653		2902125		3522
643		4585		2906689		3560
644		4563		2911214		3527
645		4564		2915754		3534
646		4559		2920307		3512
647		4514		2924884		3521
648		4554		2929438		3489
649		4609		2933990		3520
650		4589		2938538		3509
651		4624		2943089		3511
652		4583		2947643		3546
653		4486		2952197		3552
654		4529		2956739		3543
655		4573		2961289		3532
656		4624		2965838		3560
657		4650		2970401		3551
658		4620		2974945		3556
659		4573		2979454		3551
660		4586		2983979		3531
661		4615		2988514		3550
662		4643		2993038		3508
663		4529		2997579		3503
664		4536		3002124		3515
665		4543		3006663		3523
666		4514		3011208		3531
667		4608		3015758		3513
668		4649		3020321		3514
669		4614		3024876		3528
670		4584		3029425		3532
671		4623		3033980		3530
672		4584		3038529		3516
673		4584		3043065		3550
674		4615		3047593		3489
675		4584		3052136		3518
676		4593		3056717		3485
677		4573		3061257		3519
678		4516		3065785		3519
679		4537		3070310		3511
680		4546		3074845		3514
681		4458		3079370		3532
682		4489		3083906		3510
683		4430		3088443		3514
684		4484		3092969		3524
685		4464		3097492		3585
686		4487		3102023		3520
687		4445		3106562		3522
688		4520		3111105		3518
689		4523		3115667		3562
690		4550		3120230		3523
691		4538		3124774		3522
692		4535		3129330		3510
693		4524		3133886		3527
694		4475		3138462		3510
695		4430		3143016		3552
696		4497		3147583		3494
697		4470		3152130		3514
698		4425		3156686		3543
699		4465		3161251		3496
700		4490		3165801		3524
701		4459		3170352		3539
702		4445		3174894		3528
703		4424		3179435		3500
704		4459		3183977		3494
705		4443		3188533		3496
706		4406		3193089		3500
707		4509		3197636		3484
708		4494		3202199		3510
709		4477		3206730		3524
710		4424		3211267		3518
711		4494		3215834		3502
712		4456		3220389		3501
713		4454		3224950		3513
714		4461		3229507		3522
715		4550		3234047		3504
716		4511		3238614		3507
717		4456		3243175		3476
718		4435		3247717		3510
719		4368		3252278		3496
720		4385		3256842		3491
721		4377		3261407		3511
722		4381		3265969		3511
723		4327		3270518		3499
724		4333		3275070		3507
725		4288		3279654		3509
726		4314		3284184		3479
727		4326		3288748		3504
728		4355		3293313		3505
729		4285		3297881		3514
730		4292		3302416		3499
731		4302		3306931		3513
732		4360		3311451		3503
733		4393		3315972		3495
734		4358		3320518		3497
735		4337		3325054		3487
736		4338		3329608		3499
737		4332		3334141		3502
738		4335		3338702		3514
739		4325		3343256		3534
740		4309		3347802		3505
741		4359		3352349		3532
742		4317		3356941		3523
743		4303		3361486		3533
744		4332		3366040		3549
745		4294		3370612		3506
746		4276		3375168		3545
747		4292		3379732		3522
748		4285		3384311		3529
749		4341		3388883		3541
750		4332		3393451		3560
751		4270		3398012		3546
752		4317		3402583		3532
753		4290		3407162		3531
754		4227		3411706		3524
755		4288		3416268		3536
756		4234		3420840		3519
757		4242		3425417		3485
758		4224		3429985		3501
759		4234		3434554		3516
760		4294		3439098		3495
761		4282		3443658		3511
762		4277		3448231		3557
763		4249		3452772		3529
764		4248		3457327		3502
765		4238		3461884		3525
766		4254		3466425		3504
767		4193		3470980		3541
768		4164		3475547		3530
769		4081		3480078		3508
770		4152		3484620		3505
771		4134		3489185		3526
772		4154		3493762		3541
773		4146		3498349		3539
774		4219		3502918		3497
775		4245		3507499		3525
776		4286		3512097		3532
777		4261		3516681		3534
778		4226		3521248		3494
779		4231		3525834		3551
780		4236		3530411		3553
781		4198		3534984		3511
782		4225		3539557		3495
783		4273		3544130		3500
784		4239		3548704		3495
785		4234		3553252		3510
786		4227		3557821		3495
787		4195		3562397		3517
788		4210		3566984		3529
789		4068		3571531		3546
790		4159		3576058		3537
791		4188		3580622		3518
792		4141		3585193		3530
793		4165		3589753		3530
794		4127		3594312		3560
795		4122		3598855		3512
796		4108		3603392		3513
797		4161		3607972		3506
798		4167		3612542		3491
799		4136		3617084		3551
800		4141		3621633		3469
801		4140		3626168		3518
802		4178		3630719		3586
803		4186		3635268		3552
804		4204		3639835		3503
805		4203		3644407		3577
806		4162		3648964		3523
807		4147		3653554		3538
808		4150		3658103		3523
809		4088		3662658		3537
810		4066		3667190		3540
811		4092		3671721		3530
812		4133		3676299		3538
813		4177		3680870		3538
814		4185		3685466		3526
815		4216		3690032		3517
816		4194		3694578		3525
817		4210		3699137		3540
818		4271		3703740		3563
819		4289		3708312		3577
820		4358		3712879		3576
821		4318		3717448		3566
822		4305		3722020		3545
823		4320		3726578		3536
824		4356		3731148		3535
825		4339		3735707		3532
826		4413		3740285		3575
827		4418		3744864		3536
828		4412		3749456		3545
829		4302		3754023		3546
830		4350		3758573		3520
831		4303		3763149		3573
832		4343		3767708		3515
833		4296		3772253		3581
834		4289		3776838		3520
835		4304		3781404		3544
836		4298		3785951		3520
837		4239		3790499		3544
838		4286		3795047		3569
839		4316		3799611		3566
840		4291		3804194		3557
841		4240		3808744		3573
842		4248		3813290		3568
843		4243		3817846		3539
844		4207		3822393		3537
845		4219		3826966		3526
846		4240		3831532		3539
847		4233		3836114		3514
848		4223		3840698		3533
849		4247		3845282		3501
850		4237		3849862		3531
851		4191		3854432		3522
852		4186		3858983		3537
853		4133		3863550		3518
854		4101		3868136		3530
855		4016		3872709		3519
856		4014		3877282		3556
857		4025		3881838		3502
858		4081		3886405		3500
859		4042		3890981		3527
860		4078		3895563		3528
861		4119		3900141		3535
862		4147		3904723		3549
863		4159		3909293		3529
864		4191		3913866		3544
865		4102		3918450		3540
866		4100		3922990		3516
867		4094		3927534		3509
868		4114		3932091		3533
869		4107		3936655		3531
870		4124		3941216		3519
871		4054		3945760		3535
872		4098		3950306		3532
873		4080		3954896		3544
874		4066		3959458		3537
875		4093		3964014		3470
876		4114		3968583		3535
877		4117		3973129		3534
878		4125		3977700		3507
879		4122		3982270		3535
880		4114		3986844		3525
881		4131		3991427		3491
882		4157		3995981		3527
883		4172		4000546		3538
884		4127		4005108		3543
885		4110		4009668		3528
886		4174		4014246		3513
887		4118		4018819		3520
888		4122		4023376		3540
889		4160		4027930		3502
890		4173		4032490		3516
891		4150		4037061		3545
892		4178		4041647		3547
893		4160		4046199		3529
894		4258		4050792		3532
895		4269		4055356		3544
896		4326		4059937		3548
897		4272		4064511		3527
898		4217		4069088		3528
899		4213		4073659		3551
900		4238		4078229		3534
901		4262		4082806		3528
902		4316		4087381		3509
903		4323		4091966		3531
904		4253		4096560		3507
905		4251		4101125		3520
906		4274		4105699		3544
907		4201		4110285		3499
908		4227		4114862		3485
909		4146		4119431		3528
910		4193		4124004		3511
911		4240		4128571		3514
912		4235		4133144		3538
913		4223		4137721		3560
914		4229		4142305		3536
915		4274		4146870		3508
916		4203		4151437		3560
917		4243		4156015		3537
918		4208		4160594		3566
919		4215		4165177		3517
920		4181		4169733		3537
921		4187		4174303		3543
922		4161		4178849		3540
923		4201		4183426		3520
924		4177		4187981		3508
925		4255		4192546		3556
926		4310		4197115		3524
927		4337		4201679		3561
928		4324		4206261		3560
929		4293		4210820		3578
930		4348		4215396		3549
931		4378		4219985		3550
932		4413		4224582		3514
933		4354		4229165		3507
934		4299		4233736		3546
935		4390		4238316		3531
936		4319		4242905		3517
937		4288		4247491		3551
938		4330		4252085		3523
939		4361		4256647		3521
940		4414		4261206		3535
941		4338		4265795		3506
942		4271		4270335		3496
943		4314		4274882		3495
944		4297		4279423		3537
945		4283		4283990		3560
946		4303		4288555		3521
947		4318		4293088		3545
948		4353		4297667		3570
949		4368		4302268		3557
950		4360		4306850		3531
951		4291		4311425		3551
952		4246		4315977		3509
953		4304		4320537		3533
954		4279		4325123		3493
955		4265		4329684		3514
956		4219		4334257		3528
957		4205		4338805		3563
958		4254		4343376		3535
959		4246		4347950		3537
960		4256		4352496		3563
961		4307		4357085		3557
962		4257		4361676		3523
963		4226		4366287		3553
964		4274		4370877		3527
965		4223		4375453		3518
966		4185		4379997		3537
967		4180		4384586		3502
968		4212		4389161		3562
969		4198		4393724		3542
970		4226		4398276		3586
971		4217		4402840		3534
972		4216		4407410		3523
973		4203		4411997		3530
974		4189		4416580		3555
975		4182		4421153		3543
976		4145		4425729		3525
977		4156		4430312		3525
978		4166		4434895		3543
979		4251		4439478		3557
980		4201		4444075		3534
981		4182		4448651		3538
982		4254		4453220		3531
983		4191		4457780		3544
984		4144		4462346		3537
985		4100		4466917		3544
986		4105		4471476		3554
987		3993		4476027		3532
988		3993		4480616		3561
989		4047		4485175		3520
990		4095		4489749		3557
991		4110		4494322		3562
992		4117		4498914		3559
993		4135		4503531		3543
994		4132		4508105		3567
995		4105		4512713		3553
996		4134		4517278		3540
997		4067		4521850		3566
998		4128		4526436		3546
999		4134		4531008		3530
