# Migration is number of nodes that have changed color.

Round		Edge-Cut		Swaps		Migrations		Skipped
0		10060		4638		3240
1		9846		9249		3280
2		9630		13820		3372
3		9604		18375		3360
4		9578		22918		3423
5		9667		27499		3429
6		9572		32051		3473
7		9495		36580		3444
8		9406		41119		3457
9		9322		45657		3457
10		9333		50212		3458
11		9335		54724		3471
12		9254		59261		3471
13		9207		63770		3497
14		9104		68283		3540
15		9039		72778		3527
16		9038		77268		3482
17		8858		81734		3537
18		8925		86176		3540
19		8875		90622		3518
20		8742		95093		3559
21		8668		99543		3552
22		8641		103981		3548
23		8559		108434		3523
24		8493		112849		3514
25		8425		117252		3528
26		8388		121644		3531
27		8392		126023		3495
28		8379		130445		3503
29		8342		134822		3494
30		8309		139226		3531
31		8343		143621		3467
32		8338		148049		3464
33		8268		152440		3511
34		8177		156862		3456
35		8162		161283		3476
36		8181		165726		3489
37		8172		170117		3528
38		8095		174536		3482
39		8058		178925		3502
40		8020		183301		3509
41		7937		187682		3522
42		7996		192028		3526
43		7946		196427		3538
44		7967		200795		3491
45		8007		205184		3545
46		7980		209570		3496
47		8016		213970		3485
48		7994		218353		3509
49		7917		222749		3486
50		7956		227155		3502
51		8037		231553		3551
52		7976		235919		3473
53		7875		240346		3547
54		7925		244752		3516
55		7707		249109		3548
56		7720		253504		3493
57		7858		257926		3514
58		7847		262312		3522
59		7870		266729		3548
60		7878		271126		3558
61		7828		275532		3569
62		7672		279937		3570
63		7647		284265		3578
64		7617		288652		3557
65		7653		293020		3579
66		7702		297383		3544
67		7651		301764		3564
68		7756		306132		3540
69		7781		310563		3569
70		7734		314959		3512
71		7715		319388		3471
72		7692		323776		3574
73		7728		328172		3542
74		7656		332563		3552
75		7642		336935		3540
76		7518		341327		3525
77		7560		345732		3550
78		7581		350133		3515
79		7545		354537		3495
80		7503		358942		3474
81		7546		363323		3537
82		7554		367744		3515
83		7505		372177		3505
84		7495		376581		3553
85		7458		380978		3561
86		7429		385385		3527
87		7394		389761		3474
88		7315		394138		3483
89		7289		398525		3506
90		7316		402914		3517
91		7330		407340		3443
92		7293		411721		3459
93		7233		416129		3446
94		7215		420507		3453
95		7197		424921		3463
96		7313		429356		3493
97		7312		433788		3502
98		7288		438219		3507
99		7278		442648		3517
100		7233		447042		3475
101		7207		451452		3492
102		7206		455846		3469
103		7244		460247		3513
104		7134		464656		3520
105		7116		469037		3511
106		7108		473474		3545
107		7086		477901		3481
108		7087		482326		3502
109		7070		486754		3454
110		7043		491191		3465
111		7029		495589		3478
112		7005		500016		3506
113		7010		504442		3512
114		7007		508879		3492
115		6937		513300		3537
116		6937		517703		3542
117		6905		522100		3544
118		6911		526522		3526
119		6786		530941		3529
120		6785		535366		3525
121		6885		539793		3524
122		6854		544222		3523
123		6935		548693		3505
124		6946		553138		3554
125		6952		557584		3556
126		6886		562030		3519
127		6864		566480		3510
128		6911		570941		3531
129		6824		575416		3509
130		6803		579832		3503
131		6815		584271		3497
132		6752		588705		3498
133		6705		593115		3477
134		6782		597556		3489
135		6672		601990		3492
136		6685		606447		3498
137		6641		610904		3495
138		6673		615353		3565
139		6637		619792		3513
140		6578		624216		3456
141		6651		628627		3515
142		6612		633095		3503
143		6642		637536		3455
144		6594		642008		3455
145		6656		646441		3508
146		6662		650907		3544
147		6637		655358		3512
148		6630		659814		3492
149		6648		664266		3519
150		6631		668746		3498
151		6545		673197		3526
152		6628		677682		3502
153		6534		682146		3523
154		6408		686625		3493
155		6399		691066		3460
156		6385		695538		3490
157		6443		700001		3493
158		6446		704468		3458
159		6418		708969		3500
160		6374		713443		3506
161		6350		717934		3523
162		6293		722382		3487
163		6244		726865		3527
164		6273		731307		3473
165		6191		735780		3518
166		6235		740258		3482
167		6253		744735		3494
168		6258		749176		3489
169		6235		753641		3485
170		6200		758110		3477
171		6214		762578		3506
172		6123		767020		3502
173		6211		771505		3495
174		6119		775992		3509
175		6172		780479		3503
176		6063		784945		3479
177		6053		789438		3486
178		6028		793901		3465
179		6026		798377		3464
180		5997		802846		3448
181		5911		807336		3456
182		5808		811827		3486
183		5806		816291		3482
184		5743		820760		3515
185		5809		825247		3540
186		5787		829756		3467
187		5818		834245		3479
188		5830		838730		3498
189		5930		843246		3504
190		5878		847772		3510
191		5855		852256		3460
192		5828		856726		3500
193		5808		861212		3469
194		5821		865686		3506
195		5829		870190		3490
196		5726		874663		3422
197		5802		879136		3489
198		5736		883614		3485
199		5758		888086		3449
200		5797		892572		3505
201		5746		897036		3508
202		5752		901533		3492
203		5713		906026		3473
204		5697		910491		3483
205		5654		914979		3497
206		5699		919465		3465
207		5633		923929		3483
208		5747		928413		3477
209		5681		932899		3491
210		5650		937381		3464
211		5564		941851		3505
212		5629		946353		3507
213		5619		950861		3521
214		5612		955384		3475
215		5614		959901		3475
216		5579		964419		3510
217		5688		968925		3496
218		5614		973481		3494
219		5652		978001		3503
220		5588		982546		3485
221		5558		987059		3523
222		5569		991603		3505
223		5533		996116		3487
224		5465		1000586		3505
225		5467		1005107		3519
226		5362		1009622		3490
227		5377		1014144		3474
228		5371		1018647		3479
229		5455		1023156		3463
230		5502		1027653		3458
231		5470		1032174		3510
232		5462		1036668		3481
233		5472		1041175		3507
234		5507		1045693		3491
235		5467		1050197		3507
236		5380		1054717		3522
237		5426		1059230		3550
238		5438		1063763		3461
239		5417		1068262		3497
240		5384		1072795		3501
241		5390		1077307		3493
242		5375		1081804		3516
243		5423		1086336		3519
244		5456		1090862		3497
245		5447		1095398		3513
246		5437		1099916		3504
247		5406		1104461		3479
248		5345		1108951		3479
249		5320		1113442		3482
250		5344		1117963		3459
251		5407		1122466		3472
252		5347		1126993		3483
253		5393		1131509		3452
254		5330		1136038		3431
255		5360		1140537		3472
256		5371		1145067		3508
257		5374		1149597		3479
258		5360		1154089		3444
259		5337		1158600		3483
260		5286		1163117		3489
261		5288		1167653		3494
262		5277		1172175		3489
263		5218		1176648		3491
264		5259		1181165		3488
265		5228		1185674		3483
266		5234		1190203		3524
267		5210		1194746		3483
268		5233		1199264		3477
269		5231		1203777		3490
270		5263		1208331		3499
271		5278		1212868		3484
272		5353		1217414		3485
273		5331		1221965		3489
274		5290		1226490		3431
275		5212		1230994		3488
276		5187		1235521		3482
277		5110		1240035		3497
278		5138		1244531		3485
279		5126		1249039		3491
280		5145		1253533		3497
281		5083		1258057		3495
282		5130		1262545		3470
283		5171		1267060		3449
284		5055		1271594		3504
285		5076		1276110		3470
286		5034		1280642		3460
287		5010		1285169		3477
288		5011		1289684		3484
289		4966		1294243		3504
290		4969		1298764		3536
291		4972		1303267		3509
292		5035		1307780		3508
293		4945		1312284		3507
294		4913		1316773		3498
295		4910		1321281		3463
296		4996		1325799		3501
297		4962		1330316		3505
298		4955		1334858		3515
299		4993		1339403		3503
300		5030		1343940		3514
301		4975		1348475		3489
302		5023		1353033		3451
303		4946		1357574		3477
304		4980		1362093		3478
305		4925		1366617		3478
306		4885		1371157		3496
307		4881		1375696		3498
308		4810		1380248		3493
309		4833		1384782		3507
310		4782		1389318		3482
311		4812		1393858		3519
312		4865		1398398		3518
313		4851		1402949		3510
314		4859		1407507		3511
315		4839		1412046		3523
316		4802		1416590		3466
317		4847		1421130		3454
318		4889		1425673		3471
319		4751		1430212		3469
320		4739		1434739		3485
321		4721		1439266		3503
322		4704		1443808		3467
323		4788		1448342		3514
324		4822		1452868		3490
325		4818		1457416		3473
326		4793		1461974		3487
327		4759		1466514		3503
328		4788		1471048		3506
329		4732		1475582		3506
330		4725		1480132		3492
331		4739		1484667		3509
332		4765		1489212		3520
333		4774		1493719		3520
334		4752		1498248		3498
335		4760		1502787		3512
336		4788		1507324		3469
337		4745		1511857		3528
338		4803		1516354		3514
339		4775		1520886		3464
340		4687		1525405		3505
341		4726		1529930		3499
342		4613		1534463		3521
343		4657		1539005		3481
344		4697		1543530		3492
345		4693		1548055		3481
346		4752		1552605		3513
347		4720		1557149		3457
348		4653		1561684		3490
349		4671		1566248		3485
350		4675		1570800		3507
351		4614		1575353		3506
352		4646		1579885		3493
353		4727		1584439		3508
354		4658		1588983		3511
355		4617		1593513		3463
356		4589		1598064		3481
357		4598		1602610		3497
358		4549		1607159		3486
359		4549		1611705		3515
360		4566		1616253		3497
361		4549		1620826		3505
362		4516		1625374		3490
363		4451		1629933		3506
364		4501		1634478		3439
365		4540		1639028		3508
366		4596		1643585		3466
367		4556		1648122		3509
368		4544		1652676		3493
369		4498		1657247		3499
370		4579		1661804		3524
371		4604		1666393		3509
372		4594		1670949		3500
373		4561		1675523		3477
374		4582		1680087		3505
375		4597		1684616		3524
376		4570		1689196		3525
377		4605		1693766		3505
378		4536		1698324		3468
379		4519		1702888		3493
380		4596		1707463		3475
381		4527		1712025		3458
382		4512		1716600		3469
383		4469		1721143		3492
384		4441		1725712		3466
385		4500		1730269		3469
386		4484		1734825		3483
387		4493		1739378		3463
388		4455		1743916		3480
389		4495		1748462		3475
390		4446		1753005		3475
391		4447		1757527		3463
392		4423		1762062		3498
393		4436		1766620		3478
394		4468		1771165		3431
395		4373		1775717		3465
396		4403		1780269		3473
397		4345		1784827		3475
398		4350		1789395		3520
399		4433		1793953		3451
400		4410		1798511		3481
401		4348		1803058		3472
402		4411		1807602		3515
403		4411		1812160		3493
404		4412		1816735		3511
405		4396		1821272		3494
406		4457		1825829		3488
407		4414		1830362		3521
408		4405		1834919		3507
409		4436		1839490		3511
410		4408		1844053		3492
411		4390		1848620		3520
412		4398		1853184		3503
413		4371		1857757		3507
414		4368		1862326		3512
415		4362		1866865		3527
416		4357		1871437		3507
417		4391		1876003		3503
418		4390		1880553		3465
419		4345		1885132		3475
420		4288		1889714		3462
421		4291		1894279		3464
422		4286		1898854		3479
423		4228		1903406		3469
424		4204		1907948		3503
425		4196		1912497		3504
426		4254		1917075		3476
427		4238		1921636		3488
428		4276		1926210		3466
429		4286		1930764		3500
430		4293		1935325		3480
431		4313		1939900		3496
432		4310		1944489		3473
433		4295		1949077		3489
434		4312		1953631		3495
435		4314		1958186		3453
436		4325		1962769		3479
437		4270		1967320		3461
438		4242		1971879		3467
439		4233		1976427		3466
440		4198		1981001		3495
441		4185		1985585		3475
442		4203		1990165		3488
443		4175		1994718		3466
444		4126		1999283		3509
445		4140		2003878		3498
446		4106		2008445		3464
447		4134		2012981		3487
448		4141		2017564		3506
449		4177		2022132		3463
450		4137		2026701		3484
451		4098		2031302		3467
452		4178		2035890		3464
453		4171		2040481		3460
454		4195		2045062		3471
455		4078		2049620		3500
456		4095		2054180		3488
457		4113		2058755		3492
458		4148		2063337		3475
459		4052		2067910		3491
460		4109		2072503		3487
461		4082		2077086		3482
462		4042		2081672		3502
463		4019		2086242		3480
464		4032		2090802		3474
465		4029		2095370		3502
466		4101		2099928		3501
467		4066		2104512		3493
468		4068		2109100		3491
469		4006		2113671		3460
470		3977		2118261		3477
471		3979		2122835		3480
472		4027		2127418		3511
473		4008		2131994		3501
474		4042		2136567		3492
475		4053		2141151		3494
476		3991		2145744		3480
477		3991		2150325		3521
478		3991		2154917		3509
479		3985		2159496		3467
480		3969		2164076		3451
481		3934		2168669		3482
482		3978		2173256		3470
483		3995		2177824		3493
484		3967		2182390		3463
485		3980		2186980		3521
486		4018		2191564		3483
487		4049		2196132		3509
488		4073		2200725		3468
489		4076		2205317		3493
490		4062		2209904		3460
491		4019		2214498		3501
492		4011		2219093		3491
493		3997		2223678		3482
494		4031		2228271		3468
495		4040		2232880		3472
496		4028		2237485		3489
497		4014		2242065		3502
498		4043		2246644		3436
499		4016		2251210		3479
500		4038		2255788		3515
501		4126		2260393		3498
502		4096		2265003		3474
503		4160		2269626		3511
504		4254		2274252		3511
505		4223		2278858		3507
506		4233		2283484		3467
507		4236		2288090		3496
508		4260		2292693		3478
509		4235		2297315		3449
510		4209		2301931		3444
511		4254		2306555		3477
512		4256		2311166		3482
513		4239		2315749		3513
514		4267		2320325		3499
515		4334		2324911		3486
516		4313		2329487		3490
517		4331		2334082		3477
518		4295		2338693		3521
519		4353		2343282		3461
520		4344		2347855		3482
521		4344		2352442		3488
522		4412		2357024		3526
523		4441		2361596		3497
524		4422		2366181		3525
525		4421		2370783		3474
526		4433		2375371		3480
527		4387		2379955		3495
528		4401		2384555		3506
529		4443		2389140		3466
530		4458		2393731		3482
531		4396		2398326		3491
532		4386		2402905		3498
533		4377		2407473		3471
534		4440		2412071		3474
535		4376		2416657		3512
536		4346		2421244		3495
537		4384		2425812		3447
538		4320		2430382		3483
539		4317		2434948		3451
540		4280		2439526		3522
541		4264		2444091		3508
542		4229		2448658		3512
543		4281		2453239		3509
544		4287		2457819		3543
545		4347		2462391		3513
546		4313		2466944		3454
547		4314		2471507		3491
548		4349		2476092		3522
549		4369		2480677		3481
550		4392		2485271		3491
551		4399		2489848		3502
552		4331		2494461		3528
553		4273		2499022		3531
554		4275		2503582		3494
555		4287		2508145		3496
556		4312		2512711		3483
557		4283		2517299		3511
558		4270		2521873		3475
559		4235		2526431		3509
560		4228		2531000		3478
561		4300		2535593		3519
562		4248		2540179		3502
563		4170		2544745		3529
564		4237		2549324		3495
565		4221		2553898		3501
566		4276		2558466		3522
567		4234		2563056		3506
568		4235		2567642		3481
569		4258		2572253		3502
570		4273		2576831		3530
571		4166		2581404		3497
572		4198		2585969		3519
573		4219		2590567		3487
574		4140		2595159		3489
575		4115		2599731		3502
576		4060		2604278		3506
577		4175		2608851		3523
578		4183		2613426		3510
579		4154		2618005		3506
580		4143		2622561		3502
581		4190		2627156		3503
582		4091		2631754		3525
583		4128		2636339		3538
584		4075		2640908		3491
585		4120		2645497		3512
586		4078		2650090		3479
587		4028		2654674		3510
588		4029		2659235		3486
589		4032		2663805		3521
590		4085		2668384		3508
591		4058		2672949		3495
592		4108		2677525		3516
593		4106		2682120		3507
594		4068		2686698		3539
595		4057		2691266		3524
596		4051		2695828		3511
597		4031		2700395		3456
598		4057		2704968		3489
599		4088		2709557		3507
600		4122		2714143		3513
601		4169		2718740		3504
602		4135		2723325		3508
603		4109		2727904		3519
604		4045		2732471		3518
605		4081		2737092		3492
606		4030		2741675		3520
607		4028		2746244		3513
608		4067		2750823		3511
609		4083		2755401		3473
610		4138		2759970		3508
611		4038		2764548		3491
612		4025		2769160		3491
613		4033		2773722		3500
614		3988		2778297		3513
615		4055		2782886		3485
616		4019		2787469		3521
617		4056		2792033		3513
618		4046		2796601		3488
619		4024		2801186		3505
620		4035		2805789		3519
621		4024		2810382		3562
622		4055		2814949		3501
623		4095		2819534		3477
624		4099		2824149		3496
625		4063		2828735		3499
626		4034		2833308		3463
627		4062		2837905		3483
628		4077		2842491		3483
629		4017		2847078		3506
630		3991		2851659		3499
631		3952		2856246		3478
632		3977		2860838		3496
633		3927		2865440		3502
634		3893		2870049		3484
635		3941		2874634		3491
636		3944		2879231		3501
637		3978		2883829		3486
638		4040		2888427		3533
639		4006		2893019		3501
640		3988		2897603		3497
641		4015		2902193		3507
642		3989		2906771		3473
643		3999		2911358		3478
644		3985		2915941		3528
645		4032		2920546		3511
646		4056		2925156		3483
647		4038		2929759		3524
648		3963		2934346		3474
649		3933		2938942		3524
650		4003		2943544		3516
651		3994		2948136		3504
652		4020		2952721		3494
653		3998		2957318		3491
654		3991		2961906		3487
655		3960		2966474		3469
656		3939		2971085		3481
657		3983		2975671		3500
658		3919		2980269		3484
659		3911		2984867		3490
660		3942		2989472		3483
661		3919		2994073		3476
662		3879		2998676		3491
663		3926		3003279		3480
664		3845		3007858		3455
665		3830		3012427		3508
666		3866		3017017		3487
667		3861		3021606		3501
668		3882		3026196		3462
669		3799		3030775		3503
670		3809		3035353		3486
671		3788		3039954		3499
672		3852		3044547		3492
673		3841		3049137		3476
674		3797		3053739		3467
675		3793		3058347		3513
676		3765		3062945		3510
677		3779		3067544		3497
678		3793		3072132		3515
679		3815		3076738		3511
680		3863		3081329		3522
681		3850		3085921		3528
682		3882		3090501		3478
683		3829		3095079		3523
684		3880		3099668		3508
685		3827		3104258		3489
686		3861		3108848		3516
687		3841		3113460		3484
688		3841		3118051		3503
689		3833		3122637		3503
690		3901		3127223		3494
691		3860		3131819		3485
692		3823		3136399		3482
693		3832		3140980		3512
694		3811		3145566		3469
695		3827		3150163		3490
696		3788		3154748		3511
697		3857		3159340		3499
698		3801		3163920		3512
699		3799		3168508		3472
700		3851		3173103		3453
701		3859		3177703		3490
702		3946		3182323		3520
703		3939		3186918		3497
704		3896		3191500		3500
705		3891		3196079		3495
706		3919		3200669		3488
707		3924		3205267		3495
708		3923		3209866		3487
709		3888		3214479		3492
710		3918		3219062		3481
711		3864		3223658		3466
712		3866		3228226		3507
713		3880		3232782		3497
714		3877		3237361		3487
715		3822		3241951		3480
716		3908		3246549		3507
717		3897		3251137		3519
718		3901		3255716		3512
719		3868		3260287		3450
720		3886		3264884		3478
721		3861		3269463		3489
722		3883		3274053		3508
723		3862		3278640		3474
724		3882		3283235		3499
725		3893		3287827		3497
726		3843		3292412		3498
727		3858		3297007		3469
728		3840		3301575		3516
729		3899		3306177		3494
730		3894		3310752		3508
731		3854		3315351		3481
732		3874		3319916		3493
733		3846		3324496		3500
734		3849		3329066		3507
735		3840		3333651		3478
736		3877		3338237		3518
737		3895		3342841		3480
738		3904		3347457		3479
739		3884		3352060		3486
740		3887		3356641		3474
741		3835		3361224		3489
742		3853		3365799		3478
743		3852		3370393		3514
744		3848		3375020		3509
745		3820		3379594		3488
746		3823		3384180		3520
747		3837		3388772		3500
748		3870		3393367		3481
749		3842		3397968		3501
750		3842		3402535		3492
751		3757		3407112		3499
752		3778		3411701		3496
753		3746		3416271		3490
754		3752		3420848		3487
755		3794		3425445		3469
756		3825		3430026		3468
757		3881		3434630		3496
758		3880		3439223		3519
759		3825		3443821		3511
760		3849		3448410		3506
761		3855		3453024		3534
762		3793		3457629		3494
763		3770		3462217		3513
764		3798		3466812		3480
765		3768		3471401		3505
766		3723		3475983		3509
767		3690		3480551		3483
768		3732		3485145		3508
769		3755		3489718		3481
770		3755		3494288		3491
771		3789		3498879		3502
772		3719		3503475		3463
773		3695		3508045		3515
774		3663		3512629		3525
775		3654		3517205		3489
776		3734		3521792		3481
777		3688		3526367		3494
778		3701		3530965		3519
779		3689		3535576		3511
780		3677		3540150		3494
781		3686		3544733		3504
782		3668		3549304		3485
783		3689		3553897		3485
784		3697		3558497		3495
785		3667		3563115		3482
786		3655		3567712		3519
787		3645		3572292		3495
788		3579		3576861		3501
789		3550		3581453		3512
790		3551		3586045		3507
791		3579		3590628		3483
792		3543		3595224		3480
793		3516		3599797		3487
794		3503		3604405		3509
795		3527		3608995		3500
796		3529		3613591		3490
797		3549		3618193		3484
798		3552		3622797		3512
799		3519		3627395		3497
800		3522		3632002		3510
801		3517		3636611		3497
802		3508		3641217		3509
803		3470		3645811		3509
804		3440		3650385		3475
805		3439		3654977		3486
806		3490		3659552		3511
807		3496		3664159		3490
808		3466		3668749		3493
809		3477		3673354		3481
810		3480		3677936		3467
811		3473		3682532		3502
812		3498		3687127		3477
813		3514		3691718		3486
814		3474		3696302		3499
815		3455		3700896		3480
816		3463		3705495		3467
817		3449		3710099		3462
818		3463		3714708		3475
819		3504		3719310		3490
820		3484		3723909		3500
821		3465		3728509		3475
822		3418		3733116		3484
823		3406		3737701		3492
824		3356		3742292		3473
825		3355		3746892		3519
826		3433		3751485		3498
827		3430		3756077		3510
828		3415		3760677		3487
829		3387		3765287		3505
830		3434		3769892		3460
831		3442		3774487		3479
832		3433		3779094		3475
833		3383		3783696		3466
834		3387		3788299		3470
835		3356		3792892		3455
836		3365		3797504		3515
837		3374		3802100		3476
838		3371		3806685		3495
839		3389		3811289		3467
840		3411		3815894		3509
841		3368		3820489		3509
842		3430		3825090		3500
843		3407		3829687		3516
844		3413		3834279		3522
845		3432		3838869		3517
846		3453		3843477		3529
847		3454		3848085		3520
848		3490		3852719		3513
849		3438		3857313		3499
850		3490		3861925		3493
851		3482		3866515		3493
852		3443		3871123		3509
853		3366		3875715		3496
854		3426		3880330		3503
855		3397		3884934		3496
856		3381		3889535		3523
857		3418		3894140		3500
858		3384		3898759		3515
859		3366		3903360		3534
860		3376		3907944		3510
861		3344		3912542		3485
862		3353		3917138		3505
863		3347		3921718		3522
864		3417		3926320		3516
865		3384		3930913		3497
866		3381		3935523		3474
867		3422		3940119		3498
868		3393		3944724		3507
869		3409		3949323		3517
870		3441		3953936		3506
871		3368		3958530		3499
872		3352		3963135		3517
873		3356		3967702		3506
874		3382		3972310		3490
875		3419		3976919		3499
876		3380		3981511		3499
877		3381		3986106		3474
878		3381		3990693		3445
879		3426		3995307		3502
880		3475		3999911		3472
881		3440		4004525		3515
882		3435		4009128		3489
883		3472		4013733		3493
884		3451		4018324		3521
885		3477		4022909		3485
886		3491		4027505		3516
887		3526		4032099		3514
888		3489		4036724		3514
889		3522		4041318		3481
890		3546		4045921		3524
891		3557		4050535		3492
892		3568		4055148		3499
893		3579		4059757		3479
894		3569		4064361		3492
895		3583		4068980		3492
896		3612		4073582		3503
897		3580		4078197		3484
898		3604		4082817		3473
899		3560		4087425		3500
900		3520		4092025		3474
901		3552		4096636		3475
902		3528		4101260		3510
903		3547		4105875		3489
904		3546		4110477		3485
905		3537		4115084		3517
906		3547		4119693		3490
907		3521		4124293		3487
908		3523		4128909		3477
909		3561		4133519		3494
910		3502		4138121		3495
911		3465		4142733		3522
912		3439		4147344		3503
913		3471		4151956		3473
914		3481		4156564		3488
915		3507		4161154		3500
916		3428		4165753		3491
917		3502		4170349		3458
918		3530		4174933		3491
919		3490		4179526		3503
920		3472		4184127		3480
921		3464		4188707		3504
922		3508		4193293		3467
923		3507		4197892		3478
924		3443		4202486		3463
925		3433		4207086		3474
926		3428		4211681		3473
927		3454		4216280		3496
928		3429		4220844		3451
929		3432		4225446		3478
930		3480		4230058		3482
931		3498		4234677		3458
932		3479		4239283		3527
933		3470		4243884		3531
934		3483		4248498		3505
935		3464		4253102		3498
936		3493		4257695		3473
937		3482		4262310		3478
938		3489		4266919		3524
939		3531		4271540		3479
940		3544		4276155		3478
941		3537		4280772		3479
942		3450		4285382		3486
943		3404		4289988		3463
944		3470		4294581		3486
945		3504		4299196		3481
946		3513		4303804		3497
947		3476		4308411		3504
948		3521		4312993		3509
949		3562		4317624		3491
950		3574		4322252		3518
951		3517		4326868		3489
952		3478		4331475		3513
953		3563		4336074		3520
954		3575		4340682		3486
955		3557		4345274		3510
956		3590		4349883		3494
957		3587		4354467		3504
958		3542		4359068		3458
959		3553		4363679		3488
960		3601		4368268		3518
961		3635		4372868		3476
962		3596		4377498		3497
963		3598		4382086		3499
964		3560		4386684		3472
965		3610		4391287		3488
966		3638		4395888		3466
967		3620		4400488		3485
968		3638		4405098		3511
969		3652		4409713		3454
970		3629		4414297		3500
971		3616		4418890		3483
972		3655		4423489		3467
973		3611		4428065		3506
974		3609		4432676		3515
975		3588		4437275		3493
976		3628		4441877		3479
977		3652		4446473		3482
978		3685		4451078		3494
979		3695		4455686		3503
980		3640		4460293		3516
981		3591		4464884		3493
982		3641		4469502		3517
983		3626		4474125		3483
984		3607		4478710		3509
985		3671		4483313		3494
986		3656		4487922		3524
987		3644		4492538		3509
988		3629		4497131		3497
989		3615		4501726		3484
990		3624		4506334		3511
991		3597		4510937		3500
992		3551		4515532		3495
993		3534		4520140		3490
994		3537		4524741		3495
995		3564		4529340		3489
996		3573		4533952		3517
997		3585		4538559		3519
998		3603		4543160		3494
999		3617		4547771		3471
