# Migration is number of nodes that have changed color.

Round		Edge-Cut		Swaps		Migrations		Skipped
0		833		249		178
1		799		495		173
2		771		741		190
3		734		985		174
4		776		1232		185
5		770		1480		184
6		750		1726		189
7		756		1969		187
8		739		2213		189
9		728		2446		189
10		732		2691		182
11		712		2936		193
12		710		3178		190
13		686		3417		194
14		672		3649		196
15		656		3889		184
16		645		4120		189
17		636		4347		184
18		661		4583		188
19		660		4822		191
20		652		5062		192
21		654		5299		189
22		631		5537		184
23		610		5777		193
24		626		6012		189
25		614		6242		175
26		616		6476		184
27		629		6710		197
28		641		6950		187
29		634		7187		197
30		591		7426		197
31		575		7662		184
32		571		7889		195
33		573		8122		195
34		580		8358		190
35		552		8590		178
36		543		8817		182
37		554		9049		184
38		557		9274		185
39		583		9509		184
40		589		9744		194
41		585		9981		191
42		592		10221		194
43		567		10454		183
44		568		10691		187
45		557		10926		178
46		535		11163		186
47		527		11397		181
48		498		11627		184
49		481		11861		187
50		489		12085		178
51		462		12313		194
52		466		12538		183
53		481		12762		193
54		447		12995		187
55		443		13223		187
56		451		13447		179
57		447		13680		188
58		462		13902		189
59		451		14128		186
60		449		14355		191
61		450		14587		188
62		444		14816		187
63		424		15047		189
64		425		15275		187
65		416		15498		191
66		418		15731		193
67		390		15967		187
68		390		16202		189
69		374		16432		191
70		395		16670		185
71		407		16905		184
72		423		17147		189
73		410		17381		192
74		411		17609		180
75		430		17839		188
76		428		18074		186
77		415		18300		189
78		416		18536		192
79		413		18767		195
80		395		18999		195
81		377		19230		184
82		359		19451		189
83		371		19681		181
84		373		19910		183
85		372		20142		186
86		365		20365		182
87		373		20592		191
88		363		20822		184
89		348		21052		193
90		340		21281		195
91		347		21511		191
92		361		21744		189
93		343		21975		179
94		323		22197		188
95		330		22420		191
96		343		22642		185
97		343		22867		199
98		348		23098		186
99		353		23316		188
100		353		23540		188
101		335		23766		190
102		325		23994		186
103		318		24213		185
104		329		24439		195
105		318		24669		186
106		321		24901		191
107		335		25122		190
108		335		25359		190
109		350		25588		189
110		351		25810		186
111		344		26037		195
112		344		26262		188
113		365		26499		190
114		357		26733		185
115		361		26964		192
116		345		27192		187
117		359		27423		185
118		358		27654		191
119		370		27875		190
120		376		28101		192
121		370		28324		186
122		368		28561		186
123		392		28793		194
124		393		29023		191
125		376		29256		187
126		379		29490		190
127		378		29727		187
128		354		29959		189
129		367		30194		185
130		361		30434		187
131		344		30668		184
132		343		30896		189
133		327		31128		180
134		314		31353		184
135		343		31588		180
136		336		31825		188
137		334		32055		192
138		340		32286		192
139		335		32510		185
140		324		32734		186
141		330		32961		188
142		313		33190		187
143		322		33418		192
144		326		33640		190
145		306		33869		181
146		307		34097		194
147		297		34330		189
148		300		34558		184
149		308		34776		183
150		293		35000		183
151		295		35226		183
152		299		35453		184
153		299		35686		194
154		294		35915		190
155		282		36146		189
156		275		36371		192
157		261		36598		189
158		249		36816		186
159		234		37046		187
160		246		37264		186
161		255		37493		184
162		256		37717		178
163		266		37937		187
164		277		38172		188
165		267		38401		188
166		263		38627		189
167		256		38850		190
168		252		39079		181
169		251		39302		185
170		254		39530		187
171		249		39760		189
172		261		39990		188
173		279		40215		185
174		271		40447		187
175		280		40665		183
176		274		40892		184
177		276		41124		189
178		300		41356		191
179		299		41587		183
180		299		41814		191
181		288		42041		193
182		280		42267		191
183		270		42488		188
184		278		42717		184
185		287		42949		187
186		276		43168		186
187		261		43400		188
188		256		43633		184
189		256		43851		188
190		254		44076		184
191		270		44295		187
192		266		44520		188
193		271		44752		187
194		279		44977		185
195		277		45201		186
196		292		45435		189
197		287		45658		191
198		258		45885		187
199		265		46109		188
200		260		46336		188
201		253		46564		187
202		252		46789		193
203		275		47011		192
204		270		47244		185
205		262		47469		189
206		274		47695		189
207		264		47928		179
208		280		48158		192
209		278		48386		186
210		276		48605		187
211		273		48830		191
212		272		49052		183
213		277		49273		183
214		284		49502		189
215		282		49736		188
216		272		49970		186
217		282		50199		195
218		280		50428		187
219		271		50654		184
220		273		50883		186
221		266		51108		186
222		272		51339		183
223		279		51568		186
224		286		51796		185
225		290		52026		192
226		286		52260		193
227		273		52492		198
228		256		52717		191
229		264		52948		192
230		268		53180		185
231		259		53406		186
232		275		53637		180
233		276		53858		191
234		281		54089		187
235		265		54318		192
236		270		54547		191
237		265		54785		186
238		268		55017		188
239		261		55245		185
240		254		55475		190
241		250		55703		190
242		252		55924		186
243		257		56156		182
244		256		56381		188
245		238		56608		191
246		244		56840		191
247		230		57071		187
248		228		57300		194
249		237		57526		188
250		248		57761		180
251		249		57989		185
252		242		58222		191
253		252		58449		188
254		254		58679		187
255		252		58906		187
256		241		59136		185
257		229		59361		191
258		235		59589		189
259		237		59811		187
260		237		60033		183
261		239		60259		187
262		236		60483		190
263		244		60709		190
264		244		60943		187
265		246		61175		187
266		259		61402		191
267		245		61631		187
268		240		61863		188
269		241		62095		186
270		234		62319		185
271		219		62557		188
272		230		62793		192
273		220		63025		188
274		224		63253		188
275		227		63479		189
276		240		63712		189
277		242		63947		187
278		231		64181		185
279		227		64409		192
280		227		64640		191
281		215		64868		192
282		218		65096		195
283		219		65321		186
284		207		65544		193
285		192		65771		189
286		190		65998		190
287		197		66221		187
288		208		66444		181
289		214		66672		185
290		213		66904		189
291		204		67135		186
292		212		67357		187
293		219		67581		189
294		234		67815		184
295		243		68037		184
296		245		68266		191
297		236		68491		187
298		230		68718		194
299		232		68945		193
300		241		69180		190
301		243		69410		181
302		240		69636		186
303		239		69855		185
304		240		70085		187
305		229		70319		187
306		220		70549		190
307		214		70773		186
308		218		70993		184
309		230		71226		192
310		233		71456		189
311		205		71689		187
312		209		71914		184
313		214		72146		185
314		228		72375		190
315		234		72605		188
316		238		72829		185
317		224		73059		187
318		210		73285		186
319		205		73511		185
320		202		73739		191
321		207		73962		193
322		208		74183		190
323		213		74411		186
324		216		74641		186
325		208		74864		186
326		201		75090		186
327		186		75313		184
328		180		75544		187
329		188		75776		190
330		193		76005		188
331		190		76231		190
332		198		76460		190
333		194		76684		187
334		191		76912		185
335		187		77139		188
336		195		77370		188
337		182		77597		189
338		177		77823		186
339		171		78055		187
340		186		78278		192
341		203		78499		186
342		204		78725		185
343		199		78957		191
344		212		79184		189
345		207		79413		186
346		200		79638		186
347		209		79869		183
348		203		80102		188
349		207		80330		189
350		211		80550		184
351		221		80781		185
352		207		81011		190
353		208		81233		193
354		208		81464		183
355		207		81690		185
356		192		81920		187
357		200		82142		188
358		201		82363		193
359		200		82591		186
360		189		82821		187
361		192		83050		194
362		182		83284		191
363		194		83516		186
364		200		83742		187
365		193		83971		189
366		198		84197		185
367		212		84427		184
368		216		84661		188
369		209		84877		191
370		214		85108		188
371		208		85341		184
372		216		85575		187
373		217		85797		182
374		214		86030		186
375		212		86260		183
376		217		86489		187
377		225		86712		192
378		227		86949		188
379		232		87174		183
380		234		87399		189
381		228		87623		190
382		232		87852		189
383		221		88081		188
384		221		88307		184
385		223		88541		188
386		223		88766		181
387		236		89003		189
388		234		89230		185
389		231		89464		184
390		237		89695		183
391		230		89924		193
392		235		90161		185
393		234		90386		185
394		239		90621		187
395		232		90848		185
396		229		91080		188
397		227		91299		193
398		218		91526		184
399		233		91752		187
400		237		91984		191
401		225		92218		190
402		235		92449		186
403		244		92675		187
404		245		92905		186
405		251		93127		190
406		248		93353		188
407		240		93582		189
408		233		93811		187
409		224		94040		183
410		222		94274		189
411		231		94504		194
412		237		94738		189
413		234		94968		187
414		216		95200		187
415		213		95432		191
416		216		95668		184
417		212		95895		183
418		211		96123		184
419		220		96350		190
420		211		96583		188
421		200		96810		185
422		207		97033		191
423		207		97261		188
424		202		97494		182
425		190		97726		187
426		199		97952		184
427		207		98188		190
428		208		98421		188
429		213		98654		189
430		201		98889		190
431		196		99115		189
432		179		99352		193
433		181		99585		186
434		189		99813		186
435		195		100042		188
436		189		100278		187
437		194		100509		188
438		204		100739		190
439		192		100963		189
440		197		101198		184
441		197		101432		192
442		182		101658		189
443		195		101887		190
444		210		102116		190
445		227		102353		186
446		233		102582		189
447		221		102809		181
448		221		103045		189
449		223		103267		190
450		224		103499		185
451		213		103733		183
452		203		103960		188
453		207		104189		185
454		209		104421		185
455		206		104653		188
456		203		104881		188
457		191		105110		186
458		203		105342		183
459		195		105561		185
460		204		105788		188
461		187		106018		188
462		190		106245		184
463		189		106472		188
464		195		106701		188
465		192		106928		188
466		189		107160		182
467		185		107390		186
468		190		107621		183
469		203		107851		186
470		186		108084		180
471		182		108322		185
472		185		108546		187
473		191		108778		186
474		200		109009		180
475		192		109241		186
476		193		109469		188
477		194		109703		188
478		194		109935		185
479		201		110163		188
480		191		110386		182
481		196		110622		188
482		188		110850		184
483		192		111082		183
484		188		111319		184
485		200		111551		186
486		203		111777		191
487		200		112009		184
488		199		112245		186
489		215		112477		191
490		215		112715		189
491		219		112947		189
492		198		113181		188
493		193		113409		186
494		194		113648		188
495		198		113884		190
496		195		114112		190
497		183		114337		186
498		180		114570		185
499		187		114804		187
500		190		115036		185
501		184		115269		189
502		186		115493		187
503		185		115723		187
504		165		115957		192
505		186		116189		187
506		186		116420		184
507		195		116651		189
508		203		116884		190
509		202		117116		189
510		197		117349		179
511		202		117579		184
512		210		117809		189
513		205		118029		185
514		208		118260		181
515		216		118494		185
516		203		118724		190
517		208		118958		187
518		218		119178		189
519		217		119409		192
520		220		119636		191
521		224		119870		191
522		224		120105		188
523		228		120336		187
524		240		120565		191
525		241		120803		189
526		240		121037		190
527		233		121266		192
528		229		121505		190
529		231		121734		187
530		243		121964		196
531		241		122193		185
532		237		122425		187
533		226		122656		188
534		227		122888		185
535		232		123113		188
536		241		123344		187
537		250		123572		193
538		256		123798		186
539		242		124029		187
540		245		124264		189
541		237		124497		185
542		245		124726		190
543		234		124957		189
544		223		125194		188
545		229		125424		189
546		227		125656		186
547		228		125886		183
548		222		126126		186
549		216		126361		185
550		225		126592		190
551		220		126826		189
552		232		127058		191
553		234		127291		190
554		258		127522		186
555		265		127749		189
556		253		127973		186
557		245		128201		186
558		232		128431		186
559		244		128664		187
560		241		128891		189
561		238		129114		188
562		221		129345		183
563		211		129576		186
564		222		129809		190
565		223		130032		191
566		230		130262		186
567		232		130498		193
568		236		130732		193
569		238		130961		185
570		223		131196		193
571		222		131428		188
572		229		131661		192
573		222		131892		185
574		220		132124		185
575		236		132358		186
576		241		132583		189
577		239		132813		186
578		226		133043		186
579		224		133277		187
580		242		133506		187
581		237		133735		193
582		225		133968		189
583		226		134195		189
584		227		134426		188
585		230		134649		183
586		240		134875		193
587		231		135105		187
588		224		135331		187
589		230		135554		184
590		225		135781		185
591		218		136009		187
592		229		136237		186
593		229		136471		186
594		232		136698		189
595		233		136924		189
596		216		137149		189
597		211		137373		189
598		210		137602		187
599		212		137838		188
600		216		138072		187
601		215		138308		189
602		224		138542		193
603		243		138782		189
604		245		139010		185
605		252		139240		188
606		259		139472		187
607		261		139707		187
608		259		139944		180
609		262		140175		185
610		235		140407		190
611		231		140638		187
612		221		140870		188
613		227		141104		186
614		215		141330		190
615		211		141554		183
616		222		141787		193
617		207		142023		188
618		206		142259		191
619		206		142497		188
620		211		142732		186
621		214		142967		189
622		218		143200		189
623		217		143432		186
624		203		143668		189
625		206		143905		193
626		216		144133		190
627		219		144358		191
628		223		144588		193
629		219		144820		193
630		211		145049		191
631		211		145279		190
632		202		145509		187
633		202		145738		185
634		206		145972		192
635		213		146199		192
636		221		146434		186
637		220		146664		192
638		207		146893		190
639		209		147126		186
640		214		147358		190
641		211		147589		188
642		213		147819		190
643		216		148053		185
644		208		148288		188
645		200		148519		189
646		201		148750		192
647		202		148972		188
648		202		149200		187
649		206		149437		187
650		209		149668		185
651		215		149905		187
652		217		150137		190
653		216		150371		189
654		218		150603		188
655		223		150842		189
656		231		151064		187
657		232		151299		184
658		235		151537		185
659		225		151772		189
660		222		151996		191
661		225		152238		186
662		205		152472		190
663		201		152699		187
664		203		152932		192
665		212		153163		190
666		214		153392		193
667		216		153627		188
668		217		153854		186
669		226		154086		185
670		214		154320		189
671		222		154547		191
672		215		154778		188
673		219		155006		186
674		223		155236		184
675		229		155464		185
676		209		155694		190
677		206		155917		179
678		205		156153		184
679		193		156381		188
680		192		156621		190
681		199		156846		185
682		196		157072		186
683		180		157309		188
684		178		157536		188
685		184		157767		191
686		188		158001		189
687		189		158227		185
688		176		158456		188
689		178		158676		188
690		178		158906		190
691		187		159132		188
692		187		159372		182
693		198		159602		187
694		188		159832		184
695		208		160064		187
696		197		160295		190
697		196		160528		185
698		188		160756		195
699		184		160984		191
700		193		161221		188
701		176		161458		186
702		186		161691		187
703		185		161912		185
704		179		162143		186
705		192		162373		190
706		189		162597		188
707		189		162832		187
708		200		163066		186
709		189		163293		190
710		192		163526		186
711		194		163753		192
712		194		163984		189
713		198		164210		185
714		198		164448		189
715		204		164673		187
716		194		164902		184
717		199		165140		186
718		199		165365		189
719		208		165595		184
720		201		165823		182
721		196		166056		184
722		199		166288		189
723		192		166520		186
724		197		166755		188
725		195		166984		187
726		193		167214		189
727		187		167445		187
728		184		167669		185
729		180		167904		186
730		176		168138		184
731		166		168371		185
732		162		168601		184
733		166		168832		182
734		162		169068		188
735		166		169302		189
736		164		169537		188
737		166		169773		185
738		174		170002		187
739		174		170236		186
740		179		170467		192
741		186		170699		191
742		189		170933		195
743		197		171168		189
744		192		171395		188
745		184		171628		189
746		181		171860		190
747		188		172094		183
748		177		172326		187
749		175		172566		189
750		185		172806		188
751		179		173045		191
752		182		173273		195
753		175		173508		191
754		166		173743		186
755		168		173970		188
756		166		174206		191
757		165		174441		191
758		163		174677		191
759		170		174907		183
760		164		175143		187
761		165		175378		188
762		170		175615		191
763		172		175845		189
764		178		176080		185
765		178		176313		188
766		183		176545		188
767		174		176778		192
768		173		177010		188
769		176		177242		186
770		177		177474		186
771		171		177709		191
772		165		177935		186
773		172		178164		191
774		182		178397		189
775		190		178629		188
776		188		178865		189
777		192		179102		183
778		191		179332		191
779		198		179565		189
780		193		179798		187
781		195		180036		188
782		188		180267		183
783		188		180498		186
784		176		180735		188
785		168		180971		184
786		155		181212		188
787		154		181446		187
788		160		181680		186
789		164		181912		189
790		170		182142		186
791		165		182373		189
792		156		182606		188
793		155		182837		191
794		163		183071		187
795		160		183303		191
796		156		183536		192
797		159		183763		186
798		157		183997		183
799		172		184227		183
800		165		184458		184
801		160		184693		185
802		156		184926		183
803		160		185164		187
804		157		185402		182
805		152		185637		188
806		150		185871		188
807		153		186107		188
808		149		186340		188
809		151		186574		189
810		158		186808		187
811		163		187044		185
812		167		187281		185
813		152		187511		184
814		156		187739		184
815		147		187976		188
816		148		188203		188
817		155		188441		192
818		154		188675		186
819		152		188907		190
820		152		189144		189
821		161		189380		190
822		153		189617		189
823		155		189850		190
824		150		190085		192
825		146		190318		189
826		143		190553		193
827		135		190788		188
828		143		191021		187
829		146		191250		188
830		143		191480		193
831		139		191716		186
832		143		191947		185
833		142		192178		183
834		146		192411		183
835		143		192649		183
836		148		192885		187
837		147		193121		185
838		153		193356		187
839		145		193586		187
840		148		193821		186
841		153		194056		187
842		155		194281		188
843		154		194521		194
844		163		194753		186
845		164		194987		187
846		165		195218		191
847		165		195457		192
848		170		195689		189
849		164		195919		185
850		171		196153		186
851		154		196393		186
852		153		196631		185
853		148		196865		185
854		163		197099		185
855		164		197325		190
856		157		197551		190
857		155		197789		184
858		151		198027		188
859		152		198263		182
860		159		198502		191
861		156		198736		189
862		158		198973		191
863		161		199210		188
864		153		199442		183
865		162		199676		187
866		168		199905		187
867		167		200135		185
868		157		200371		186
869		152		200605		189
870		144		200845		192
871		147		201081		188
872		154		201310		191
873		153		201540		190
874		152		201770		187
875		138		202000		189
876		137		202232		188
877		131		202463		190
878		135		202699		193
879		144		202927		190
880		147		203156		187
881		148		203387		188
882		153		203621		188
883		156		203856		193
884		154		204084		187
885		156		204318		187
886		159		204551		189
887		150		204789		189
888		159		205022		187
889		165		205256		189
890		157		205490		187
891		157		205723		186
892		148		205954		189
893		142		206186		185
894		138		206419		182
895		138		206652		183
896		149		206883		186
897		147		207108		184
898		151		207349		188
899		155		207588		185
900		161		207815		191
901		158		208051		187
902		147		208286		189
903		151		208512		188
904		155		208742		187
905		148		208970		193
906		149		209202		191
907		150		209434		189
908		152		209666		194
909		150		209903		190
910		146		210136		188
911		148		210370		192
912		145		210605		192
913		142		210839		191
914		143		211076		191
915		142		211310		191
916		154		211546		189
917		154		211786		187
918		149		212017		188
919		148		212247		185
920		148		212483		187
921		150		212720		189
922		148		212959		187
923		143		213197		189
924		144		213427		185
925		151		213661		188
926		156		213894		189
927		152		214130		193
928		159		214366		185
929		159		214595		190
930		156		214830		189
931		157		215062		188
932		164		215297		187
933		160		215529		187
934		153		215764		187
935		152		215995		191
936		157		216224		191
937		142		216463		188
938		144		216699		189
939		137		216937		190
940		136		217174		187
941		139		217407		183
942		146		217641		187
943		155		217869		190
944		153		218100		187
945		152		218331		186
946		150		218568		190
947		150		218803		190
948		147		219034		187
949		149		219265		186
950		153		219499		189
951		159		219726		188
952		154		219958		188
953		153		220191		184
954		152		220424		183
955		157		220649		186
956		153		220885		190
957		159		221113		187
958		137		221348		186
959		140		221580		186
960		141		221811		189
961		132		222042		189
962		139		222275		187
963		143		222511		187
964		145		222748		189
965		146		222982		190
966		164		223219		194
967		167		223453		189
968		161		223689		190
969		158		223921		189
970		160		224151		188
971		156		224387		193
972		158		224619		189
973		156		224857		189
974		154		225089		189
975		149		225327		190
976		141		225559		183
977		136		225792		191
978		139		226030		184
979		136		226261		187
980		141		226499		185
981		151		226738		184
982		161		226974		196
983		146		227213		189
984		146		227446		189
985		149		227678		188
986		148		227910		185
987		150		228145		187
988		144		228382		186
989		139		228618		190
990		141		228852		189
991		143		229076		184
992		145		229305		189
993		147		229535		185
994		141		229767		187
995		149		230003		186
996		148		230239		187
997		137		230472		186
998		136		230707		190
999		139		230936		185
