# Migration is number of nodes that have changed color.

Round		Edge-Cut		Swaps		Migrations		Skipped
0		813		246		181
1		785		492		192
2		768		736		194
3		757		982		189
4		760		1225		187
5		740		1469		185
6		762		1706		200
7		773		1951		180
8		756		2199		183
9		746		2441		195
10		726		2677		186
11		729		2924		178
12		723		3165		173
13		709		3405		173
14		700		3642		183
15		707		3887		194
16		733		4124		191
17		709		4366		178
18		700		4603		190
19		681		4842		191
20		681		5073		187
21		691		5317		185
22		691		5553		177
23		679		5785		178
24		659		6025		185
25		660		6264		189
26		680		6507		179
27		667		6749		185
28		643		6992		190
29		629		7229		185
30		588		7472		190
31		584		7704		181
32		572		7938		196
33		565		8173		187
34		560		8410		191
35		563		8648		181
36		538		8885		185
37		553		9119		191
38		541		9349		193
39		497		9580		195
40		492		9810		190
41		478		10042		192
42		477		10272		191
43		491		10505		190
44		468		10734		189
45		446		10965		190
46		440		11196		186
47		442		11431		193
48		442		11659		190
49		436		11890		198
50		438		12117		187
51		447		12350		185
52		448		12574		192
53		440		12802		190
54		450		13038		195
55		449		13273		193
56		429		13506		184
57		451		13737		185
58		437		13972		181
59		454		14207		180
60		410		14447		181
61		417		14685		181
62		395		14915		184
63		395		15144		187
64		375		15380		189
65		388		15614		191
66		377		15850		182
67		386		16086		185
68		383		16317		184
69		382		16551		172
70		396		16790		191
71		403		17021		194
72		386		17251		193
73		384		17483		193
74		370		17718		187
75		369		17946		185
76		361		18176		191
77		341		18416		186
78		354		18652		186
79		333		18887		187
80		349		19116		188
81		369		19351		192
82		389		19588		191
83		374		19820		194
84		378		20052		187
85		374		20280		191
86		369		20511		190
87		366		20743		183
88		378		20980		184
89		372		21217		189
90		379		21454		188
91		383		21691		189
92		379		21924		193
93		369		22154		184
94		359		22388		184
95		349		22615		191
96		351		22840		190
97		342		23075		196
98		333		23307		185
99		339		23538		183
100		345		23771		180
101		346		24001		185
102		350		24227		188
103		348		24459		182
104		323		24696		188
105		328		24926		193
106		314		25161		185
107		313		25394		191
108		322		25623		189
109		329		25857		187
110		322		26087		191
111		324		26317		183
112		307		26553		184
113		313		26784		187
114		304		27013		187
115		295		27247		182
116		284		27479		181
117		284		27715		185
118		295		27948		181
119		297		28183		187
120		300		28412		185
121		282		28649		186
122		282		28881		183
123		272		29107		185
124		260		29340		187
125		261		29572		189
126		255		29796		183
127		261		30022		193
128		257		30252		191
129		266		30486		189
130		271		30722		181
131		283		30956		187
132		281		31188		191
133		292		31421		194
134		286		31657		186
135		291		31899		181
136		294		32132		189
137		271		32365		187
138		273		32593		183
139		277		32828		188
140		277		33057		185
141		288		33285		191
142		284		33516		188
143		284		33744		186
144		265		33978		187
145		271		34210		191
146		283		34444		185
147		274		34681		189
148		261		34913		189
149		275		35148		187
150		277		35380		191
151		263		35612		192
152		268		35842		189
153		264		36080		184
154		253		36314		184
155		245		36547		184
156		241		36777		188
157		247		37013		184
158		248		37240		188
159		253		37469		184
160		254		37699		183
161		254		37930		185
162		251		38161		183
163		242		38388		183
164		250		38622		184
165		258		38852		184
166		263		39087		195
167		280		39325		178
168		277		39555		189
169		278		39791		193
170		281		40026		192
171		275		40260		191
172		264		40490		188
173		256		40726		182
174		248		40962		181
175		242		41196		188
176		244		41433		179
177		246		41662		179
178		261		41895		183
179		265		42125		186
180		264		42360		188
181		279		42594		191
182		277		42830		190
183		276		43066		190
184		267		43296		186
185		284		43528		189
186		290		43758		177
187		297		43988		189
188		294		44212		187
189		295		44449		182
190		281		44688		187
191		284		44918		189
192		281		45152		193
193		289		45382		188
194		301		45609		187
195		293		45849		187
196		297		46079		184
197		300		46311		190
198		304		46538		187
199		298		46772		195
200		307		47008		194
201		286		47237		193
202		273		47465		190
203		262		47695		189
204		267		47920		179
205		268		48150		191
206		262		48379		191
207		265		48609		183
208		260		48842		186
209		266		49072		190
210		284		49306		183
211		276		49538		189
212		271		49769		194
213		279		49998		190
214		283		50229		191
215		275		50464		180
216		269		50695		188
217		267		50928		194
218		265		51162		187
219		237		51400		187
220		240		51632		188
221		233		51858		184
222		229		52084		187
223		232		52317		184
224		226		52548		184
225		227		52784		186
226		222		53015		184
227		228		53244		190
228		229		53476		188
229		229		53702		190
230		234		53922		187
231		232		54157		192
232		216		54384		184
233		214		54617		188
234		201		54846		190
235		196		55076		186
236		191		55310		188
237		206		55543		182
238		205		55774		184
239		200		56003		187
240		214		56233		189
241		211		56469		190
242		216		56701		185
243		210		56926		196
244		212		57161		195
245		201		57397		188
246		203		57632		194
247		212		57865		185
248		229		58094		191
249		235		58331		185
250		241		58564		185
251		227		58797		190
252		233		59037		187
253		230		59276		190
254		236		59509		181
255		211		59746		187
256		208		59973		186
257		208		60202		192
258		206		60439		189
259		198		60670		188
260		197		60904		192
261		187		61139		187
262		186		61373		188
263		181		61603		190
264		185		61840		188
265		186		62076		188
266		181		62302		191
267		189		62540		187
268		180		62772		190
269		178		63010		189
270		181		63236		191
271		191		63472		188
272		187		63708		189
273		197		63943		183
274		199		64178		187
275		192		64407		191
276		191		64634		190
277		199		64866		189
278		200		65100		190
279		188		65341		184
280		188		65568		188
281		193		65796		193
282		196		66026		198
283		197		66262		194
284		197		66492		189
285		197		66727		194
286		198		66959		191
287		194		67193		183
288		203		67425		185
289		194		67654		186
290		191		67884		184
291		191		68114		185
292		199		68343		187
293		207		68578		186
294		213		68807		186
295		206		69036		186
296		202		69270		192
297		204		69499		195
298		202		69728		188
299		208		69966		189
300		210		70197		190
301		209		70438		182
302		216		70669		186
303		230		70905		185
304		218		71143		181
305		221		71376		189
306		216		71614		185
307		219		71849		194
308		231		72087		193
309		229		72325		191
310		230		72562		189
311		225		72797		187
312		222		73029		187
313		229		73266		187
314		211		73506		188
315		209		73736		186
316		214		73971		181
317		225		74202		187
318		220		74438		191
319		227		74676		184
320		230		74912		186
321		244		75149		191
322		237		75386		182
323		214		75620		186
324		218		75853		185
325		207		76080		190
326		217		76313		192
327		207		76546		189
328		208		76782		190
329		213		77018		191
330		214		77253		192
331		208		77492		192
332		202		77731		186
333		191		77965		185
334		200		78194		190
335		211		78429		185
336		202		78665		188
337		195		78900		192
338		184		79138		185
339		185		79377		191
340		189		79614		191
341		191		79849		186
342		189		80078		188
343		191		80308		193
344		189		80549		191
345		195		80784		187
346		213		81018		185
347		200		81259		190
348		198		81499		186
349		192		81736		191
350		202		81965		190
351		203		82202		191
352		205		82441		191
353		195		82677		188
354		191		82912		194
355		190		83150		193
356		188		83384		189
357		181		83614		189
358		183		83849		189
359		201		84086		188
360		195		84323		190
361		184		84555		192
362		188		84785		188
363		181		85019		187
364		189		85259		190
365		184		85491		183
366		180		85721		184
367		184		85962		184
368		174		86199		186
369		170		86432		183
370		169		86669		185
371		167		86906		189
372		167		87142		182
373		163		87379		187
374		161		87623		189
375		165		87864		186
376		165		88102		183
377		171		88341		188
378		160		88576		189
379		168		88813		185
380		165		89047		184
381		169		89285		188
382		168		89521		184
383		177		89754		188
384		173		89991		188
385		171		90221		187
386		169		90455		188
387		160		90689		188
388		161		90928		185
389		159		91163		184
390		158		91398		185
391		166		91636		184
392		169		91874		182
393		171		92113		190
394		168		92350		189
395		178		92588		188
396		176		92824		186
397		188		93058		190
398		189		93293		185
399		177		93528		186
400		174		93761		187
401		176		93998		188
402		183		94236		186
403		177		94473		187
404		171		94707		182
405		175		94942		187
406		173		95184		189
407		181		95420		182
408		182		95660		189
409		178		95896		190
410		167		96129		189
411		179		96364		189
412		179		96594		193
413		171		96831		190
414		163		97066		187
415		164		97305		191
416		162		97540		191
417		159		97779		190
418		161		98015		186
419		161		98254		187
420		170		98493		190
421		175		98731		190
422		180		98973		188
423		191		99209		192
424		191		99446		191
425		197		99686		185
426		203		99926		185
427		202		100167		184
428		202		100398		187
429		206		100631		190
430		210		100867		187
431		207		101104		189
432		213		101343		186
433		212		101581		184
434		215		101818		188
435		205		102057		189
436		202		102286		190
437		197		102518		193
438		198		102751		191
439		198		102983		185
440		204		103223		186
441		201		103460		192
442		204		103698		186
443		198		103937		185
444		195		104171		192
445		196		104406		180
446		199		104648		184
447		194		104891		186
448		194		105128		190
449		196		105368		187
450		194		105608		193
451		194		105852		188
452		191		106094		191
453		185		106332		181
454		176		106569		190
455		163		106807		190
456		163		107045		193
457		162		107284		190
458		168		107519		188
459		179		107758		192
460		182		108000		192
461		180		108240		193
462		195		108482		189
463		199		108718		183
464		189		108957		183
465		172		109197		186
466		170		109437		192
467		183		109673		189
468		188		109917		189
469		188		110158		190
470		186		110394		187
471		187		110629		184
472		194		110872		184
473		197		111108		183
474		190		111349		189
475		192		111594		191
476		179		111838		188
477		180		112078		188
478		176		112314		188
479		176		112553		181
480		176		112787		185
481		166		113022		189
482		164		113257		190
483		160		113498		188
484		159		113735		193
485		161		113964		194
486		157		114205		186
487		164		114438		191
488		171		114668		187
489		169		114902		186
490		167		115139		187
491		171		115370		190
492		170		115611		187
493		168		115852		193
494		170		116089		189
495		163		116327		194
496		167		116565		187
497		172		116799		187
498		170		117036		187
499		168		117278		190
500		179		117519		191
501		181		117755		184
502		184		117993		185
503		182		118233		188
504		184		118476		193
505		174		118716		187
506		170		118954		186
507		171		119196		190
508		173		119436		187
509		152		119674		187
510		154		119917		190
511		146		120153		190
512		156		120386		187
513		145		120625		192
514		141		120860		188
515		139		121096		189
516		135		121331		187
517		137		121569		187
518		132		121808		189
519		131		122045		190
520		131		122284		187
521		128		122518		188
522		134		122750		186
523		143		122978		189
524		140		123215		184
525		136		123447		191
526		134		123687		191
527		140		123923		194
528		144		124162		193
529		150		124402		189
530		148		124642		186
531		150		124881		187
532		156		125122		190
533		164		125362		185
534		175		125605		183
535		161		125847		188
536		162		126081		187
537		149		126321		186
538		148		126557		187
539		152		126796		187
540		151		127029		190
541		141		127264		185
542		144		127504		189
543		149		127739		186
544		151		127970		183
545		149		128206		190
546		153		128445		192
547		149		128683		189
548		141		128923		188
549		144		129164		185
550		145		129404		185
551		142		129645		191
552		150		129883		191
553		146		130117		191
554		152		130356		190
555		145		130597		191
556		148		130826		186
557		146		131061		191
558		151		131303		185
559		151		131543		188
560		161		131785		190
561		157		132028		189
562		151		132268		189
563		144		132504		186
564		137		132739		189
565		135		132974		187
566		137		133210		185
567		137		133447		183
568		139		133685		188
569		135		133927		186
570		135		134166		190
571		143		134405		189
572		143		134647		190
573		149		134883		189
574		143		135121		186
575		136		135366		192
576		134		135602		190
577		141		135836		189
578		147		136079		191
579		148		136317		183
580		143		136554		189
581		145		136788		187
582		145		137027		188
583		144		137266		190
584		145		137506		190
585		151		137743		189
586		161		137985		189
587		156		138226		186
588		152		138466		183
589		147		138705		183
590		142		138946		190
591		145		139187		188
592		154		139427		187
593		160		139667		189
594		159		139909		190
595		168		140148		192
596		161		140386		187
597		171		140621		181
598		169		140860		186
599		161		141098		190
600		166		141341		186
601		168		141580		192
602		168		141823		188
603		164		142063		187
604		162		142300		186
605		170		142533		183
606		172		142771		184
607		160		143011		187
608		161		143253		186
609		173		143490		186
610		176		143731		188
611		172		143965		187
612		171		144197		185
613		161		144437		183
614		156		144680		189
615		155		144916		192
616		164		145154		188
617		163		145394		189
618		166		145638		186
619		177		145869		187
620		171		146106		190
621		170		146339		186
622		173		146578		190
623		160		146811		188
624		151		147047		184
625		151		147278		186
626		142		147515		188
627		140		147750		184
628		144		147986		188
629		147		148226		190
630		150		148464		191
631		156		148701		187
632		148		148944		184
633		154		149179		183
634		156		149413		190
635		145		149654		192
636		140		149893		188
637		146		150134		186
638		135		150370		184
639		136		150607		191
640		143		150847		189
641		135		151089		188
642		130		151324		184
643		134		151563		187
644		133		151790		188
645		137		152026		191
646		141		152266		188
647		138		152506		192
648		132		152745		187
649		130		152985		188
650		141		153221		188
651		139		153458		185
652		132		153696		184
653		133		153938		190
654		127		154176		189
655		121		154409		189
656		123		154651		188
657		122		154891		187
658		128		155128		187
659		129		155366		187
660		126		155611		191
661		127		155848		190
662		126		156084		189
663		127		156320		190
664		135		156559		188
665		145		156793		186
666		144		157034		186
667		153		157275		186
668		154		157513		182
669		156		157750		190
670		150		157990		185
671		151		158226		182
672		155		158467		188
673		160		158706		189
674		153		158941		190
675		146		159176		183
676		150		159415		189
677		145		159649		190
678		140		159887		188
679		137		160131		184
680		115		160363		185
681		116		160597		185
682		122		160833		189
683		122		161074		190
684		119		161306		188
685		127		161545		189
686		135		161787		189
687		136		162028		186
688		126		162263		182
689		122		162500		185
690		122		162738		187
691		120		162979		189
692		122		163217		189
693		124		163457		190
694		131		163699		189
695		143		163937		190
696		136		164172		190
697		136		164409		189
698		141		164647		185
699		139		164881		188
700		135		165121		190
701		138		165359		188
702		139		165600		186
703		143		165835		189
704		153		166072		185
705		154		166312		186
706		162		166550		189
707		170		166789		191
708		166		167028		182
709		158		167267		191
710		164		167509		187
711		158		167744		186
712		162		167977		186
713		159		168221		188
714		149		168457		192
715		142		168693		194
716		141		168928		192
717		150		169164		189
718		144		169402		189
719		135		169642		191
720		140		169882		191
721		144		170122		187
722		148		170355		186
723		148		170591		189
724		154		170826		190
725		146		171065		191
726		150		171301		193
727		154		171539		190
728		156		171778		186
729		156		172015		191
730		166		172252		185
731		154		172488		188
732		158		172725		187
733		153		172968		185
734		151		173201		188
735		153		173438		190
736		165		173679		191
737		158		173914		190
738		160		174150		184
739		161		174384		190
740		163		174619		186
741		154		174859		188
742		162		175089		187
743		162		175323		182
744		162		175562		187
745		158		175795		185
746		162		176031		194
747		162		176264		191
748		163		176501		189
749		165		176743		188
750		164		176977		192
751		163		177216		188
752		166		177455		190
753		160		177686		188
754		167		177925		187
755		167		178167		186
756		165		178403		187
757		165		178645		188
758		164		178880		192
759		164		179115		190
760		161		179351		188
761		168		179588		185
762		162		179820		187
763		162		180054		185
764		160		180292		182
765		153		180531		187
766		154		180763		187
767		141		181003		189
768		143		181235		190
769		143		181467		186
770		149		181702		194
771		140		181937		186
772		148		182174		191
773		143		182412		188
774		144		182639		189
775		140		182879		189
776		140		183116		189
777		143		183354		190
778		146		183590		187
779		140		183825		187
780		141		184064		187
781		143		184296		189
782		145		184534		189
783		153		184778		187
784		149		185017		187
785		159		185258		191
786		158		185500		189
787		155		185735		190
788		159		185969		182
789		153		186208		188
790		156		186446		187
791		152		186684		189
792		143		186922		192
793		148		187163		184
794		151		187405		185
795		147		187641		190
796		148		187874		189
797		150		188108		187
798		140		188339		192
799		142		188576		183
800		147		188814		187
801		149		189054		188
802		141		189287		189
803		139		189525		188
804		138		189768		188
805		132		190007		188
806		133		190245		188
807		143		190480		189
808		143		190717		188
809		152		190956		187
810		145		191194		184
811		133		191424		187
812		131		191664		185
813		135		191905		190
814		128		192144		187
815		129		192378		189
816		127		192620		190
817		132		192860		188
818		133		193098		186
819		127		193340		186
820		134		193575		187
821		136		193819		189
822		137		194062		192
823		127		194293		192
824		127		194530		188
825		123		194768		185
826		127		195001		184
827		143		195244		186
828		138		195490		190
829		144		195735		185
830		142		195973		187
831		143		196210		191
832		139		196449		193
833		144		196688		189
834		131		196927		189
835		133		197163		190
836		134		197398		193
837		131		197635		191
838		135		197875		194
839		141		198109		190
840		140		198342		183
841		130		198584		188
842		134		198818		187
843		125		199055		189
844		130		199289		189
845		125		199526		182
846		125		199761		187
847		124		200002		188
848		119		200241		189
849		117		200476		186
850		118		200716		190
851		120		200957		193
852		124		201194		189
853		132		201429		189
854		139		201668		189
855		135		201903		188
856		131		202139		189
857		136		202375		190
858		127		202610		188
859		138		202845		188
860		142		203080		184
861		143		203320		187
862		138		203551		186
863		139		203785		185
864		139		204019		183
865		138		204257		186
866		136		204492		189
867		134		204730		185
868		138		204968		185
869		137		205206		187
870		137		205442		189
871		139		205673		186
872		144		205906		186
873		139		206141		188
874		138		206372		186
875		130		206609		188
876		125		206843		187
877		127		207082		188
878		130		207324		189
879		129		207565		186
880		123		207804		185
881		128		208040		185
882		129		208282		189
883		122		208523		186
884		121		208760		188
885		121		209002		189
886		123		209238		190
887		126		209476		189
888		130		209711		187
889		126		209953		183
890		121		210192		193
891		118		210431		189
892		123		210670		187
893		118		210908		185
894		121		211142		187
895		124		211380		190
896		118		211618		189
897		119		211853		187
898		126		212088		188
899		124		212323		191
900		128		212559		188
901		127		212791		187
902		118		213026		190
903		122		213264		184
904		128		213505		190
905		124		213743		189
906		125		213981		187
907		119		214220		188
908		117		214461		190
909		111		214697		190
910		113		214928		190
911		113		215168		187
912		121		215406		185
913		114		215647		188
914		110		215883		183
915		106		216117		188
916		110		216355		186
917		121		216596		184
918		114		216825		187
919		118		217068		188
920		119		217306		185
921		122		217541		186
922		126		217779		188
923		127		218018		188
924		137		218257		190
925		136		218498		192
926		131		218739		186
927		132		218975		187
928		135		219215		187
929		135		219451		187
930		141		219682		189
931		157		219919		187
932		143		220161		191
933		127		220398		188
934		124		220641		187
935		120		220883		191
936		129		221119		188
937		121		221358		188
938		122		221599		189
939		122		221840		188
940		117		222076		189
941		128		222313		186
942		138		222552		184
943		140		222791		186
944		132		223026		190
945		127		223267		190
946		131		223510		188
947		131		223750		188
948		132		223989		187
949		130		224228		190
950		134		224462		187
951		131		224695		185
952		134		224937		188
953		140		225174		193
954		141		225415		185
955		144		225649		187
956		143		225882		189
957		159		226120		190
958		154		226358		184
959		148		226587		188
960		147		226822		185
961		152		227055		186
962		146		227291		188
963		145		227530		190
964		147		227768		188
965		144		228010		185
966		145		228242		188
967		143		228477		188
968		134		228714		193
969		140		228950		190
970		135		229187		183
971		135		229426		187
972		125		229663		187
973		126		229906		186
974		127		230142		184
975		123		230379		185
976		120		230617		186
977		121		230855		186
978		122		231090		187
979		119		231326		189
980		125		231570		189
981		121		231810		186
982		120		232052		187
983		115		232290		188
984		113		232528		187
985		115		232767		190
986		115		233004		189
987		117		233244		188
988		116		233483		188
989		114		233720		188
990		112		233961		187
991		114		234197		189
992		113		234433		189
993		121		234677		186
994		118		234911		186
995		121		235145		190
996		120		235380		192
997		116		235623		184
998		119		235862		187
999		123		236101		189
