# Migration is number of nodes that have changed color.

Round		Edge-Cut		Swaps		Migrations		Skipped
0		820		249		181
1		785		497		174
2		783		743		173
3		740		989		188
4		750		1235		185
5		740		1480		177
6		701		1719		191
7		706		1949		195
8		677		2178		191
9		684		2414		197
10		688		2653		190
11		698		2888		190
12		685		3128		182
13		716		3369		181
14		719		3613		190
15		726		3857		177
16		717		4103		193
17		689		4349		190
18		648		4592		180
19		652		4824		187
20		635		5059		189
21		630		5293		189
22		632		5536		180
23		629		5776		193
24		629		6016		188
25		633		6253		187
26		595		6485		185
27		607		6718		184
28		587		6947		176
29		591		7181		188
30		585		7406		184
31		593		7631		191
32		594		7871		189
33		610		8113		191
34		599		8353		184
35		590		8590		180
36		595		8819		184
37		606		9050		188
38		598		9291		190
39		592		9527		190
40		586		9759		194
41		553		9990		190
42		548		10229		183
43		528		10462		198
44		523		10688		201
45		532		10911		181
46		533		11139		184
47		514		11373		192
48		498		11589		181
49		506		11818		192
50		481		12046		187
51		492		12278		187
52		490		12509		192
53		490		12736		190
54		494		12969		187
55		494		13205		188
56		493		13444		195
57		479		13672		182
58		455		13901		190
59		453		14132		187
60		449		14354		184
61		449		14583		184
62		452		14803		190
63		448		15035		180
64		437		15258		184
65		411		15484		178
66		413		15709		184
67		412		15933		193
68		394		16152		190
69		409		16377		192
70		395		16591		181
71		401		16807		193
72		412		17024		198
73		415		17254		184
74		431		17481		179
75		419		17705		185
76		425		17927		188
77		429		18154		180
78		409		18387		187
79		400		18614		183
80		407		18847		183
81		406		19075		176
82		420		19304		193
83		418		19527		182
84		410		19764		185
85		420		19994		179
86		427		20220		186
87		433		20452		189
88		405		20680		186
89		408		20918		183
90		396		21149		188
91		396		21374		187
92		380		21611		187
93		359		21849		190
94		332		22070		191
95		345		22289		190
96		352		22514		197
97		356		22749		184
98		343		22981		179
99		333		23205		184
100		339		23435		186
101		340		23660		193
102		331		23895		185
103		326		24122		190
104		311		24344		183
105		306		24564		188
106		297		24789		189
107		303		25014		185
108		283		25243		183
109		307		25473		185
110		304		25714		183
111		303		25947		185
112		303		26172		191
113		304		26395		187
114		312		26617		188
115		320		26847		185
116		313		27076		184
117		313		27305		184
118		305		27534		184
119		300		27765		189
120		316		28000		190
121		314		28229		191
122		307		28451		189
123		301		28677		185
124		304		28906		188
125		319		29141		194
126		316		29366		187
127		319		29600		194
128		311		29824		189
129		312		30054		190
130		321		30283		187
131		314		30520		189
132		307		30750		182
133		336		30982		190
134		327		31213		189
135		316		31439		178
136		321		31665		188
137		330		31892		187
138		323		32115		187
139		327		32339		182
140		307		32571		184
141		298		32800		185
142		294		33029		185
143		291		33266		187
144		296		33491		190
145		286		33725		187
146		294		33956		188
147		285		34190		184
148		292		34420		187
149		313		34652		183
150		317		34880		176
151		316		35117		188
152		298		35351		183
153		300		35585		190
154		298		35818		188
155		283		36056		185
156		286		36284		191
157		275		36509		188
158		269		36743		187
159		272		36974		189
160		286		37209		188
161		264		37445		188
162		251		37669		188
163		254		37899		195
164		254		38119		185
165		267		38341		193
166		260		38576		189
167		265		38798		184
168		257		39028		186
169		262		39252		191
170		256		39476		184
171		257		39706		183
172		262		39941		190
173		266		40170		187
174		269		40410		188
175		259		40636		186
176		271		40869		188
177		266		41100		191
178		268		41329		192
179		252		41554		188
180		252		41781		186
181		259		42011		186
182		280		42245		181
183		276		42476		182
184		279		42710		191
185		276		42944		191
186		269		43172		186
187		270		43405		190
188		279		43641		182
189		285		43873		191
190		279		44114		189
191		296		44344		188
192		315		44579		181
193		303		44819		182
194		307		45051		184
195		306		45287		184
196		296		45523		188
197		285		45755		189
198		278		45986		187
199		284		46209		182
200		262		46445		191
201		258		46677		184
202		255		46914		187
203		249		47147		185
204		237		47381		188
205		240		47609		190
206		235		47842		192
207		236		48069		190
208		227		48295		181
209		218		48528		187
210		231		48753		187
211		233		48984		187
212		241		49217		189
213		255		49450		181
214		247		49680		186
215		242		49914		185
216		242		50151		190
217		247		50378		187
218		262		50603		183
219		256		50830		186
220		234		51064		186
221		241		51299		191
222		245		51530		184
223		245		51760		183
224		256		51996		186
225		235		52231		190
226		238		52467		185
227		235		52709		189
228		236		52938		183
229		240		53166		186
230		241		53392		190
231		241		53623		187
232		241		53856		191
233		242		54088		191
234		243		54320		192
235		253		54546		193
236		237		54779		185
237		232		55011		183
238		223		55249		186
239		224		55485		183
240		224		55712		185
241		225		55951		189
242		214		56184		187
243		215		56416		188
244		220		56648		186
245		228		56879		189
246		231		57114		193
247		232		57347		189
248		239		57579		184
249		245		57813		188
250		242		58041		187
251		238		58282		188
252		232		58514		187
253		223		58744		187
254		220		58984		185
255		212		59220		186
256		196		59447		184
257		196		59675		186
258		194		59909		188
259		192		60138		189
260		195		60360		186
261		196		60598		183
262		198		60826		183
263		205		61057		186
264		205		61292		186
265		199		61528		186
266		197		61757		185
267		199		61989		183
268		193		62223		180
269		201		62455		184
270		192		62697		184
271		188		62929		184
272		190		63166		188
273		196		63397		190
274		210		63633		183
275		217		63863		189
276		224		64091		189
277		224		64324		184
278		222		64554		190
279		224		64784		187
280		212		65011		186
281		214		65248		191
282		213		65477		187
283		216		65707		184
284		209		65946		188
285		205		66179		187
286		199		66415		190
287		202		66649		185
288		193		66886		188
289		191		67118		184
290		193		67348		185
291		184		67579		183
292		180		67819		186
293		183		68051		188
294		186		68286		187
295		182		68523		189
296		175		68757		191
297		175		68988		188
298		164		69223		183
299		171		69455		187
300		167		69686		183
301		177		69926		188
302		186		70161		187
303		188		70393		186
304		180		70623		188
305		183		70861		190
306		189		71091		186
307		193		71331		186
308		182		71564		178
309		185		71798		182
310		183		72036		187
311		180		72268		187
312		181		72507		185
313		188		72744		185
314		196		72976		189
315		193		73217		183
316		192		73452		185
317		193		73686		184
318		193		73922		187
319		193		74162		186
320		199		74395		185
321		204		74628		187
322		208		74863		183
323		205		75095		187
324		201		75328		183
325		197		75559		187
326		189		75790		186
327		184		76020		182
328		172		76253		188
329		167		76490		190
330		170		76726		187
331		168		76962		190
332		162		77197		186
333		163		77426		188
334		165		77655		183
335		165		77890		180
336		156		78121		182
337		159		78354		184
338		158		78588		191
339		158		78817		184
340		158		79045		182
341		158		79282		186
342		163		79509		187
343		159		79736		186
344		166		79971		188
345		171		80203		182
346		171		80440		187
347		169		80681		185
348		164		80917		189
349		168		81149		185
350		165		81380		189
351		171		81610		187
352		165		81845		181
353		172		82077		186
354		179		82314		186
355		181		82544		189
356		178		82778		192
357		181		83013		187
358		196		83252		189
359		200		83482		190
360		200		83711		189
361		185		83940		188
362		187		84162		186
363		191		84399		182
364		196		84632		185
365		188		84862		189
366		189		85098		184
367		198		85333		183
368		195		85570		189
369		200		85799		185
370		200		86040		190
371		204		86268		186
372		211		86498		185
373		212		86735		191
374		212		86974		179
375		208		87212		187
376		210		87448		189
377		236		87689		187
378		224		87925		191
379		229		88157		187
380		225		88390		191
381		223		88623		189
382		226		88855		186
383		228		89090		188
384		226		89320		183
385		226		89547		188
386		215		89775		192
387		204		90006		190
388		200		90237		184
389		195		90469		192
390		206		90702		189
391		211		90932		193
392		212		91174		190
393		209		91406		193
394		215		91640		189
395		221		91874		184
396		205		92113		185
397		200		92343		185
398		196		92578		191
399		202		92807		188
400		202		93041		191
401		202		93280		185
402		208		93520		191
403		211		93756		190
404		214		93988		191
405		212		94221		187
406		210		94452		192
407		205		94682		192
408		208		94911		184
409		211		95148		187
410		192		95377		188
411		204		95612		188
412		215		95847		189
413		221		96083		189
414		230		96315		189
415		239		96556		194
416		257		96791		190
417		256		97028		190
418		247		97261		183
419		234		97489		178
420		233		97716		180
421		229		97947		181
422		244		98180		185
423		248		98419		189
424		240		98655		189
425		227		98891		185
426		237		99132		191
427		231		99374		192
428		231		99604		185
429		236		99839		189
430		245		100075		185
431		249		100310		189
432		257		100549		189
433		268		100786		193
434		261		101020		187
435		254		101256		188
436		256		101484		191
437		252		101718		186
438		261		101948		191
439		257		102177		189
440		244		102411		191
441		255		102641		184
442		249		102875		187
443		251		103108		184
444		248		103339		195
445		252		103569		189
446		248		103798		190
447		258		104033		190
448		271		104265		181
449		270		104496		188
450		252		104734		187
451		237		104972		189
452		234		105204		195
453		233		105443		186
454		238		105677		179
455		239		105910		185
456		236		106147		183
457		238		106379		189
458		233		106614		185
459		226		106850		186
460		227		107082		190
461		235		107313		186
462		234		107546		188
463		219		107784		189
464		216		108019		185
465		222		108257		188
466		229		108492		185
467		231		108730		182
468		225		108968		189
469		216		109202		186
470		221		109441		181
471		218		109680		184
472		224		109917		185
473		230		110153		192
474		224		110395		187
475		230		110632		186
476		223		110869		185
477		223		111112		183
478		218		111351		187
479		222		111593		184
480		213		111829		183
481		215		112058		184
482		220		112293		183
483		210		112537		190
484		213		112766		184
485		220		113008		183
486		224		113242		181
487		214		113478		189
488		219		113720		180
489		216		113961		183
490		194		114201		186
491		202		114435		178
492		210		114671		190
493		212		114906		186
494		203		115135		188
495		195		115375		190
496		197		115609		186
497		195		115844		190
498		203		116081		185
499		209		116320		189
500		219		116562		188
501		207		116800		186
502		204		117042		188
503		209		117280		191
504		203		117515		186
505		199		117746		186
506		198		117987		184
507		191		118224		185
508		199		118461		187
509		185		118696		189
510		188		118934		187
511		190		119169		185
512		201		119406		189
513		191		119644		184
514		192		119876		188
515		187		120114		184
516		196		120353		185
517		179		120590		193
518		176		120822		186
519		180		121060		186
520		178		121299		186
521		179		121539		182
522		174		121782		183
523		178		122016		188
524		175		122255		188
525		168		122494		190
526		164		122729		184
527		171		122970		185
528		169		123208		185
529		181		123447		191
530		172		123679		188
531		176		123915		187
532		167		124157		186
533		167		124396		186
534		172		124638		190
535		175		124877		187
536		172		125118		186
537		176		125356		188
538		173		125597		185
539		171		125834		185
540		168		126071		189
541		173		126307		183
542		179		126540		185
543		172		126783		189
544		168		127023		188
545		169		127261		183
546		164		127500		191
547		164		127737		190
548		163		127976		185
549		154		128215		184
550		164		128452		187
551		175		128697		188
552		160		128933		187
553		161		129174		183
554		156		129414		187
555		167		129646		187
556		162		129884		191
557		157		130127		189
558		147		130365		189
559		145		130605		187
560		149		130842		187
561		153		131072		188
562		156		131309		192
563		139		131544		184
564		139		131780		186
565		139		132017		188
566		145		132260		185
567		142		132496		189
568		139		132730		189
569		142		132967		184
570		138		133205		188
571		145		133449		188
572		144		133685		186
573		146		133926		189
574		149		134162		190
575		148		134401		189
576		155		134639		181
577		157		134870		186
578		149		135104		184
579		150		135346		186
580		152		135587		188
581		149		135829		186
582		147		136069		191
583		159		136309		188
584		142		136549		183
585		143		136787		184
586		140		137024		185
587		141		137260		187
588		142		137494		188
589		143		137735		190
590		150		137973		184
591		142		138211		183
592		150		138456		190
593		154		138694		187
594		148		138931		186
595		149		139170		186
596		148		139406		186
597		148		139641		185
598		148		139875		186
599		150		140114		191
600		141		140350		186
601		144		140591		188
602		145		140827		183
603		144		141070		187
604		151		141309		189
605		150		141547		190
606		148		141783		185
607		151		142019		182
608		158		142258		183
609		163		142493		189
610		159		142732		192
611		150		142965		187
612		143		143205		185
613		146		143444		191
614		137		143679		188
615		143		143919		187
616		135		144158		185
617		140		144389		182
618		145		144626		185
619		129		144866		183
620		120		145095		187
621		119		145331		185
622		119		145572		186
623		121		145804		188
624		128		146038		187
625		125		146277		186
626		124		146519		186
627		128		146755		191
628		135		146999		189
629		138		147234		188
630		136		147476		185
631		133		147710		188
632		129		147950		189
633		135		148188		186
634		128		148428		189
635		131		148663		186
636		138		148908		188
637		138		149149		185
638		133		149387		185
639		127		149626		184
640		133		149866		187
641		137		150104		188
642		130		150342		184
643		127		150584		185
644		127		150822		188
645		123		151058		180
646		124		151298		187
647		125		151536		190
648		124		151774		184
649		124		152014		185
650		121		152248		184
651		119		152478		187
652		114		152715		188
653		118		152950		188
654		116		153187		186
655		112		153424		186
656		116		153660		188
657		117		153893		186
658		122		154135		187
659		111		154371		187
660		117		154611		187
661		115		154849		184
662		118		155089		183
663		117		155324		185
664		115		155562		183
665		119		155798		182
666		125		156036		186
667		122		156276		189
668		132		156513		189
669		131		156750		188
670		131		156986		190
671		129		157213		190
672		142		157453		190
673		141		157694		186
674		138		157928		186
675		130		158160		187
676		128		158403		186
677		130		158642		187
678		120		158883		184
679		124		159124		184
680		125		159357		183
681		135		159599		185
682		132		159838		187
683		139		160076		189
684		144		160315		187
685		146		160553		183
686		150		160795		184
687		138		161031		184
688		137		161272		187
689		143		161511		184
690		140		161744		185
691		146		161984		189
692		146		162220		183
693		140		162458		188
694		139		162691		188
695		143		162928		189
696		132		163168		184
697		142		163402		188
698		133		163639		191
699		134		163881		189
700		128		164118		187
701		134		164359		186
702		137		164593		184
703		132		164833		187
704		132		165065		186
705		128		165300		187
706		131		165537		186
707		128		165774		187
708		125		166009		189
709		128		166250		188
710		129		166488		190
711		128		166728		183
712		128		166966		188
713		130		167204		186
714		134		167447		190
715		136		167689		189
716		132		167924		187
717		125		168166		188
718		120		168403		187
719		122		168639		186
720		128		168874		189
721		117		169114		187
722		118		169355		191
723		120		169595		187
724		125		169831		189
725		127		170068		191
726		134		170304		184
727		135		170540		186
728		141		170776		190
729		142		171016		187
730		136		171256		187
731		142		171496		180
732		139		171736		187
733		150		171973		190
734		154		172211		185
735		148		172447		184
736		151		172688		188
737		157		172926		186
738		146		173159		188
739		134		173395		187
740		139		173626		190
741		142		173866		190
742		130		174108		187
743		126		174342		192
744		126		174579		186
745		123		174813		189
746		125		175049		183
747		131		175290		187
748		131		175526		186
749		126		175762		186
750		117		176004		185
751		119		176247		186
752		123		176484		183
753		123		176722		183
754		109		176963		186
755		114		177199		186
756		108		177440		186
757		106		177678		187
758		105		177913		187
759		106		178150		187
760		110		178387		190
761		107		178619		188
762		112		178857		188
763		117		179093		189
764		119		179330		184
765		118		179567		186
766		119		179810		183
767		132		180046		186
768		128		180284		185
769		133		180517		185
770		129		180758		187
771		130		180990		185
772		116		181228		188
773		120		181467		188
774		120		181705		190
775		124		181940		187
776		120		182177		185
777		122		182416		186
778		127		182648		185
779		129		182887		183
780		121		183126		186
781		123		183361		186
782		124		183598		185
783		128		183837		186
784		122		184074		187
785		124		184309		189
786		122		184543		186
787		129		184785		190
788		122		185022		189
789		121		185257		188
790		120		185496		188
791		126		185738		186
792		118		185976		186
793		124		186212		186
794		128		186446		186
795		131		186684		184
796		131		186917		184
797		126		187156		191
798		122		187396		186
799		126		187635		185
800		122		187872		189
801		123		188114		189
802		127		188347		188
803		129		188584		183
804		132		188819		187
805		132		189051		188
806		131		189288		184
807		134		189532		188
808		118		189769		190
809		116		190011		189
810		110		190245		188
811		110		190482		188
812		125		190718		185
813		120		190955		185
814		123		191188		189
815		122		191422		187
816		122		191659		185
817		122		191898		187
818		124		192139		187
819		117		192376		186
820		117		192617		187
821		118		192854		188
822		123		193092		182
823		119		193332		186
824		122		193569		186
825		118		193812		190
826		118		194049		189
827		121		194288		189
828		121		194529		191
829		122		194768		189
830		126		195009		189
831		125		195251		186
832		119		195481		189
833		125		195722		191
834		125		195960		189
835		129		196197		186
836		125		196432		188
837		118		196675		188
838		125		196907		187
839		122		197142		190
840		123		197381		189
841		123		197619		190
842		118		197861		189
843		121		198097		186
844		129		198331		183
845		123		198566		192
846		122		198806		186
847		118		199044		186
848		118		199283		186
849		123		199516		185
850		126		199755		179
851		121		199989		187
852		119		200222		187
853		132		200459		189
854		126		200696		188
855		136		200931		189
856		142		201174		191
857		133		201411		192
858		136		201644		190
859		129		201880		186
860		130		202114		187
861		141		202356		189
862		142		202590		188
863		141		202825		190
864		142		203065		185
865		126		203305		188
866		126		203534		188
867		123		203767		185
868		127		204001		185
869		129		204231		184
870		124		204468		189
871		126		204705		190
872		111		204942		186
873		115		205179		184
874		119		205417		186
875		124		205654		186
876		132		205897		185
877		135		206137		188
878		139		206376		187
879		140		206615		188
880		143		206855		184
881		142		207090		185
882		140		207332		183
883		151		207574		183
884		149		207811		184
885		140		208052		184
886		137		208290		189
887		136		208524		187
888		132		208767		186
889		126		209003		187
890		132		209244		188
891		134		209478		187
892		142		209713		182
893		139		209947		189
894		140		210184		188
895		135		210419		189
896		134		210655		186
897		137		210891		189
898		138		211128		194
899		137		211366		186
900		126		211603		187
901		129		211849		186
902		129		212087		188
903		133		212329		186
904		136		212566		187
905		132		212805		186
906		126		213034		185
907		125		213273		189
908		127		213510		186
909		129		213752		188
910		127		213990		187
911		129		214228		183
912		125		214466		182
913		124		214702		183
914		121		214938		188
915		123		215177		186
916		121		215413		184
917		123		215651		187
918		131		215892		186
919		128		216125		185
920		126		216362		184
921		133		216599		187
922		140		216836		187
923		137		217072		188
924		134		217310		186
925		136		217551		186
926		134		217784		190
927		129		218021		191
928		131		218259		183
929		135		218493		188
930		133		218730		186
931		131		218969		189
932		136		219208		188
933		137		219450		184
934		139		219688		183
935		132		219928		187
936		134		220165		188
937		144		220404		188
938		143		220639		183
939		150		220880		184
940		157		221112		186
941		157		221350		189
942		154		221590		190
943		156		221827		187
944		154		222055		186
945		166		222295		190
946		169		222530		186
947		173		222769		185
948		179		223009		190
949		167		223250		188
950		166		223482		187
951		165		223719		189
952		164		223960		184
953		161		224200		187
954		164		224437		184
955		161		224670		190
956		166		224904		189
957		164		225140		185
958		154		225376		188
959		162		225610		180
960		153		225843		188
961		145		226082		189
962		149		226321		187
963		158		226559		190
964		162		226800		186
965		168		227038		183
966		169		227278		184
967		156		227520		187
968		162		227755		189
969		154		227998		186
970		156		228229		191
971		155		228465		191
972		156		228700		191
973		162		228929		189
974		159		229170		187
975		156		229406		187
976		161		229641		187
977		156		229884		184
978		152		230124		187
979		147		230366		188
980		146		230602		189
981		148		230843		191
982		157		231076		186
983		144		231315		186
984		138		231556		187
985		140		231792		185
986		138		232029		188
987		133		232262		186
988		142		232500		187
989		130		232738		185
990		135		232973		185
991		138		233215		191
992		135		233447		193
993		127		233681		189
994		128		233916		190
995		127		234157		187
996		127		234402		185
997		114		234642		184
998		116		234884		189
999		118		235122		188
