# Migration is number of nodes that have changed color.

Round		Edge-Cut		Swaps		Migrations		Skipped
0		811		244		176
1		797		492		176
2		790		742		189
3		758		986		191
4		704		1233		187
5		701		1467		185
6		688		1704		191
7		679		1942		189
8		689		2182		187
9		683		2421		202
10		699		2664		186
11		683		2899		189
12		671		3141		183
13		667		3378		183
14		652		3611		182
15		626		3836		179
16		624		4069		179
17		589		4303		193
18		588		4526		181
19		578		4748		196
20		577		4978		191
21		583		5208		194
22		568		5445		185
23		575		5679		203
24		555		5910		195
25		548		6133		186
26		546		6360		183
27		530		6591		186
28		537		6814		182
29		555		7036		193
30		552		7267		190
31		528		7501		188
32		537		7732		189
33		513		7966		191
34		497		8193		186
35		466		8424		195
36		443		8653		187
37		421		8876		191
38		419		9105		182
39		424		9332		184
40		404		9551		183
41		409		9769		191
42		408		9990		179
43		420		10214		182
44		427		10441		192
45		428		10666		184
46		421		10886		194
47		396		11115		192
48		367		11331		194
49		356		11547		188
50		380		11780		192
51		383		12000		189
52		381		12226		185
53		379		12447		192
54		395		12670		187
55		392		12899		188
56		381		13121		192
57		379		13347		188
58		389		13578		180
59		391		13803		191
60		386		14020		188
61		376		14242		191
62		388		14462		195
63		402		14693		179
64		371		14920		179
65		378		15152		195
66		361		15369		181
67		359		15590		183
68		328		15813		195
69		322		16037		187
70		318		16262		188
71		312		16491		184
72		304		16720		185
73		310		16943		190
74		320		17159		192
75		309		17382		186
76		295		17608		188
77		306		17829		188
78		321		18052		187
79		304		18278		195
80		287		18497		190
81		287		18727		189
82		284		18954		187
83		289		19178		191
84		285		19409		182
85		284		19631		190
86		281		19844		191
87		271		20076		192
88		274		20292		188
89		269		20515		186
90		263		20727		188
91		254		20948		186
92		250		21174		184
93		240		21395		182
94		243		21620		184
95		237		21852		187
96		236		22071		188
97		247		22292		183
98		234		22517		183
99		243		22740		195
100		241		22968		193
101		237		23196		192
102		234		23420		191
103		232		23646		190
104		239		23873		183
105		241		24099		187
106		229		24315		188
107		229		24540		187
108		229		24758		189
109		227		24977		185
110		222		25199		184
111		230		25419		187
112		240		25635		188
113		251		25860		187
114		256		26077		184
115		259		26301		186
116		260		26526		189
117		245		26750		190
118		250		26970		189
119		238		27195		193
120		241		27418		185
121		253		27644		189
122		266		27872		185
123		267		28098		186
124		278		28327		191
125		295		28554		189
126		295		28788		190
127		287		29026		188
128		302		29252		182
129		283		29471		185
130		273		29700		190
131		268		29927		187
132		272		30148		189
133		270		30374		188
134		270		30605		192
135		268		30829		185
136		280		31050		185
137		272		31272		188
138		274		31490		188
139		283		31717		188
140		273		31943		188
141		287		32165		189
142		282		32388		183
143		283		32621		188
144		260		32846		188
145		258		33082		188
146		267		33312		193
147		264		33541		186
148		261		33765		189
149		254		33988		190
150		263		34211		194
151		282		34439		189
152		287		34666		183
153		294		34895		189
154		298		35122		190
155		298		35355		191
156		291		35582		186
157		289		35811		188
158		295		36040		187
159		283		36259		185
160		275		36481		185
161		270		36703		189
162		279		36928		193
163		286		37157		186
164		292		37383		190
165		297		37610		187
166		307		37839		188
167		313		38074		189
168		300		38298		183
169		296		38534		188
170		288		38760		176
171		283		38987		184
172		274		39216		187
173		283		39445		177
174		284		39672		187
175		271		39902		188
176		273		40132		188
177		273		40357		184
178		287		40580		187
179		297		40802		185
180		299		41037		191
181		285		41266		187
182		290		41496		182
183		301		41726		186
184		292		41953		183
185		302		42183		188
186		301		42410		192
187		311		42639		191
188		323		42870		187
189		310		43099		184
190		310		43317		185
191		308		43546		193
192		304		43769		191
193		309		44010		176
194		288		44243		184
195		288		44470		183
196		285		44701		188
197		288		44937		187
198		284		45161		188
199		293		45391		188
200		282		45622		188
201		262		45857		186
202		267		46091		185
203		266		46321		185
204		282		46543		186
205		279		46772		194
206		292		47003		190
207		276		47235		190
208		252		47465		185
209		258		47698		195
210		253		47924		187
211		252		48148		187
212		261		48378		193
213		272		48606		184
214		265		48827		193
215		265		49050		190
216		266		49280		185
217		259		49510		182
218		274		49729		189
219		276		49953		186
220		277		50180		191
221		283		50400		190
222		272		50630		189
223		278		50851		188
224		276		51080		184
225		274		51303		182
226		286		51531		190
227		279		51758		186
228		297		51987		186
229		313		52216		189
230		298		52442		189
231		300		52675		186
232		294		52900		186
233		293		53127		187
234		293		53350		189
235		300		53582		185
236		291		53814		186
237		277		54050		188
238		270		54282		189
239		262		54514		184
240		258		54744		186
241		257		54971		190
242		277		55204		184
243		284		55429		194
244		280		55664		188
245		272		55896		184
246		273		56130		185
247		248		56360		192
248		251		56591		191
249		254		56823		182
250		240		57054		189
251		233		57280		190
252		238		57511		189
253		222		57738		188
254		216		57961		183
255		225		58187		189
256		220		58420		186
257		216		58642		186
258		216		58874		183
259		216		59103		180
260		221		59337		183
261		209		59562		186
262		205		59801		190
263		211		60032		185
264		211		60265		189
265		213		60491		189
266		210		60716		184
267		219		60940		184
268		222		61161		183
269		213		61390		186
270		219		61629		184
271		225		61855		188
272		239		62084		181
273		217		62308		190
274		214		62536		188
275		216		62763		190
276		215		62988		188
277		223		63220		188
278		215		63454		188
279		217		63683		182
280		225		63910		188
281		232		64140		187
282		233		64374		185
283		215		64601		190
284		225		64835		193
285		214		65060		187
286		213		65282		186
287		202		65512		181
288		204		65741		187
289		216		65970		186
290		211		66200		180
291		206		66429		188
292		221		66658		194
293		216		66887		190
294		227		67122		192
295		204		67357		189
296		194		67581		186
297		201		67809		185
298		193		68040		185
299		198		68278		187
300		203		68509		193
301		203		68733		187
302		204		68958		188
303		202		69191		185
304		203		69418		188
305		217		69646		187
306		217		69886		184
307		213		70117		189
308		217		70341		190
309		215		70565		189
310		216		70795		185
311		220		71020		181
312		216		71256		185
313		213		71489		185
314		203		71725		182
315		196		71954		193
316		198		72182		186
317		198		72413		190
318		210		72650		187
319		206		72885		189
320		210		73114		182
321		191		73341		191
322		187		73577		182
323		199		73809		185
324		203		74040		189
325		208		74273		186
326		204		74497		185
327		215		74729		188
328		214		74954		184
329		193		75186		185
330		184		75415		187
331		185		75644		185
332		185		75864		188
333		188		76092		189
334		189		76321		186
335		189		76548		185
336		190		76766		186
337		191		76995		184
338		198		77223		183
339		184		77457		193
340		196		77680		187
341		204		77910		189
342		196		78137		190
343		189		78361		189
344		196		78588		184
345		193		78824		184
346		184		79053		185
347		181		79275		185
348		177		79502		191
349		178		79731		193
350		176		79955		194
351		173		80175		190
352		176		80411		190
353		166		80638		190
354		167		80866		190
355		175		81094		188
356		179		81331		187
357		186		81561		189
358		190		81793		189
359		199		82031		186
360		198		82265		190
361		203		82495		191
362		196		82725		185
363		201		82949		185
364		193		83185		190
365		199		83420		181
366		201		83642		183
367		208		83879		183
368		200		84111		189
369		195		84339		187
370		197		84571		188
371		206		84803		184
372		204		85037		179
373		197		85266		186
374		192		85501		184
375		189		85722		187
376		183		85943		183
377		190		86179		185
378		169		86407		189
379		182		86638		186
380		195		86871		186
381		195		87101		184
382		195		87333		183
383		197		87565		187
384		189		87801		185
385		191		88031		185
386		183		88262		185
387		175		88494		192
388		170		88720		191
389		159		88953		185
390		161		89184		193
391		172		89406		185
392		175		89638		185
393		185		89872		189
394		181		90100		180
395		171		90325		185
396		165		90564		189
397		167		90790		188
398		164		91020		188
399		170		91249		188
400		170		91478		189
401		166		91707		185
402		162		91943		186
403		177		92175		186
404		180		92400		186
405		177		92634		184
406		176		92863		187
407		173		93092		188
408		176		93319		185
409		169		93551		188
410		168		93785		184
411		157		94015		189
412		149		94251		188
413		144		94482		190
414		154		94712		187
415		160		94948		191
416		153		95182		183
417		150		95415		186
418		157		95644		188
419		159		95877		187
420		164		96110		184
421		160		96344		186
422		159		96578		191
423		156		96816		189
424		156		97047		183
425		149		97281		187
426		145		97510		183
427		146		97742		185
428		155		97970		183
429		149		98201		183
430		145		98431		188
431		147		98666		186
432		150		98899		185
433		149		99128		186
434		156		99366		188
435		162		99602		186
436		164		99831		189
437		161		100064		189
438		155		100299		185
439		158		100527		188
440		151		100763		184
441		151		100989		188
442		157		101215		186
443		160		101443		185
444		154		101671		188
445		145		101898		188
446		150		102128		189
447		147		102360		185
448		148		102595		184
449		152		102826		186
450		148		103056		185
451		148		103291		184
452		145		103523		188
453		143		103759		185
454		134		103982		185
455		134		104215		185
456		140		104444		187
457		139		104668		186
458		146		104899		187
459		141		105125		185
460		143		105357		187
461		141		105588		186
462		152		105824		190
463		148		106059		185
464		143		106284		190
465		146		106515		184
466		146		106752		187
467		154		106988		186
468		153		107216		186
469		155		107447		186
470		166		107671		187
471		157		107907		186
472		154		108142		185
473		163		108367		189
474		160		108596		187
475		163		108824		183
476		167		109050		185
477		166		109284		188
478		168		109509		190
479		166		109735		186
480		171		109966		187
481		166		110202		184
482		154		110431		190
483		157		110659		189
484		155		110885		189
485		161		111117		187
486		157		111349		186
487		161		111581		186
488		160		111812		188
489		151		112050		187
490		153		112278		189
491		162		112509		186
492		162		112732		181
493		166		112962		189
494		153		113202		189
495		155		113431		187
496		145		113660		188
497		138		113891		186
498		141		114127		187
499		147		114368		191
500		149		114600		183
501		145		114823		183
502		142		115055		182
503		137		115289		184
504		148		115524		185
505		147		115753		186
506		149		115985		188
507		144		116213		188
508		155		116443		188
509		161		116678		188
510		153		116904		182
511		153		117130		185
512		155		117358		183
513		158		117592		184
514		154		117827		184
515		163		118060		186
516		160		118290		191
517		153		118524		189
518		154		118755		184
519		160		118989		187
520		165		119217		186
521		170		119450		191
522		162		119684		188
523		161		119922		182
524		167		120160		187
525		175		120394		188
526		177		120626		190
527		176		120856		188
528		175		121091		185
529		188		121325		191
530		163		121554		186
531		162		121791		189
532		163		122023		182
533		156		122253		185
534		157		122486		185
535		163		122714		185
536		173		122950		192
537		183		123186		185
538		185		123415		191
539		184		123648		186
540		181		123880		188
541		178		124115		186
542		182		124352		188
543		176		124583		186
544		168		124817		188
545		165		125048		191
546		172		125267		188
547		181		125501		184
548		177		125724		188
549		174		125956		184
550		179		126191		194
551		175		126422		194
552		172		126648		189
553		166		126881		181
554		166		127111		183
555		155		127343		189
556		157		127571		190
557		151		127796		191
558		155		128031		189
559		153		128270		179
560		151		128503		187
561		160		128737		190
562		161		128967		188
563		160		129197		189
564		164		129426		183
565		159		129664		185
566		157		129895		186
567		166		130119		186
568		169		130349		185
569		168		130584		192
570		168		130817		192
571		161		131047		187
572		163		131276		184
573		165		131505		186
574		167		131742		185
575		172		131974		187
576		176		132209		187
577		169		132440		187
578		166		132671		179
579		172		132905		182
580		163		133144		185
581		163		133378		186
582		170		133606		188
583		161		133837		186
584		167		134068		189
585		167		134296		188
586		163		134530		187
587		158		134764		187
588		153		134994		187
589		159		135223		187
590		168		135453		193
591		154		135683		187
592		155		135912		184
593		162		136141		186
594		164		136366		187
595		169		136598		186
596		176		136825		187
597		181		137057		186
598		185		137295		187
599		179		137521		185
600		183		137753		185
601		185		137983		193
602		191		138216		183
603		193		138452		180
604		186		138682		183
605		177		138917		189
606		174		139152		186
607		173		139389		187
608		183		139622		185
609		177		139850		186
610		175		140085		184
611		176		140310		186
612		182		140533		183
613		170		140774		189
614		185		141008		182
615		185		141244		189
616		184		141473		188
617		176		141700		194
618		177		141921		191
619		176		142156		185
620		195		142388		188
621		195		142621		186
622		196		142856		185
623		193		143089		187
624		188		143328		192
625		186		143560		182
626		187		143790		183
627		187		144025		183
628		181		144265		183
629		184		144495		183
630		188		144722		184
631		181		144953		186
632		179		145184		183
633		191		145418		184
634		173		145648		184
635		179		145877		184
636		172		146112		187
637		184		146342		184
638		183		146574		190
639		184		146805		186
640		182		147039		184
641		172		147269		186
642		186		147495		191
643		175		147718		190
644		167		147952		192
645		174		148183		190
646		172		148411		191
647		166		148642		191
648		164		148880		190
649		169		149108		180
650		170		149339		181
651		160		149572		183
652		163		149807		183
653		171		150037		182
654		156		150272		186
655		147		150499		192
656		143		150731		188
657		141		150965		187
658		143		151190		186
659		144		151422		187
660		151		151654		187
661		152		151883		184
662		139		152120		188
663		152		152349		186
664		156		152585		186
665		154		152813		188
666		156		153045		185
667		156		153265		185
668		157		153500		190
669		158		153735		187
670		164		153964		187
671		162		154194		186
672		161		154424		186
673		167		154655		186
674		165		154881		189
675		171		155106		190
676		171		155339		187
677		177		155570		183
678		172		155803		185
679		185		156033		190
680		181		156261		192
681		182		156496		185
682		186		156733		189
683		185		156960		187
684		200		157198		191
685		195		157426		190
686		190		157660		184
687		185		157884		188
688		193		158117		187
689		200		158347		185
690		191		158582		190
691		194		158812		187
692		190		159040		186
693		198		159272		187
694		206		159491		185
695		201		159718		192
696		207		159942		189
697		196		160172		184
698		186		160405		193
699		181		160640		187
700		184		160874		183
701		186		161099		183
702		190		161332		184
703		175		161557		185
704		179		161782		186
705		180		162017		187
706		190		162250		192
707		178		162485		185
708		179		162717		190
709		173		162953		189
710		170		163182		187
711		174		163412		184
712		165		163640		189
713		170		163870		188
714		178		164102		185
715		184		164336		187
716		186		164560		195
717		189		164795		188
718		184		165030		183
719		170		165257		192
720		170		165488		185
721		173		165718		182
722		172		165952		185
723		174		166181		180
724		163		166414		184
725		151		166653		185
726		140		166888		190
727		139		167119		190
728		147		167349		186
729		153		167578		193
730		165		167815		190
731		164		168049		185
732		160		168280		184
733		165		168512		182
734		173		168740		187
735		164		168972		188
736		155		169201		191
737		130		169431		187
738		131		169666		186
739		130		169894		187
740		132		170126		187
741		133		170354		186
742		135		170579		187
743		142		170810		189
744		136		171039		190
745		134		171264		189
746		136		171500		186
747		132		171729		187
748		131		171965		185
749		139		172200		185
750		146		172438		185
751		147		172669		189
752		154		172900		188
753		161		173128		187
754		161		173363		185
755		157		173597		188
756		144		173826		186
757		147		174050		185
758		150		174279		186
759		145		174503		185
760		143		174742		188
761		159		174980		185
762		162		175213		187
763		155		175448		182
764		156		175682		189
765		158		175912		188
766		153		176137		190
767		156		176366		191
768		166		176595		186
769		161		176826		189
770		149		177057		186
771		155		177281		190
772		165		177512		188
773		160		177743		191
774		155		177972		189
775		158		178208		186
776		159		178435		188
777		163		178667		189
778		164		178899		186
779		174		179133		190
780		174		179356		188
781		184		179585		183
782		182		179815		187
783		179		180043		189
784		177		180281		187
785		181		180522		187
786		163		180758		191
787		165		180993		192
788		163		181229		188
789		169		181462		188
790		165		181694		189
791		179		181919		188
792		188		182156		181
793		196		182388		190
794		199		182615		183
795		208		182847		182
796		199		183085		190
797		205		183323		181
798		199		183550		182
799		208		183780		188
800		214		184013		188
801		204		184247		190
802		203		184477		185
803		193		184717		181
804		196		184947		183
805		197		185185		187
806		206		185419		188
807		206		185654		193
808		207		185888		188
809		190		186116		185
810		189		186344		186
811		192		186576		186
812		180		186806		183
813		183		187033		190
814		195		187267		178
815		193		187500		186
816		197		187735		188
817		197		187969		183
818		203		188203		187
819		212		188431		185
820		213		188669		192
821		203		188908		183
822		201		189149		180
823		187		189376		190
824		189		189617		187
825		182		189851		191
826		182		190079		186
827		195		190311		189
828		196		190537		183
829		204		190756		185
830		199		190985		185
831		202		191222		186
832		204		191456		185
833		212		191690		182
834		200		191923		187
835		189		192159		186
836		200		192390		188
837		192		192619		190
838		195		192851		188
839		185		193086		191
840		185		193315		187
841		188		193547		191
842		193		193784		188
843		205		194015		186
844		212		194250		191
845		210		194484		183
846		198		194717		185
847		192		194945		185
848		190		195177		188
849		198		195407		190
850		201		195639		185
851		200		195872		186
852		202		196099		184
853		194		196332		190
854		194		196561		187
855		202		196789		188
856		203		197029		186
857		196		197261		186
858		195		197499		186
859		194		197737		184
860		191		197977		183
861		181		198207		183
862		180		198442		190
863		188		198675		183
864		198		198910		187
865		214		199145		186
866		220		199379		184
867		218		199612		182
868		224		199849		182
869		218		200085		188
870		193		200318		183
871		198		200546		188
872		195		200777		184
873		199		201012		187
874		182		201243		186
875		182		201476		186
876		177		201712		185
877		181		201941		190
878		175		202175		186
879		172		202404		181
880		173		202636		187
881		177		202866		186
882		175		203096		188
883		170		203327		192
884		174		203558		188
885		172		203792		187
886		172		204029		184
887		174		204257		187
888		174		204492		189
889		169		204727		187
890		164		204956		190
891		155		205195		184
892		145		205427		185
893		144		205659		183
894		150		205886		191
895		141		206117		189
896		141		206350		185
897		139		206579		186
898		139		206815		184
899		137		207053		187
900		141		207288		189
901		150		207521		191
902		153		207748		189
903		149		207977		185
904		139		208207		189
905		136		208437		187
906		139		208676		182
907		142		208909		184
908		148		209139		180
909		150		209374		190
910		148		209608		187
911		154		209838		187
912		165		210068		190
913		173		210305		189
914		171		210541		185
915		173		210769		184
916		173		211006		187
917		173		211246		184
918		178		211482		191
919		175		211715		186
920		179		211953		184
921		176		212185		184
922		183		212419		191
923		180		212652		186
924		171		212886		183
925		175		213122		184
926		169		213352		186
927		179		213589		188
928		174		213831		187
929		173		214062		188
930		183		214297		188
931		180		214530		187
932		172		214768		188
933		172		215004		187
934		175		215234		193
935		181		215457		192
936		194		215691		182
937		197		215931		189
938		184		216165		189
939		186		216401		183
940		192		216629		184
941		186		216864		184
942		178		217095		189
943		180		217322		190
944		181		217556		186
945		176		217786		187
946		170		218025		187
947		178		218263		189
948		177		218495		186
949		176		218721		186
950		176		218961		190
951		176		219186		186
952		183		219418		186
953		191		219650		183
954		180		219883		185
955		187		220114		188
956		179		220347		188
957		166		220582		187
958		167		220818		184
959		168		221053		182
960		162		221289		184
961		158		221526		187
962		156		221754		184
963		156		221984		186
964		151		222219		184
965		151		222447		189
966		149		222677		186
967		152		222918		186
968		151		223149		183
969		149		223375		186
970		153		223606		187
971		154		223847		186
972		154		224079		186
973		151		224310		190
974		155		224542		190
975		152		224779		185
976		157		225016		183
977		157		225245		187
978		150		225483		188
979		154		225718		185
980		162		225948		185
981		152		226176		187
982		150		226409		184
983		153		226644		187
984		165		226869		189
985		165		227098		184
986		169		227333		184
987		165		227559		187
988		149		227792		184
989		139		228023		185
990		142		228260		191
991		140		228495		186
992		146		228734		185
993		150		228969		187
994		148		229207		187
995		157		229435		195
996		149		229668		191
997		149		229899		188
998		148		230133		189
999		148		230370		191
