# Migration is number of nodes that have changed color.

Round		Edge-Cut		Swaps		Migrations		Skipped
0		820		249		182
1		797		496		186
2		765		740		185
3		757		980		181
4		756		1224		184
5		742		1466		190
6		731		1711		179
7		720		1950		190
8		716		2193		195
9		717		2422		196
10		719		2661		194
11		701		2902		191
12		685		3143		185
13		669		3376		182
14		657		3610		196
15		661		3842		186
16		648		4073		190
17		652		4304		188
18		668		4538		194
19		641		4759		180
20		646		4987		189
21		622		5217		181
22		625		5449		187
23		639		5686		195
24		633		5919		191
25		618		6155		187
26		597		6390		177
27		576		6624		189
28		584		6860		192
29		575		7093		182
30		574		7320		187
31		564		7546		185
32		551		7785		186
33		570		8012		184
34		566		8242		179
35		568		8467		198
36		573		8691		187
37		566		8926		184
38		548		9162		191
39		524		9391		178
40		505		9628		185
41		496		9856		200
42		496		10085		186
43		494		10313		183
44		492		10541		189
45		486		10774		187
46		498		11003		189
47		469		11226		186
48		471		11447		188
49		476		11667		199
50		462		11899		180
51		481		12126		180
52		481		12353		181
53		470		12580		178
54		456		12805		182
55		472		13032		187
56		483		13261		186
57		474		13492		193
58		481		13711		189
59		461		13935		192
60		467		14167		187
61		479		14398		188
62		469		14627		188
63		454		14849		193
64		441		15068		183
65		449		15294		181
66		467		15517		180
67		442		15736		185
68		432		15963		179
69		412		16189		189
70		417		16415		184
71		397		16643		187
72		398		16867		189
73		381		17087		180
74		385		17320		185
75		397		17552		191
76		385		17791		184
77		374		18013		187
78		371		18238		182
79		362		18459		195
80		358		18689		188
81		373		18912		186
82		373		19133		187
83		357		19353		189
84		337		19580		188
85		330		19806		185
86		329		20030		188
87		336		20249		196
88		331		20471		190
89		347		20700		187
90		343		20930		188
91		345		21159		178
92		342		21387		187
93		351		21610		191
94		347		21840		191
95		334		22068		188
96		324		22299		188
97		311		22523		194
98		305		22754		188
99		298		22978		189
100		300		23205		181
101		291		23428		187
102		301		23653		186
103		311		23879		183
104		299		24109		186
105		298		24336		184
106		310		24557		190
107		308		24791		181
108		294		25021		190
109		299		25250		185
110		299		25481		188
111		282		25701		181
112		284		25929		187
113		284		26157		192
114		266		26379		181
115		264		26605		183
116		265		26834		183
117		272		27057		180
118		283		27278		187
119		275		27496		190
120		286		27723		192
121		275		27946		190
122		268		28166		189
123		263		28391		192
124		258		28613		183
125		263		28834		183
126		266		29059		189
127		267		29290		185
128		287		29507		183
129		289		29723		189
130		287		29956		181
131		287		30180		185
132		292		30411		184
133		279		30636		183
134		282		30865		185
135		267		31085		194
136		264		31309		188
137		266		31536		188
138		249		31765		187
139		255		31991		191
140		266		32215		195
141		264		32430		187
142		275		32648		188
143		271		32873		186
144		261		33100		185
145		268		33322		183
146		278		33551		180
147		287		33772		180
148		284		34010		190
149		274		34239		182
150		289		34469		184
151		277		34698		191
152		275		34929		184
153		277		35156		189
154		273		35383		188
155		281		35613		185
156		280		35840		186
157		278		36066		189
158		280		36292		190
159		282		36518		181
160		281		36752		187
161		261		36984		193
162		254		37215		185
163		254		37431		186
164		263		37655		189
165		272		37883		187
166		271		38104		184
167		272		38323		181
168		268		38552		180
169		263		38776		182
170		260		39001		186
171		257		39226		190
172		252		39457		188
173		242		39686		188
174		245		39907		189
175		255		40135		192
176		266		40359		188
177		261		40588		187
178		259		40821		190
179		279		41050		189
180		277		41283		191
181		279		41513		190
182		287		41737		193
183		293		41961		179
184		302		42183		189
185		307		42408		192
186		286		42643		189
187		285		42871		187
188		290		43102		185
189		298		43323		184
190		302		43548		185
191		310		43775		183
192		302		44005		188
193		320		44241		191
194		303		44461		184
195		294		44685		183
196		281		44912		184
197		271		45135		179
198		264		45367		184
199		277		45594		189
200		277		45824		187
201		275		46049		185
202		283		46279		185
203		257		46507		181
204		257		46726		187
205		247		46960		191
206		249		47190		191
207		257		47422		182
208		260		47651		186
209		253		47883		185
210		260		48116		185
211		259		48349		188
212		265		48573		185
213		260		48796		186
214		279		49022		187
215		282		49248		184
216		258		49475		183
217		252		49706		184
218		272		49928		185
219		276		50165		185
220		265		50392		183
221		262		50622		194
222		273		50848		193
223		277		51080		191
224		279		51305		187
225		281		51532		192
226		292		51754		191
227		285		51985		188
228		276		52215		192
229		270		52447		187
230		270		52676		190
231		255		52905		187
232		252		53135		191
233		261		53363		181
234		255		53597		187
235		270		53826		187
236		268		54050		186
237		241		54275		183
238		242		54514		185
239		251		54742		188
240		257		54975		183
241		260		55199		181
242		256		55430		185
243		244		55654		189
244		233		55885		187
245		232		56120		189
246		217		56346		191
247		229		56573		192
248		225		56802		189
249		243		57034		187
250		242		57258		187
251		224		57487		187
252		237		57713		191
253		246		57945		188
254		263		58176		194
255		251		58404		190
256		251		58633		187
257		259		58862		186
258		247		59091		183
259		246		59323		185
260		244		59552		183
261		239		59775		182
262		240		60008		182
263		244		60233		186
264		246		60456		183
265		241		60688		193
266		232		60916		190
267		233		61137		193
268		241		61369		187
269		253		61591		181
270		250		61816		184
271		260		62038		189
272		247		62268		183
273		244		62502		186
274		242		62727		186
275		241		62959		190
276		255		63197		189
277		250		63426		190
278		237		63644		181
279		229		63873		185
280		239		64110		192
281		235		64333		183
282		231		64567		187
283		239		64795		183
284		235		65022		182
285		228		65252		187
286		241		65482		192
287		248		65720		188
288		241		65952		190
289		220		66175		189
290		214		66393		185
291		219		66627		192
292		213		66857		185
293		202		67089		188
294		204		67319		185
295		196		67555		189
296		190		67778		187
297		197		68009		191
298		200		68243		190
299		194		68469		185
300		198		68694		185
301		203		68924		187
302		195		69152		186
303		197		69381		179
304		196		69609		183
305		187		69838		184
306		191		70067		192
307		194		70297		184
308		197		70525		184
309		201		70760		189
310		203		70989		186
311		210		71217		188
312		208		71450		190
313		210		71678		189
314		207		71917		190
315		206		72153		183
316		202		72377		189
317		206		72606		195
318		210		72839		191
319		209		73073		189
320		200		73305		188
321		199		73535		190
322		197		73764		191
323		208		73999		190
324		213		74231		184
325		212		74464		183
326		216		74696		185
327		217		74929		190
328		213		75165		184
329		209		75391		181
330		199		75625		190
331		207		75859		187
332		211		76085		184
333		203		76317		180
334		208		76552		186
335		206		76782		185
336		224		77013		181
337		226		77245		181
338		224		77479		186
339		235		77712		185
340		233		77948		186
341		238		78177		185
342		242		78404		184
343		239		78640		185
344		231		78875		188
345		228		79109		185
346		235		79345		189
347		237		79574		190
348		234		79808		188
349		226		80041		191
350		216		80274		183
351		216		80507		187
352		219		80744		185
353		223		80977		188
354		215		81212		184
355		214		81450		186
356		206		81679		188
357		217		81909		185
358		222		82140		185
359		222		82369		187
360		218		82598		191
361		223		82831		186
362		213		83058		186
363		217		83287		184
364		229		83521		188
365		212		83747		190
366		210		83979		186
367		208		84208		189
368		198		84446		185
369		193		84679		182
370		195		84914		184
371		196		85146		185
372		193		85376		190
373		194		85600		188
374		202		85831		185
375		201		86066		184
376		202		86297		189
377		201		86527		183
378		207		86751		188
379		219		86986		186
380		202		87222		194
381		209		87450		184
382		208		87668		188
383		202		87903		184
384		200		88133		187
385		195		88357		185
386		191		88588		183
387		191		88819		187
388		196		89049		193
389		197		89281		190
390		206		89507		187
391		193		89734		188
392		198		89956		186
393		198		90191		183
394		189		90418		182
395		193		90651		187
396		198		90874		185
397		197		91107		191
398		195		91338		189
399		196		91568		186
400		200		91804		182
401		196		92027		186
402		201		92252		184
403		196		92487		188
404		199		92714		189
405		199		92950		186
406		188		93186		191
407		192		93420		189
408		194		93652		187
409		201		93884		188
410		203		94114		189
411		199		94347		187
412		198		94578		181
413		206		94816		186
414		202		95045		190
415		204		95284		180
416		197		95517		182
417		179		95751		182
418		180		95981		184
419		182		96217		186
420		189		96450		188
421		188		96684		185
422		189		96917		187
423		181		97150		190
424		183		97382		189
425		184		97607		190
426		187		97839		190
427		194		98073		190
428		196		98308		189
429		193		98541		190
430		186		98777		186
431		182		99004		186
432		192		99234		186
433		188		99462		189
434		190		99692		191
435		190		99921		191
436		187		100148		192
437		184		100376		193
438		176		100608		188
439		185		100843		186
440		179		101076		189
441		179		101306		187
442		180		101531		184
443		183		101763		187
444		183		101995		186
445		185		102227		189
446		187		102458		188
447		191		102687		193
448		189		102918		189
449		190		103146		188
450		192		103378		182
451		200		103603		187
452		196		103833		192
453		193		104063		191
454		192		104298		192
455		185		104522		190
456		193		104753		185
457		198		104982		186
458		201		105213		189
459		201		105445		186
460		198		105677		192
461		197		105906		190
462		202		106138		186
463		199		106371		190
464		201		106601		187
465		208		106835		185
466		217		107065		188
467		219		107296		189
468		208		107530		188
469		214		107757		187
470		208		107985		189
471		213		108215		186
472		226		108442		182
473		218		108678		187
474		224		108907		184
475		225		109135		188
476		230		109367		185
477		221		109598		190
478		219		109826		188
479		235		110061		191
480		230		110291		186
481		231		110521		192
482		230		110751		192
483		237		110982		193
484		236		111211		191
485		244		111440		185
486		240		111674		189
487		238		111908		187
488		233		112143		190
489		229		112377		187
490		228		112605		188
491		236		112836		190
492		237		113062		189
493		234		113292		185
494		232		113528		187
495		239		113765		187
496		237		113993		190
497		243		114221		190
498		247		114458		187
499		241		114688		186
500		233		114924		181
501		245		115155		188
502		249		115392		182
503		242		115621		180
504		230		115842		184
505		233		116074		187
506		248		116304		189
507		234		116539		189
508		238		116773		184
509		245		117002		187
510		234		117232		183
511		235		117471		187
512		225		117707		179
513		222		117940		188
514		217		118171		187
515		214		118407		184
516		225		118640		188
517		224		118869		188
518		227		119097		188
519		217		119334		187
520		232		119570		185
521		227		119799		184
522		219		120031		187
523		212		120262		195
524		215		120492		191
525		209		120726		193
526		208		120962		191
527		221		121193		184
528		221		121427		183
529		219		121659		187
530		202		121888		184
531		182		122116		185
532		186		122348		190
533		189		122577		188
534		186		122805		183
535		186		123034		188
536		187		123258		190
537		187		123491		186
538		196		123722		185
539		201		123953		187
540		192		124187		188
541		187		124424		186
542		175		124651		188
543		174		124887		191
544		179		125116		186
545		179		125349		187
546		185		125583		183
547		196		125816		185
548		206		126045		190
549		225		126277		188
550		228		126509		190
551		227		126736		195
552		228		126965		188
553		225		127201		190
554		223		127437		188
555		206		127673		187
556		208		127907		188
557		222		128140		187
558		221		128375		188
559		217		128609		185
560		212		128840		188
561		204		129071		189
562		198		129305		185
563		194		129541		194
564		182		129770		186
565		200		130003		190
566		212		130233		196
567		209		130464		191
568		204		130704		193
569		203		130938		189
570		201		131163		188
571		196		131397		183
572		195		131626		183
573		187		131859		188
574		190		132087		184
575		186		132317		189
576		204		132553		189
577		205		132784		187
578		203		133012		188
579		206		133243		185
580		212		133473		193
581		217		133701		188
582		209		133930		191
583		207		134166		192
584		198		134394		189
585		200		134627		189
586		201		134864		187
587		195		135098		186
588		190		135325		193
589		197		135553		194
590		187		135782		190
591		189		136004		193
592		198		136236		184
593		185		136465		190
594		197		136697		193
595		187		136929		185
596		191		137163		186
597		194		137395		189
598		184		137624		188
599		192		137857		184
600		190		138086		189
601		195		138317		187
602		193		138549		184
603		194		138777		186
604		187		139010		193
605		196		139247		186
606		180		139480		189
607		190		139717		183
608		193		139949		185
609		187		140186		191
610		184		140414		193
611		186		140649		185
612		182		140880		187
613		189		141119		191
614		181		141344		190
615		183		141574		186
616		191		141811		187
617		185		142049		191
618		184		142281		187
619		173		142513		184
620		175		142738		186
621		177		142974		188
622		175		143213		190
623		176		143449		188
624		171		143681		186
625		175		143908		185
626		168		144140		190
627		173		144370		197
628		177		144601		187
629		181		144832		189
630		187		145060		186
631		195		145286		187
632		193		145517		185
633		195		145750		184
634		188		145987		186
635		197		146218		186
636		202		146451		192
637		217		146687		192
638		227		146922		181
639		210		147161		192
640		201		147391		185
641		204		147627		188
642		190		147858		188
643		197		148089		190
644		196		148316		186
645		196		148547		182
646		200		148781		183
647		204		149017		188
648		203		149256		188
649		213		149494		181
650		227		149730		187
651		232		149969		190
652		240		150196		193
653		238		150429		188
654		229		150658		186
655		230		150888		193
656		236		151121		194
657		226		151357		192
658		224		151587		188
659		228		151816		182
660		222		152047		184
661		215		152279		187
662		217		152513		188
663		211		152738		189
664		209		152974		185
665		208		153206		181
666		205		153438		189
667		209		153672		186
668		204		153908		182
669		196		154143		187
670		189		154383		187
671		185		154620		183
672		187		154858		189
673		194		155092		184
674		204		155330		182
675		197		155569		187
676		198		155807		183
677		203		156044		192
678		185		156286		184
679		184		156524		187
680		179		156755		188
681		182		156994		189
682		172		157229		189
683		175		157459		190
684		176		157693		187
685		171		157924		190
686		174		158162		190
687		167		158402		190
688		156		158640		190
689		159		158876		188
690		161		159111		188
691		161		159344		189
692		157		159580		189
693		157		159816		190
694		156		160060		185
695		158		160295		190
696		161		160530		187
697		157		160772		189
698		167		161004		186
699		167		161239		189
700		168		161471		189
701		176		161710		189
702		171		161941		184
703		170		162179		188
704		171		162419		183
705		156		162658		187
706		165		162893		185
707		169		163126		186
708		156		163364		186
709		159		163601		186
710		169		163837		192
711		177		164069		189
712		155		164305		183
713		151		164537		187
714		149		164767		189
715		152		165001		190
716		156		165235		187
717		151		165470		188
718		144		165705		184
719		144		165943		188
720		155		166178		189
721		148		166415		189
722		146		166646		189
723		158		166884		185
724		158		167119		192
725		178		167355		188
726		174		167593		181
727		165		167829		189
728		170		168064		189
729		177		168300		190
730		174		168535		187
731		171		168772		191
732		173		169009		188
733		172		169242		193
734		175		169482		186
735		183		169715		192
736		172		169953		187
737		177		170188		189
738		163		170420		185
739		159		170654		183
740		152		170893		187
741		153		171130		186
742		152		171365		183
743		154		171595		188
744		155		171832		186
745		147		172069		191
746		144		172302		189
747		143		172544		186
748		139		172781		189
749		153		173020		189
750		147		173253		184
751		140		173492		186
752		146		173728		190
753		146		173961		190
754		150		174194		190
755		139		174429		187
756		143		174665		190
757		142		174897		190
758		139		175128		191
759		141		175366		184
760		143		175605		184
761		143		175841		190
762		141		176080		189
763		141		176312		190
764		144		176550		190
765		144		176790		190
766		150		177018		190
767		156		177257		189
768		155		177491		187
769		146		177727		188
770		153		177963		189
771		157		178201		189
772		155		178435		190
773		152		178670		187
774		149		178903		188
775		151		179140		186
776		154		179374		186
777		149		179610		189
778		150		179850		188
779		152		180088		188
780		155		180324		190
781		150		180557		184
782		155		180796		188
783		160		181032		190
784		153		181270		187
785		162		181509		185
786		160		181748		189
787		169		181984		192
788		171		182223		186
789		152		182464		189
790		156		182695		189
791		149		182932		189
792		140		183170		185
793		137		183407		189
794		142		183644		187
795		135		183884		187
796		125		184123		190
797		128		184358		189
798		131		184596		187
799		129		184836		186
800		131		185071		187
801		136		185307		184
802		143		185544		190
803		137		185779		187
804		134		186014		187
805		136		186241		191
806		139		186477		191
807		137		186711		189
808		142		186946		185
809		137		187179		187
810		149		187418		186
811		151		187653		186
812		153		187888		193
813		148		188128		189
814		155		188367		186
815		157		188605		189
816		159		188841		187
817		154		189075		189
818		156		189306		189
819		169		189540		187
820		149		189770		184
821		149		190006		187
822		152		190247		185
823		156		190478		190
824		168		190716		186
825		164		190958		183
826		174		191196		190
827		163		191434		190
828		164		191668		187
829		154		191900		190
830		159		192134		186
831		159		192372		183
832		157		192603		187
833		158		192843		186
834		152		193078		187
835		161		193314		188
836		162		193548		188
837		152		193787		184
838		149		194018		186
839		149		194248		188
840		147		194485		187
841		148		194727		185
842		154		194963		183
843		161		195199		182
844		153		195433		189
845		158		195675		190
846		154		195913		192
847		152		196152		186
848		155		196387		188
849		163		196626		191
850		156		196869		186
851		162		197107		187
852		163		197350		187
853		164		197583		187
854		160		197822		184
855		163		198056		188
856		162		198287		186
857		161		198523		189
858		155		198756		188
859		159		198992		185
860		161		199230		188
861		162		199467		186
862		156		199699		184
863		161		199933		185
864		154		200172		188
865		150		200402		190
866		156		200636		190
867		165		200875		189
868		154		201119		191
869		152		201354		188
870		148		201591		183
871		145		201828		189
872		143		202067		187
873		145		202304		187
874		145		202541		187
875		140		202777		185
876		139		203009		189
877		142		203247		188
878		141		203483		188
879		145		203717		188
880		148		203948		185
881		158		204186		186
882		154		204421		183
883		150		204661		191
884		149		204896		190
885		143		205128		188
886		143		205357		186
887		151		205597		194
888		149		205833		190
889		158		206065		192
890		150		206304		191
891		144		206541		188
892		148		206778		190
893		153		207012		190
894		160		207249		191
895		155		207485		187
896		153		207724		186
897		142		207953		188
898		146		208192		191
899		154		208427		190
900		145		208664		187
901		148		208901		186
902		157		209139		182
903		163		209375		190
904		166		209608		189
905		157		209844		189
906		164		210084		191
907		163		210320		183
908		165		210558		184
909		164		210794		186
910		157		211032		188
911		161		211265		181
912		158		211503		186
913		158		211745		188
914		166		211983		189
915		163		212214		186
916		156		212446		191
917		144		212687		186
918		145		212922		187
919		145		213156		181
920		146		213400		190
921		139		213643		186
922		140		213882		186
923		142		214114		183
924		140		214350		186
925		137		214581		190
926		145		214814		185
927		149		215046		187
928		152		215272		189
929		147		215503		189
930		148		215737		190
931		145		215972		189
932		143		216203		185
933		141		216443		187
934		142		216680		192
935		144		216915		187
936		148		217153		184
937		158		217382		189
938		155		217617		190
939		159		217857		183
940		152		218096		189
941		145		218333		191
942		146		218569		184
943		146		218805		187
944		145		219040		186
945		151		219273		188
946		152		219513		188
947		157		219749		185
948		145		219983		186
949		144		220221		186
950		151		220450		186
951		151		220686		188
952		155		220918		189
953		171		221155		191
954		171		221392		190
955		176		221631		188
956		174		221871		184
957		166		222108		186
958		168		222345		185
959		172		222582		189
960		164		222820		189
961		158		223051		185
962		159		223292		186
963		160		223525		186
964		153		223763		185
965		157		224002		188
966		160		224240		186
967		157		224479		185
968		158		224711		190
969		168		224954		190
970		170		225190		184
971		179		225426		189
972		175		225652		188
973		176		225887		185
974		185		226122		184
975		187		226360		185
976		176		226598		187
977		175		226831		185
978		175		227062		184
979		182		227294		184
980		185		227531		187
981		191		227774		184
982		195		228013		184
983		183		228249		187
984		178		228483		189
985		182		228717		187
986		180		228946		182
987		179		229180		188
988		178		229414		193
989		171		229656		184
990		173		229894		189
991		166		230129		191
992		169		230366		187
993		170		230603		186
994		158		230841		187
995		150		231078		185
996		158		231312		187
997		159		231549		190
998		164		231785		194
999		161		232023		187
