# Migration is number of nodes that have changed color.

Round		Edge-Cut		Swaps		Migrations		Skipped
0		822		248		180
1		798		496		193
2		762		743		190
3		737		987		189
4		723		1227		195
5		743		1471		180
6		742		1714		179
7		726		1954		169
8		707		2187		180
9		711		2426		202
10		704		2666		188
11		703		2907		180
12		673		3146		181
13		687		3385		188
14		663		3622		178
15		675		3860		194
16		695		4103		180
17		669		4345		184
18		669		4580		185
19		673		4819		191
20		665		5059		192
21		636		5293		185
22		621		5519		196
23		622		5748		191
24		610		5969		183
25		622		6194		174
26		623		6423		180
27		632		6660		188
28		614		6892		185
29		588		7127		190
30		591		7358		188
31		569		7591		178
32		571		7823		192
33		577		8056		178
34		553		8282		193
35		525		8510		189
36		507		8736		181
37		494		8961		193
38		513		9187		184
39		488		9415		197
40		490		9647		188
41		493		9865		191
42		485		10094		177
43		490		10325		189
44		467		10557		187
45		473		10786		183
46		458		11017		195
47		445		11246		190
48		453		11466		190
49		460		11689		189
50		467		11915		187
51		430		12141		174
52		423		12367		185
53		427		12592		184
54		433		12820		181
55		437		13041		182
56		419		13274		180
57		411		13497		183
58		396		13727		183
59		387		13945		181
60		375		14176		183
61		380		14406		181
62		387		14631		192
63		408		14855		189
64		406		15083		182
65		413		15310		188
66		416		15548		182
67		394		15771		199
68		389		15988		186
69		412		16210		186
70		412		16437		188
71		414		16662		177
72		427		16891		178
73		412		17118		185
74		425		17339		193
75		431		17561		187
76		422		17788		190
77		406		18006		185
78		409		18225		178
79		403		18436		179
80		394		18660		182
81		392		18878		186
82		393		19098		190
83		400		19321		190
84		400		19532		179
85		383		19745		181
86		397		19970		190
87		387		20192		188
88		398		20426		189
89		409		20659		183
90		397		20882		178
91		379		21115		182
92		380		21344		188
93		393		21563		184
94		401		21784		188
95		398		22015		186
96		402		22243		186
97		401		22475		186
98		402		22692		182
99		376		22929		188
100		365		23152		192
101		362		23365		194
102		355		23591		182
103		351		23824		187
104		346		24054		191
105		333		24278		201
106		337		24503		195
107		318		24728		189
108		327		24955		186
109		336		25178		194
110		328		25398		184
111		344		25624		190
112		348		25847		188
113		338		26067		194
114		343		26295		201
115		339		26526		186
116		353		26751		184
117		342		26976		184
118		337		27196		179
119		329		27423		185
120		327		27641		186
121		330		27866		192
122		342		28096		183
123		320		28331		189
124		318		28560		188
125		305		28785		190
126		297		29005		191
127		286		29228		184
128		271		29453		188
129		268		29677		181
130		270		29893		180
131		265		30114		186
132		267		30334		188
133		264		30560		182
134		246		30791		181
135		240		31020		185
136		239		31251		191
137		243		31470		193
138		239		31689		191
139		238		31906		188
140		253		32129		184
141		249		32357		183
142		244		32568		187
143		255		32787		185
144		264		33012		184
145		262		33237		180
146		257		33460		186
147		238		33687		188
148		239		33918		187
149		245		34131		189
150		251		34361		183
151		261		34590		192
152		249		34821		188
153		260		35051		188
154		253		35271		194
155		249		35497		189
156		252		35728		189
157		244		35954		189
158		253		36185		189
159		261		36420		188
160		248		36646		191
161		233		36876		189
162		223		37099		184
163		229		37325		189
164		251		37555		183
165		259		37776		185
166		258		37999		186
167		252		38226		190
168		249		38453		188
169		248		38678		181
170		248		38908		187
171		253		39134		185
172		243		39362		180
173		239		39592		186
174		239		39819		186
175		236		40046		185
176		244		40273		187
177		251		40501		185
178		263		40727		186
179		262		40951		191
180		258		41180		187
181		246		41413		191
182		247		41635		189
183		235		41861		185
184		228		42091		185
185		228		42320		184
186		231		42538		186
187		229		42766		183
188		226		42993		187
189		242		43224		181
190		241		43455		186
191		254		43675		191
192		254		43912		193
193		258		44144		182
194		268		44376		187
195		269		44604		193
196		277		44831		197
197		267		45056		191
198		274		45277		186
199		258		45502		186
200		259		45728		192
201		270		45953		186
202		275		46175		189
203		291		46405		182
204		286		46627		182
205		284		46851		180
206		283		47077		188
207		281		47304		188
208		297		47534		194
209		292		47758		185
210		270		47984		186
211		272		48209		187
212		289		48444		185
213		281		48676		187
214		272		48902		188
215		273		49135		179
216		267		49363		184
217		264		49587		190
218		270		49813		188
219		281		50041		187
220		272		50267		183
221		288		50492		186
222		276		50719		190
223		277		50952		193
224		274		51182		187
225		273		51409		193
226		266		51636		186
227		279		51860		191
228		279		52089		189
229		275		52319		184
230		275		52546		192
231		270		52774		186
232		263		53009		190
233		272		53241		185
234		294		53467		186
235		300		53697		185
236		298		53931		185
237		278		54165		189
238		275		54403		184
239		248		54637		191
240		250		54866		187
241		259		55103		188
242		252		55329		186
243		248		55552		185
244		247		55785		185
245		232		56016		186
246		238		56246		185
247		236		56483		187
248		221		56712		192
249		210		56947		186
250		207		57175		187
251		209		57402		190
252		211		57630		184
253		206		57857		186
254		209		58084		182
255		208		58318		190
256		209		58548		187
257		223		58784		188
258		210		59015		186
259		214		59250		187
260		205		59475		185
261		226		59710		187
262		228		59940		189
263		238		60171		188
264		241		60408		185
265		255		60648		185
266		248		60886		187
267		249		61115		186
268		252		61353		194
269		249		61585		189
270		254		61811		191
271		230		62038		192
272		240		62271		186
273		249		62499		186
274		259		62724		187
275		254		62953		194
276		245		63185		187
277		229		63414		185
278		221		63638		192
279		217		63871		185
280		220		64107		183
281		219		64341		186
282		212		64570		191
283		210		64804		184
284		214		65031		186
285		212		65257		186
286		205		65488		185
287		202		65720		189
288		204		65953		190
289		198		66186		187
290		198		66414		185
291		203		66642		183
292		209		66873		188
293		218		67096		187
294		212		67328		190
295		202		67560		189
296		198		67788		187
297		199		68018		188
298		212		68247		190
299		207		68473		189
300		202		68702		188
301		207		68926		185
302		211		69157		182
303		218		69384		187
304		206		69607		186
305		198		69842		190
306		207		70069		187
307		208		70294		190
308		214		70527		187
309		223		70759		193
310		220		70996		190
311		217		71227		184
312		210		71454		182
313		204		71685		181
314		209		71921		184
315		217		72146		188
316		214		72384		183
317		216		72610		181
318		201		72841		189
319		207		73071		184
320		214		73305		188
321		212		73529		190
322		206		73761		187
323		216		73992		188
324		220		74220		188
325		227		74456		187
326		226		74690		189
327		219		74916		181
328		223		75147		185
329		233		75377		186
330		215		75601		187
331		228		75833		191
332		224		76068		190
333		213		76300		185
334		209		76532		191
335		210		76764		186
336		205		76990		190
337		199		77222		186
338		203		77446		189
339		216		77676		183
340		221		77904		187
341		226		78133		187
342		207		78361		189
343		194		78589		190
344		185		78824		182
345		191		79053		187
346		188		79277		185
347		182		79508		189
348		175		79743		185
349		184		79971		189
350		176		80210		188
351		179		80437		190
352		173		80665		187
353		177		80895		191
354		184		81125		186
355		191		81347		187
356		198		81575		185
357		203		81797		182
358		196		82027		184
359		201		82259		184
360		189		82486		189
361		189		82705		190
362		187		82932		188
363		187		83164		184
364		187		83400		189
365		181		83622		188
366		180		83850		185
367		190		84080		191
368		195		84317		192
369		193		84545		188
370		197		84771		193
371		202		85002		186
372		198		85226		186
373		194		85453		190
374		200		85685		191
375		194		85919		186
376		194		86150		184
377		191		86382		193
378		203		86607		186
379		202		86834		187
380		200		87055		189
381		202		87285		185
382		209		87522		189
383		207		87744		183
384		207		87974		186
385		218		88202		184
386		213		88424		188
387		206		88659		190
388		197		88880		188
389		197		89103		188
390		196		89328		187
391		196		89557		190
392		202		89785		191
393		201		90022		188
394		202		90248		192
395		203		90476		189
396		197		90703		190
397		201		90932		186
398		186		91161		186
399		196		91390		187
400		187		91624		187
401		182		91853		186
402		186		92092		183
403		176		92322		181
404		172		92551		186
405		183		92784		189
406		180		93011		186
407		177		93237		187
408		178		93462		183
409		183		93694		188
410		192		93923		191
411		186		94159		189
412		192		94395		185
413		210		94631		184
414		219		94869		185
415		221		95104		184
416		208		95332		190
417		209		95560		185
418		207		95795		190
419		211		96024		192
420		210		96253		190
421		221		96490		191
422		245		96719		188
423		233		96946		188
424		232		97175		182
425		232		97410		190
426		212		97645		190
427		220		97878		191
428		221		98114		188
429		219		98345		182
430		215		98569		188
431		214		98806		190
432		219		99042		188
433		204		99281		184
434		197		99516		187
435		201		99748		187
436		195		99975		185
437		204		100205		183
438		205		100434		190
439		199		100669		189
440		206		100903		190
441		191		101137		183
442		192		101366		186
443		195		101602		191
444		186		101837		188
445		190		102072		186
446		191		102303		187
447		183		102531		187
448		189		102764		186
449		188		102993		189
450		186		103227		189
451		189		103459		191
452		192		103686		185
453		191		103921		187
454		195		104153		186
455		201		104387		184
456		197		104621		184
457		202		104848		186
458		201		105083		190
459		213		105313		187
460		210		105542		185
461		206		105776		184
462		192		106006		184
463		191		106238		187
464		183		106474		190
465		184		106708		191
466		183		106938		188
467		190		107173		193
468		188		107402		188
469		190		107638		186
470		180		107875		188
471		178		108110		190
472		183		108345		181
473		186		108576		183
474		178		108800		186
475		190		109032		189
476		192		109267		190
477		202		109500		181
478		197		109734		192
479		189		109964		188
480		184		110197		188
481		185		110429		188
482		191		110664		190
483		184		110897		183
484		174		111131		184
485		163		111364		187
486		170		111590		188
487		171		111819		187
488		162		112048		187
489		157		112272		186
490		159		112502		186
491		171		112736		184
492		170		112969		187
493		170		113203		184
494		169		113436		189
495		184		113661		185
496		192		113895		191
497		179		114126		191
498		183		114361		184
499		182		114598		186
500		187		114838		190
501		192		115066		188
502		190		115304		188
503		195		115531		189
504		193		115753		188
505		195		115986		179
506		193		116216		188
507		195		116449		187
508		192		116678		190
509		191		116905		188
510		186		117135		189
511		193		117370		187
512		203		117598		190
513		209		117828		191
514		214		118059		186
515		234		118288		187
516		228		118526		187
517		220		118760		185
518		225		118989		185
519		225		119229		189
520		221		119460		190
521		214		119679		179
522		222		119913		184
523		230		120152		187
524		230		120383		184
525		221		120617		188
526		214		120847		188
527		225		121081		187
528		225		121311		184
529		236		121543		189
530		228		121769		181
531		244		122004		185
532		238		122238		183
533		237		122463		182
534		236		122699		180
535		231		122928		187
536		233		123154		187
537		241		123388		187
538		236		123625		185
539		240		123850		191
540		237		124085		192
541		232		124314		189
542		241		124544		185
543		237		124777		189
544		247		125005		186
545		248		125232		188
546		239		125465		188
547		242		125696		187
548		233		125928		187
549		240		126160		187
550		253		126397		189
551		261		126626		191
552		253		126867		185
553		259		127097		195
554		256		127322		190
555		261		127552		182
556		260		127787		187
557		263		128020		186
558		268		128249		185
559		276		128482		184
560		264		128706		191
561		267		128940		185
562		264		129174		185
563		244		129410		189
564		234		129644		188
565		232		129877		187
566		236		130108		189
567		223		130336		185
568		225		130564		186
569		234		130793		187
570		244		131025		187
571		250		131263		188
572		250		131499		186
573		246		131734		188
574		225		131971		194
575		229		132202		188
576		227		132440		189
577		215		132675		193
578		223		132904		185
579		222		133143		181
580		220		133378		189
581		222		133614		184
582		214		133846		190
583		219		134077		185
584		212		134306		187
585		212		134539		186
586		208		134776		192
587		213		135013		183
588		219		135248		190
589		209		135481		182
590		217		135713		180
591		215		135948		182
592		236		136176		187
593		226		136414		189
594		224		136650		194
595		218		136880		190
596		215		137118		187
597		209		137356		189
598		195		137582		184
599		206		137819		190
600		210		138048		183
601		207		138283		186
602		207		138513		183
603		199		138747		187
604		216		138982		182
605		220		139212		180
606		218		139450		187
607		215		139685		185
608		208		139922		185
609		226		140160		192
610		231		140392		184
611		236		140630		191
612		244		140859		192
613		238		141095		187
614		246		141330		186
615		249		141560		183
616		230		141798		186
617		225		142034		188
618		232		142267		185
619		239		142506		183
620		241		142739		184
621		235		142970		187
622		234		143208		186
623		232		143440		183
624		241		143678		190
625		242		143914		190
626		226		144150		188
627		220		144382		183
628		215		144610		184
629		210		144844		188
630		197		145083		188
631		189		145316		186
632		192		145552		183
633		192		145784		183
634		199		146020		186
635		195		146258		184
636		196		146490		187
637		199		146727		187
638		201		146957		189
639		204		147192		193
640		208		147423		186
641		209		147657		175
642		215		147888		180
643		214		148127		182
644		205		148355		183
645		209		148593		184
646		191		148825		183
647		181		149064		189
648		168		149292		186
649		164		149533		185
650		171		149772		186
651		166		150004		184
652		174		150240		187
653		162		150473		189
654		157		150703		189
655		162		150942		188
656		173		151178		188
657		171		151410		190
658		172		151647		184
659		169		151883		188
660		167		152118		186
661		164		152356		186
662		165		152594		184
663		168		152817		186
664		166		153052		181
665		177		153288		183
666		179		153523		188
667		173		153759		186
668		177		153993		187
669		185		154227		184
670		179		154464		191
671		178		154696		195
672		173		154933		189
673		178		155166		185
674		175		155396		187
675		184		155624		184
676		184		155853		187
677		179		156080		186
678		188		156315		192
679		191		156553		188
680		187		156789		191
681		181		157018		194
682		170		157245		186
683		181		157475		197
684		194		157717		184
685		195		157948		185
686		198		158181		189
687		198		158418		189
688		203		158657		192
689		192		158889		186
690		190		159122		186
691		194		159357		188
692		191		159588		189
693		195		159821		187
694		193		160056		184
695		202		160292		192
696		195		160526		188
697		200		160761		190
698		200		160990		188
699		215		161223		184
700		218		161456		187
701		208		161690		187
702		210		161930		185
703		214		162167		180
704		204		162401		185
705		210		162633		188
706		213		162868		191
707		206		163108		186
708		207		163342		191
709		204		163571		189
710		204		163806		186
711		206		164041		182
712		210		164274		189
713		206		164511		192
714		206		164745		186
715		212		164982		182
716		217		165214		185
717		217		165451		181
718		225		165686		194
719		218		165926		196
720		227		166162		190
721		238		166402		185
722		220		166640		186
723		219		166877		187
724		221		167111		188
725		220		167348		191
726		211		167582		190
727		220		167817		184
728		208		168048		183
729		215		168283		184
730		203		168520		184
731		207		168753		190
732		202		168993		188
733		206		169225		190
734		201		169464		192
735		194		169697		188
736		186		169939		188
737		191		170168		188
738		193		170403		188
739		192		170642		191
740		189		170869		188
741		192		171106		188
742		188		171343		187
743		191		171583		184
744		194		171815		187
745		209		172052		184
746		212		172289		185
747		206		172533		190
748		203		172774		188
749		209		173009		189
750		199		173247		187
751		193		173488		186
752		184		173722		186
753		185		173952		187
754		188		174191		190
755		197		174431		187
756		188		174661		189
757		195		174888		194
758		201		175121		187
759		197		175359		185
760		200		175593		192
761		210		175824		184
762		210		176059		181
763		205		176294		184
764		208		176531		186
765		216		176768		185
766		211		177004		185
767		214		177238		187
768		202		177479		192
769		211		177712		190
770		206		177951		184
771		214		178191		183
772		217		178433		190
773		203		178666		188
774		196		178907		184
775		191		179139		180
776		185		179374		187
777		189		179608		188
778		195		179844		182
779		193		180078		184
780		191		180314		187
781		182		180545		185
782		179		180778		195
783		167		181016		185
784		171		181248		190
785		173		181480		189
786		183		181712		188
787		176		181947		181
788		169		182180		190
789		167		182413		187
790		168		182650		190
791		157		182880		191
792		164		183114		190
793		172		183349		187
794		164		183586		185
795		164		183821		188
796		178		184055		187
797		180		184293		188
798		174		184529		188
799		176		184769		187
800		179		185008		187
801		182		185247		187
802		184		185486		189
803		194		185722		189
804		205		185957		183
805		209		186192		194
806		212		186425		190
807		207		186665		182
808		195		186900		190
809		188		187134		191
810		198		187375		182
811		197		187604		183
812		197		187846		190
813		195		188083		189
814		190		188321		191
815		197		188556		187
816		194		188794		187
817		203		189030		191
818		210		189270		187
819		216		189509		185
820		214		189745		183
821		213		189983		182
822		219		190224		183
823		209		190460		185
824		211		190693		184
825		205		190930		193
826		226		191165		190
827		227		191402		187
828		207		191639		189
829		202		191872		188
830		200		192107		190
831		206		192343		189
832		208		192580		193
833		222		192820		188
834		223		193056		187
835		219		193296		187
836		226		193537		190
837		229		193773		186
838		232		194009		190
839		225		194248		190
840		223		194483		188
841		223		194721		182
842		223		194955		185
843		209		195193		189
844		207		195422		188
845		202		195658		190
846		216		195900		189
847		210		196136		182
848		203		196376		190
849		212		196614		187
850		213		196855		183
851		223		197091		181
852		208		197327		185
853		206		197569		189
854		212		197811		188
855		213		198046		184
856		204		198282		186
857		202		198512		184
858		194		198758		187
859		195		198996		184
860		196		199231		186
861		188		199466		190
862		177		199702		189
863		178		199937		188
864		182		200170		186
865		184		200406		186
866		178		200645		192
867		176		200880		188
868		171		201115		186
869		173		201345		190
870		183		201586		188
871		165		201832		187
872		161		202070		185
873		165		202310		192
874		174		202548		191
875		178		202786		190
876		186		203023		188
877		184		203254		185
878		191		203495		186
879		184		203728		188
880		199		203961		191
881		199		204199		184
882		199		204434		193
883		189		204675		191
884		189		204906		187
885		201		205140		187
886		213		205378		184
887		203		205614		182
888		196		205847		184
889		204		206089		184
890		203		206334		188
891		208		206569		187
892		200		206807		191
893		202		207043		188
894		202		207281		190
895		200		207516		190
896		203		207751		189
897		199		207984		189
898		197		208215		188
899		189		208452		185
900		191		208689		184
901		187		208924		189
902		182		209159		188
903		175		209390		187
904		175		209627		186
905		183		209864		189
906		183		210093		185
907		187		210327		185
908		182		210566		183
909		180		210800		189
910		184		211036		186
911		180		211278		190
912		179		211510		182
913		175		211744		188
914		183		211975		188
915		181		212213		181
916		185		212442		195
917		173		212675		189
918		176		212906		188
919		180		213145		189
920		177		213384		189
921		169		213620		189
922		184		213858		183
923		172		214095		186
924		170		214330		186
925		172		214569		190
926		161		214803		183
927		152		215041		186
928		158		215277		186
929		160		215514		189
930		151		215749		185
931		153		215986		187
932		147		216217		187
933		147		216458		189
934		146		216695		189
935		157		216937		185
936		154		217171		186
937		147		217404		190
938		139		217639		187
939		137		217872		187
940		142		218110		189
941		143		218352		186
942		139		218585		186
943		143		218822		188
944		141		219061		190
945		156		219298		187
946		159		219532		185
947		166		219760		187
948		151		219996		187
949		155		220229		185
950		140		220471		184
951		149		220703		187
952		148		220937		188
953		143		221177		184
954		144		221418		182
955		144		221658		185
956		143		221891		187
957		133		222118		187
958		134		222354		185
959		133		222592		188
960		131		222828		185
961		133		223060		185
962		139		223297		182
963		138		223530		189
964		138		223762		187
965		136		223996		186
966		137		224231		186
967		136		224466		187
968		131		224705		187
969		138		224935		187
970		140		225177		187
971		142		225413		182
972		146		225644		186
973		140		225886		185
974		137		226122		184
975		124		226362		187
976		121		226599		187
977		119		226827		188
978		122		227062		189
979		124		227294		190
980		128		227526		183
981		135		227762		186
982		137		227996		185
983		136		228225		189
984		132		228460		186
985		134		228694		190
986		138		228934		190
987		138		229173		188
988		141		229406		191
989		146		229638		185
990		145		229877		184
991		137		230113		184
992		136		230348		192
993		130		230579		187
994		130		230815		189
995		127		231050		189
996		134		231288		187
997		130		231522		188
998		130		231759		186
999		133		231996		185
