# Migration is number of nodes that have changed color.

Round		Edge-Cut		Swaps		Migrations		Skipped
0		835		250		185
1		817		498		196
2		806		747		191
3		760		994		175
4		751		1236		182
5		718		1475		188
6		738		1717		188
7		730		1955		192
8		688		2189		191
9		716		2424		181
10		684		2664		187
11		677		2904		187
12		669		3137		197
13		629		3373		187
14		615		3598		184
15		624		3829		192
16		595		4069		194
17		576		4285		189
18		595		4513		198
19		565		4747		184
20		560		4973		184
21		562		5200		171
22		528		5429		189
23		520		5647		180
24		489		5872		189
25		494		6097		177
26		503		6321		180
27		467		6543		189
28		465		6765		190
29		443		6984		176
30		418		7197		185
31		444		7420		193
32		448		7645		194
33		438		7866		175
34		426		8089		176
35		426		8298		193
36		430		8518		186
37		423		8750		199
38		401		8968		184
39		402		9186		187
40		406		9404		189
41		402		9623		191
42		399		9853		184
43		402		10073		193
44		387		10292		183
45		383		10513		188
46		383		10733		185
47		366		10949		185
48		382		11173		189
49		388		11389		192
50		379		11610		194
51		389		11838		192
52		374		12065		196
53		391		12285		188
54		412		12516		193
55		394		12741		190
56		406		12970		178
57		400		13191		188
58		388		13414		189
59		375		13643		198
60		375		13870		189
61		376		14092		187
62		360		14317		185
63		348		14543		187
64		339		14768		187
65		321		14990		187
66		310		15217		190
67		328		15444		196
68		317		15667		186
69		310		15891		185
70		309		16103		191
71		315		16326		187
72		300		16554		184
73		312		16780		192
74		325		17008		190
75		327		17230		190
76		325		17451		186
77		321		17682		188
78		334		17916		183
79		329		18149		191
80		327		18378		194
81		332		18613		187
82		310		18826		195
83		313		19050		190
84		325		19282		183
85		328		19511		183
86		336		19736		179
87		340		19962		186
88		359		20189		183
89		352		20409		191
90		357		20640		185
91		351		20864		188
92		368		21089		185
93		371		21317		183
94		378		21547		196
95		373		21775		185
96		349		22011		179
97		359		22241		194
98		364		22472		184
99		353		22696		185
100		356		22921		187
101		350		23150		189
102		338		23378		193
103		319		23612		192
104		315		23848		189
105		314		24076		195
106		318		24311		188
107		308		24545		183
108		300		24777		190
109		301		25015		182
110		297		25241		193
111		292		25473		187
112		287		25702		188
113		307		25925		186
114		303		26156		184
115		296		26379		190
116		308		26609		189
117		302		26830		192
118		302		27058		189
119		306		27283		193
120		304		27517		193
121		295		27748		186
122		291		27970		187
123		290		28198		187
124		285		28428		179
125		284		28660		187
126		265		28890		186
127		269		29124		188
128		272		29351		187
129		266		29585		194
130		253		29814		189
131		269		30043		193
132		269		30268		188
133		269		30500		193
134		265		30729		181
135		264		30957		192
136		259		31182		191
137		239		31415		187
138		247		31638		184
139		252		31861		184
140		258		32086		188
141		260		32317		192
142		268		32546		186
143		271		32780		194
144		265		33014		181
145		265		33234		191
146		282		33463		193
147		293		33696		186
148		274		33919		180
149		266		34143		187
150		262		34378		195
151		263		34606		187
152		275		34842		174
153		265		35071		179
154		239		35297		185
155		231		35528		183
156		231		35758		189
157		231		35982		189
158		255		36211		194
159		255		36434		191
160		236		36672		186
161		241		36901		193
162		252		37128		186
163		252		37354		191
164		260		37583		199
165		252		37817		188
166		249		38045		187
167		236		38273		193
168		238		38499		187
169		247		38726		183
170		243		38955		186
171		232		39180		187
172		247		39415		184
173		251		39640		183
174		248		39862		186
175		258		40094		190
176		258		40326		190
177		277		40556		192
178		272		40788		184
179		260		41020		189
180		255		41253		189
181		254		41489		190
182		257		41717		181
183		271		41953		187
184		258		42174		187
185		255		42397		188
186		254		42627		192
187		254		42856		188
188		252		43081		187
189		254		43314		183
190		259		43541		180
191		251		43766		183
192		262		43987		185
193		277		44215		184
194		281		44446		186
195		265		44677		190
196		265		44914		184
197		265		45150		191
198		251		45379		189
199		259		45616		193
200		255		45847		189
201		241		46072		186
202		234		46301		193
203		239		46528		189
204		238		46761		189
205		248		46985		189
206		250		47227		190
207		254		47459		187
208		259		47693		185
209		255		47927		183
210		249		48159		192
211		250		48384		185
212		253		48616		188
213		257		48841		189
214		256		49078		186
215		257		49311		186
216		243		49546		189
217		257		49778		186
218		271		50011		187
219		289		50243		182
220		284		50478		195
221		262		50707		190
222		252		50938		192
223		238		51172		191
224		236		51412		190
225		221		51640		186
226		225		51873		190
227		233		52096		186
228		229		52330		194
229		229		52557		189
230		239		52792		190
231		237		53024		188
232		232		53256		192
233		229		53491		186
234		242		53719		185
235		240		53952		184
236		244		54187		185
237		249		54420		180
238		235		54646		186
239		222		54877		183
240		230		55103		184
241		239		55332		189
242		240		55560		188
243		249		55787		188
244		247		56012		184
245		236		56242		185
246		237		56475		190
247		248		56703		187
248		226		56937		191
249		232		57168		186
250		235		57397		185
251		233		57627		187
252		240		57854		191
253		239		58083		190
254		238		58314		186
255		240		58548		181
256		244		58781		189
257		236		59018		189
258		231		59250		188
259		226		59482		186
260		230		59696		190
261		226		59923		188
262		221		60148		191
263		226		60375		189
264		218		60598		184
265		214		60833		180
266		217		61060		193
267		233		61292		191
268		228		61513		188
269		234		61744		186
270		236		61973		183
271		231		62205		184
272		221		62433		186
273		207		62662		185
274		214		62894		187
275		210		63120		188
276		214		63349		190
277		220		63582		185
278		220		63808		188
279		205		64045		190
280		216		64272		186
281		223		64508		186
282		221		64741		185
283		213		64972		191
284		204		65199		191
285		206		65429		190
286		195		65655		188
287		203		65883		186
288		197		66108		185
289		196		66336		190
290		195		66565		185
291		189		66800		182
292		184		67030		189
293		183		67254		187
294		184		67487		190
295		186		67716		182
296		211		67941		189
297		220		68172		187
298		210		68402		189
299		203		68628		185
300		203		68845		190
301		211		69075		192
302		206		69304		193
303		211		69536		184
304		216		69767		187
305		221		69997		183
306		230		70230		186
307		221		70458		191
308		224		70682		183
309		220		70910		192
310		232		71138		186
311		223		71370		186
312		222		71599		187
313		219		71831		192
314		216		72060		189
315		208		72288		186
316		209		72522		184
317		208		72752		191
318		192		72981		194
319		194		73204		189
320		190		73432		189
321		189		73658		189
322		188		73889		187
323		193		74119		187
324		193		74350		189
325		177		74571		191
326		175		74804		187
327		180		75033		194
328		186		75258		186
329		170		75488		186
330		170		75717		188
331		175		75943		184
332		182		76176		182
333		181		76408		187
334		181		76639		185
335		191		76863		188
336		193		77094		188
337		197		77327		190
338		185		77562		190
339		184		77789		187
340		186		78012		187
341		185		78239		189
342		192		78469		187
343		186		78698		185
344		181		78924		188
345		177		79149		183
346		177		79376		188
347		179		79606		185
348		177		79832		185
349		184		80057		184
350		178		80282		186
351		182		80501		186
352		161		80740		185
353		161		80965		184
354		165		81193		184
355		163		81422		183
356		164		81653		184
357		173		81883		184
358		179		82113		189
359		177		82352		186
360		181		82583		186
361		177		82811		185
362		181		83039		187
363		183		83271		184
364		175		83499		184
365		174		83734		188
366		170		83965		187
367		165		84194		188
368		164		84427		189
369		163		84655		185
370		161		84884		189
371		168		85110		192
372		174		85348		192
373		179		85576		188
374		182		85803		184
375		188		86032		189
376		176		86265		190
377		184		86488		187
378		188		86726		190
379		190		86954		190
380		189		87181		184
381		204		87412		182
382		198		87643		190
383		199		87868		189
384		200		88098		192
385		200		88335		184
386		201		88567		188
387		200		88795		189
388		198		89023		187
389		212		89254		186
390		210		89479		189
391		221		89709		190
392		202		89934		188
393		203		90162		189
394		214		90389		192
395		210		90621		185
396		192		90852		183
397		188		91086		185
398		187		91318		186
399		188		91553		187
400		198		91775		184
401		208		92003		188
402		214		92229		187
403		203		92456		189
404		202		92680		188
405		204		92914		191
406		202		93151		187
407		201		93380		187
408		197		93609		186
409		189		93836		187
410		176		94064		184
411		171		94295		187
412		168		94520		186
413		165		94750		188
414		164		94978		182
415		161		95204		187
416		164		95433		186
417		166		95667		187
418		171		95904		192
419		169		96127		189
420		167		96360		185
421		165		96588		191
422		168		96820		187
423		175		97043		185
424		164		97267		186
425		170		97501		181
426		166		97736		189
427		171		97960		187
428		175		98187		186
429		183		98411		188
430		183		98637		187
431		188		98867		188
432		170		99105		187
433		171		99339		188
434		184		99566		185
435		192		99797		185
436		191		100031		183
437		187		100263		187
438		189		100496		192
439		196		100731		189
440		194		100960		188
441		198		101191		182
442		200		101417		183
443		206		101640		189
444		218		101869		185
445		204		102100		192
446		196		102330		188
447		196		102568		189
448		194		102789		188
449		190		103020		189
450		191		103248		182
451		191		103476		190
452		187		103707		181
453		181		103939		180
454		171		104168		190
455		173		104390		187
456		177		104622		184
457		176		104844		188
458		175		105075		189
459		156		105309		188
460		161		105533		190
461		157		105764		189
462		160		105994		190
463		172		106226		188
464		184		106462		186
465		180		106686		185
466		170		106918		189
467		164		107151		189
468		168		107380		191
469		166		107610		192
470		182		107836		188
471		188		108066		192
472		188		108297		187
473		178		108529		185
474		173		108761		185
475		175		108990		184
476		179		109221		181
477		167		109452		190
478		169		109683		187
479		172		109913		191
480		171		110144		186
481		174		110378		186
482		157		110608		189
483		152		110843		186
484		155		111076		190
485		152		111303		186
486		158		111533		187
487		160		111760		188
488		166		111991		193
489		173		112225		186
490		171		112457		191
491		160		112690		185
492		159		112915		188
493		162		113143		191
494		158		113372		186
495		150		113593		188
496		144		113819		188
497		147		114055		192
498		150		114280		191
499		156		114507		191
500		156		114739		187
501		156		114973		185
502		158		115199		187
503		169		115432		184
504		171		115660		187
505		161		115885		188
506		170		116116		189
507		181		116348		187
508		176		116581		185
509		178		116813		188
510		165		117040		185
511		174		117266		189
512		174		117492		187
513		178		117718		190
514		179		117952		187
515		177		118176		190
516		183		118402		188
517		190		118632		189
518		191		118855		189
519		178		119088		184
520		170		119314		188
521		171		119540		188
522		180		119772		190
523		174		119997		185
524		173		120228		190
525		173		120461		190
526		175		120687		192
527		177		120921		188
528		171		121152		189
529		177		121375		190
530		182		121605		189
531		179		121839		186
532		181		122069		187
533		178		122295		188
534		186		122521		189
535		190		122750		182
536		206		122984		183
537		194		123214		188
538		210		123442		188
539		218		123666		187
540		217		123896		190
541		227		124125		189
542		232		124361		191
543		227		124584		186
544		230		124810		190
545		233		125044		193
546		242		125272		190
547		249		125501		189
548		233		125743		189
549		242		125970		188
550		224		126203		190
551		216		126445		189
552		207		126675		183
553		204		126897		186
554		203		127123		187
555		203		127358		190
556		209		127590		189
557		204		127827		193
558		194		128057		194
559		184		128292		196
560		166		128527		192
561		170		128760		190
562		181		128994		187
563		176		129224		185
564		164		129452		189
565		159		129683		185
566		170		129913		187
567		172		130142		187
568		163		130365		188
569		171		130592		188
570		173		130823		187
571		177		131061		191
572		172		131297		185
573		184		131529		184
574		186		131753		187
575		181		131977		188
576		184		132202		187
577		180		132430		184
578		180		132661		187
579		174		132899		191
580		186		133122		188
581		178		133349		188
582		180		133575		185
583		175		133799		192
584		172		134031		191
585		170		134251		189
586		178		134482		186
587		179		134712		187
588		191		134943		189
589		197		135174		185
590		205		135404		187
591		199		135633		191
592		213		135864		192
593		216		136093		189
594		204		136323		187
595		221		136558		191
596		217		136788		187
597		206		137016		188
598		191		137246		185
599		186		137478		182
600		190		137703		183
601		191		137934		183
602		185		138164		188
603		185		138393		187
604		185		138626		189
605		177		138850		185
606		186		139083		192
607		182		139313		186
608		188		139543		192
609		194		139778		188
610		184		140012		189
611		188		140237		193
612		204		140466		189
613		199		140690		192
614		187		140912		186
615		183		141146		188
616		182		141370		191
617		189		141587		189
618		199		141814		191
619		195		142037		190
620		201		142267		191
621		202		142494		193
622		202		142720		188
623		211		142946		188
624		209		143170		184
625		222		143395		195
626		222		143625		187
627		209		143856		187
628		209		144080		192
629		209		144312		186
630		211		144545		188
631		227		144782		192
632		225		145006		185
633		224		145229		190
634		220		145455		190
635		220		145685		184
636		216		145920		191
637		210		146150		186
638		208		146374		182
639		209		146601		185
640		213		146831		188
641		222		147051		188
642		224		147280		194
643		224		147509		192
644		227		147733		190
645		239		147958		186
646		232		148189		185
647		230		148422		188
648		229		148651		191
649		234		148883		192
650		234		149117		187
651		219		149353		187
652		202		149580		186
653		195		149804		187
654		190		150030		194
655		187		150248		191
656		184		150481		189
657		185		150713		191
658		177		150943		187
659		183		151173		191
660		179		151392		187
661		180		151617		186
662		176		151853		187
663		179		152082		187
664		181		152306		187
665		186		152539		187
666		185		152764		192
667		184		152996		184
668		184		153227		188
669		185		153458		189
670		185		153682		190
671		193		153911		190
672		192		154140		182
673		202		154375		190
674		190		154604		189
675		185		154832		184
676		186		155063		183
677		184		155295		188
678		184		155524		184
679		184		155758		187
680		185		155987		188
681		186		156225		192
682		187		156455		185
683		188		156693		183
684		198		156924		189
685		205		157152		190
686		201		157377		192
687		194		157603		190
688		193		157829		189
689		185		158058		183
690		181		158287		185
691		186		158507		189
692		190		158742		186
693		186		158972		183
694		189		159196		190
695		183		159430		191
696		180		159655		186
697		182		159880		185
698		187		160111		186
699		188		160339		187
700		195		160566		183
701		195		160800		183
702		184		161032		188
703		179		161270		187
704		188		161498		191
705		182		161734		190
706		166		161970		188
707		169		162195		189
708		169		162425		191
709		173		162660		191
710		168		162896		186
711		167		163130		186
712		177		163368		190
713		187		163596		188
714		182		163829		190
715		172		164060		181
716		167		164288		188
717		162		164522		190
718		165		164752		186
719		168		164981		189
720		168		165219		187
721		162		165448		190
722		171		165679		187
723		174		165911		189
724		173		166139		190
725		167		166365		187
726		180		166595		192
727		179		166822		187
728		177		167059		190
729		165		167285		194
730		163		167516		187
731		161		167741		190
732		157		167980		188
733		162		168213		184
734		154		168449		187
735		165		168681		193
736		165		168912		190
737		166		169144		186
738		172		169363		189
739		178		169592		185
740		184		169822		191
741		177		170046		187
742		179		170277		187
743		159		170513		186
744		158		170743		190
745		161		170970		192
746		155		171196		191
747		160		171430		192
748		159		171661		193
749		159		171891		187
750		158		172118		189
751		161		172349		191
752		171		172575		190
753		168		172805		187
754		176		173037		192
755		171		173266		191
756		163		173499		190
757		165		173728		194
758		164		173957		191
759		162		174193		188
760		171		174427		190
761		169		174655		189
762		171		174884		189
763		173		175115		187
764		175		175348		189
765		167		175583		189
766		170		175818		188
767		167		176045		188
768		172		176275		186
769		176		176508		186
770		174		176737		185
771		167		176957		188
772		161		177188		190
773		160		177421		186
774		169		177656		184
775		176		177887		190
776		178		178116		189
777		174		178350		189
778		182		178577		187
779		168		178803		189
780		166		179028		191
781		170		179253		186
782		176		179489		189
783		175		179721		189
784		181		179958		183
785		196		180188		189
786		195		180414		188
787		195		180641		187
788		209		180872		187
789		211		181103		190
790		213		181339		198
791		215		181570		194
792		203		181802		186
793		204		182024		185
794		202		182246		191
795		208		182480		188
796		202		182714		189
797		207		182950		186
798		206		183183		188
799		203		183417		186
800		212		183649		188
801		214		183876		188
802		205		184108		183
803		203		184345		184
804		187		184570		191
805		184		184800		187
806		184		185026		188
807		176		185255		187
808		176		185485		187
809		177		185718		189
810		178		185947		189
811		179		186176		186
812		164		186414		183
813		164		186649		188
814		169		186884		185
815		177		187118		185
816		178		187351		187
817		176		187580		183
818		174		187807		184
819		161		188036		187
820		161		188266		186
821		169		188500		179
822		161		188729		189
823		161		188953		184
824		158		189178		183
825		160		189407		190
826		165		189636		183
827		163		189862		187
828		171		190084		185
829		167		190310		191
830		164		190549		188
831		152		190779		187
832		150		191006		186
833		147		191231		186
834		157		191460		192
835		164		191688		187
836		166		191917		188
837		167		192146		185
838		168		192377		188
839		170		192611		189
840		171		192832		185
841		167		193063		189
842		178		193291		192
843		171		193525		186
844		177		193752		187
845		179		193978		187
846		187		194212		190
847		173		194442		189
848		179		194672		190
849		176		194900		192
850		178		195133		190
851		183		195362		190
852		181		195590		188
853		175		195822		185
854		164		196055		189
855		157		196289		188
856		166		196520		190
857		166		196747		187
858		174		196973		189
859		175		197211		191
860		177		197438		188
861		184		197671		185
862		182		197906		189
863		180		198139		188
864		185		198373		193
865		189		198603		190
866		193		198834		187
867		187		199058		187
868		192		199286		188
869		190		199516		187
870		194		199745		189
871		197		199978		187
872		192		200210		187
873		189		200442		187
874		187		200674		193
875		191		200907		183
876		199		201137		189
877		197		201371		186
878		197		201598		187
879		197		201824		188
880		195		202047		187
881		192		202277		187
882		194		202508		185
883		182		202740		184
884		173		202968		191
885		182		203201		187
886		180		203428		189
887		182		203663		184
888		180		203897		184
889		183		204135		187
890		183		204370		188
891		187		204600		193
892		192		204831		187
893		197		205066		184
894		177		205295		180
895		177		205520		184
896		185		205750		187
897		176		205982		187
898		175		206217		187
899		170		206450		188
900		188		206684		187
901		188		206909		183
902		177		207141		183
903		177		207371		186
904		186		207596		185
905		184		207829		189
906		180		208057		185
907		187		208283		187
908		180		208514		186
909		178		208750		185
910		182		208980		185
911		188		209212		185
912		179		209444		186
913		172		209675		185
914		171		209896		189
915		171		210130		188
916		164		210361		191
917		155		210589		186
918		152		210822		186
919		155		211050		183
920		151		211271		188
921		155		211501		187
922		158		211732		186
923		161		211967		188
924		167		212196		186
925		164		212428		186
926		171		212661		186
927		165		212890		183
928		157		213115		183
929		156		213351		185
930		163		213585		187
931		156		213813		184
932		157		214045		185
933		165		214276		185
934		160		214509		185
935		163		214738		186
936		164		214974		187
937		168		215204		184
938		173		215431		178
939		166		215656		182
940		171		215888		186
941		166		216117		184
942		169		216353		186
943		168		216577		187
944		167		216809		185
945		166		217037		186
946		172		217260		179
947		173		217487		188
948		170		217714		185
949		169		217947		185
950		166		218172		185
951		168		218400		184
952		171		218628		186
953		170		218859		185
954		167		219083		187
955		168		219310		184
956		161		219545		185
957		161		219772		189
958		161		219995		187
959		166		220224		189
960		162		220460		189
961		157		220693		186
962		164		220921		187
963		158		221143		185
964		166		221372		185
965		166		221601		190
966		172		221829		189
967		163		222052		188
968		159		222282		187
969		162		222503		187
970		155		222733		187
971		156		222967		188
972		158		223192		185
973		162		223423		187
974		158		223650		187
975		157		223877		185
976		155		224107		186
977		157		224337		183
978		160		224562		185
979		154		224788		183
980		156		225014		184
981		161		225246		186
982		154		225482		184
983		163		225717		186
984		163		225949		187
985		168		226175		185
986		155		226404		186
987		148		226641		186
988		154		226872		183
989		160		227099		190
990		163		227323		188
991		154		227555		188
992		156		227786		183
993		164		228014		184
994		163		228238		185
995		157		228460		186
996		160		228685		189
997		164		228912		190
998		151		229141		186
999		154		229373		184
