# Migration is number of nodes that have changed color.

Round		Edge-Cut		Swaps		Migrations		Skipped
0		819		249		171
1		790		496		198
2		773		742		184
3		784		987		186
4		754		1235		196
5		754		1480		181
6		744		1726		179
7		742		1974		190
8		738		2212		185
9		731		2456		193
10		726		2693		173
11		720		2927		188
12		691		3165		180
13		677		3399		174
14		685		3638		191
15		689		3873		182
16		690		4110		190
17		713		4347		186
18		704		4590		190
19		715		4827		183
20		713		5066		189
21		682		5309		180
22		660		5550		183
23		634		5791		192
24		643		6026		191
25		636		6265		196
26		658		6497		195
27		628		6731		178
28		631		6970		183
29		631		7214		187
30		627		7452		188
31		635		7687		183
32		631		7919		178
33		623		8153		177
34		626		8390		188
35		614		8628		193
36		612		8868		189
37		599		9097		190
38		584		9334		197
39		564		9565		196
40		549		9796		192
41		543		10029		192
42		532		10256		192
43		519		10491		188
44		525		10719		186
45		495		10949		182
46		497		11178		195
47		493		11405		186
48		487		11630		194
49		485		11853		188
50		474		12079		188
51		477		12310		189
52		472		12545		186
53		478		12771		185
54		475		13007		191
55		479		13237		182
56		467		13468		198
57		443		13694		182
58		423		13912		184
59		409		14143		187
60		400		14365		181
61		410		14594		188
62		402		14813		194
63		404		15041		190
64		403		15267		183
65		411		15495		187
66		406		15726		190
67		402		15947		188
68		390		16176		189
69		383		16398		188
70		396		16618		196
71		384		16844		182
72		372		17072		183
73		366		17292		184
74		385		17515		187
75		353		17739		194
76		347		17966		186
77		337		18195		195
78		338		18423		183
79		361		18648		187
80		352		18873		196
81		362		19102		188
82		349		19324		187
83		332		19549		191
84		340		19778		194
85		337		20004		190
86		353		20229		188
87		357		20455		186
88		358		20679		180
89		359		20914		184
90		369		21148		186
91		372		21385		183
92		357		21620		192
93		361		21853		185
94		352		22083		186
95		332		22317		190
96		331		22554		186
97		310		22786		190
98		316		23011		191
99		302		23237		178
100		299		23462		180
101		309		23693		189
102		322		23925		191
103		309		24161		188
104		308		24397		185
105		319		24634		189
106		324		24867		186
107		308		25101		187
108		302		25336		184
109		306		25563		188
110		317		25795		188
111		294		26029		188
112		297		26259		189
113		298		26489		191
114		297		26723		188
115		295		26961		192
116		290		27190		187
117		287		27423		180
118		287		27655		192
119		302		27887		184
120		301		28118		181
121		309		28354		183
122		317		28588		189
123		305		28820		184
124		285		29054		183
125		289		29283		192
126		297		29511		188
127		288		29739		180
128		288		29972		187
129		287		30207		181
130		282		30440		188
131		298		30674		189
132		292		30909		185
133		299		31141		186
134		300		31380		196
135		305		31610		194
136		295		31835		188
137		296		32063		186
138		290		32296		177
139		285		32520		177
140		282		32759		184
141		281		32991		192
142		277		33229		186
143		280		33466		187
144		286		33697		186
145		279		33932		184
146		270		34159		190
147		258		34388		184
148		254		34615		189
149		241		34848		184
150		237		35082		183
151		240		35309		179
152		243		35545		189
153		252		35779		189
154		251		36016		184
155		245		36247		181
156		243		36485		185
157		250		36719		185
158		257		36952		188
159		252		37185		186
160		244		37422		184
161		232		37660		182
162		239		37889		186
163		246		38126		185
164		247		38362		189
165		255		38605		188
166		254		38846		184
167		266		39081		181
168		272		39313		186
169		269		39545		188
170		259		39780		182
171		259		40016		184
172		258		40252		190
173		246		40491		189
174		249		40720		188
175		245		40953		191
176		250		41182		189
177		253		41413		182
178		255		41650		182
179		248		41884		187
180		257		42123		186
181		249		42355		192
182		242		42591		193
183		242		42824		189
184		233		43055		191
185		228		43284		188
186		217		43516		184
187		210		43745		190
188		217		43981		189
189		214		44214		188
190		224		44454		187
191		219		44682		186
192		227		44916		185
193		222		45149		189
194		226		45380		183
195		227		45616		187
196		226		45855		186
197		216		46093		182
198		204		46325		187
199		205		46555		187
200		183		46786		184
201		190		47013		182
202		200		47243		187
203		216		47480		190
204		217		47712		186
205		220		47943		191
206		214		48171		193
207		211		48405		194
208		213		48638		188
209		217		48872		181
210		226		49103		183
211		216		49336		187
212		215		49569		195
213		215		49802		194
214		225		50033		190
215		219		50269		188
216		224		50504		188
217		222		50737		185
218		231		50968		185
219		226		51201		189
220		231		51431		190
221		209		51670		187
222		219		51899		186
223		212		52136		188
224		190		52372		187
225		190		52599		190
226		202		52828		189
227		183		53063		185
228		181		53287		188
229		181		53517		191
230		190		53750		194
231		183		53987		185
232		177		54221		193
233		183		54456		183
234		183		54694		192
235		193		54926		189
236		194		55159		188
237		197		55397		188
238		193		55632		186
239		199		55862		188
240		204		56101		189
241		205		56333		195
242		210		56566		194
243		200		56802		191
244		182		57042		193
245		189		57276		191
246		194		57510		189
247		196		57742		190
248		191		57976		185
249		191		58205		190
250		200		58430		188
251		204		58660		192
252		198		58898		189
253		190		59127		190
254		203		59360		192
255		189		59595		188
256		192		59830		187
257		194		60061		187
258		192		60290		190
259		190		60524		191
260		184		60753		191
261		184		60982		192
262		190		61218		186
263		192		61448		185
264		192		61684		187
265		189		61911		193
266		179		62148		185
267		175		62380		184
268		169		62612		185
269		171		62840		188
270		177		63080		190
271		174		63309		183
272		168		63542		182
273		170		63774		182
274		175		64002		188
275		170		64236		187
276		169		64470		189
277		166		64708		186
278		169		64941		184
279		169		65177		186
280		168		65406		189
281		164		65638		191
282		161		65875		188
283		169		66112		189
284		177		66351		191
285		169		66588		191
286		170		66825		188
287		167		67060		190
288		167		67302		190
289		167		67528		186
290		174		67757		186
291		181		67990		193
292		177		68225		190
293		175		68464		188
294		163		68695		183
295		168		68927		188
296		176		69159		192
297		175		69392		188
298		169		69621		188
299		157		69855		183
300		161		70089		184
301		163		70321		187
302		164		70551		188
303		170		70788		185
304		171		71018		188
305		167		71251		185
306		164		71489		187
307		170		71720		189
308		176		71948		187
309		174		72178		190
310		181		72414		189
311		169		72647		186
312		161		72880		187
313		162		73115		190
314		166		73343		190
315		160		73577		190
316		149		73813		187
317		155		74044		186
318		167		74274		190
319		159		74508		189
320		149		74739		190
321		154		74970		185
322		157		75199		190
323		157		75435		184
324		149		75671		188
325		151		75904		189
326		149		76145		185
327		146		76375		187
328		139		76609		188
329		139		76842		185
330		134		77078		186
331		138		77308		183
332		139		77535		186
333		142		77765		187
334		152		78001		182
335		149		78236		184
336		146		78468		187
337		144		78700		185
338		144		78932		184
339		140		79169		184
340		136		79400		187
341		138		79630		185
342		144		79866		189
343		148		80099		188
344		142		80331		188
345		140		80562		189
346		139		80797		186
347		147		81028		189
348		141		81266		186
349		141		81494		187
350		144		81729		185
351		147		81960		185
352		151		82196		183
353		143		82431		190
354		150		82662		187
355		157		82893		183
356		164		83128		186
357		148		83362		184
358		148		83600		187
359		155		83837		190
360		156		84075		184
361		153		84306		186
362		159		84535		188
363		157		84769		184
364		163		85003		186
365		166		85233		186
366		167		85467		187
367		160		85708		187
368		163		85943		187
369		164		86176		190
370		163		86408		187
371		162		86640		188
372		158		86876		186
373		161		87111		186
374		170		87349		193
375		169		87585		192
376		175		87815		191
377		172		88053		190
378		169		88288		189
379		167		88523		186
380		162		88755		191
381		170		88991		188
382		170		89222		184
383		166		89454		184
384		158		89684		187
385		154		89910		187
386		156		90145		187
387		160		90377		184
388		165		90616		188
389		180		90847		188
390		183		91076		185
391		168		91307		183
392		174		91540		182
393		172		91777		189
394		165		92010		192
395		169		92243		192
396		162		92481		189
397		155		92722		189
398		160		92951		188
399		158		93188		187
400		159		93422		186
401		152		93657		186
402		151		93892		183
403		140		94126		187
404		144		94356		187
405		150		94592		185
406		157		94830		186
407		162		95056		188
408		150		95291		187
409		150		95522		185
410		153		95752		189
411		156		95984		190
412		154		96215		186
413		153		96449		187
414		154		96684		186
415		157		96912		184
416		168		97146		187
417		159		97377		187
418		154		97609		187
419		146		97849		187
420		140		98087		190
421		143		98320		186
422		140		98549		190
423		141		98784		190
424		135		99014		189
425		136		99252		187
426		134		99488		189
427		136		99717		191
428		142		99954		193
429		142		100183		189
430		137		100422		189
431		141		100647		186
432		148		100884		189
433		150		101116		187
434		155		101358		188
435		154		101593		191
436		154		101826		189
437		155		102060		188
438		150		102296		191
439		147		102533		188
440		149		102763		187
441		155		102997		185
442		148		103231		191
443		140		103459		193
444		140		103689		191
445		139		103923		188
446		135		104159		188
447		135		104394		188
448		135		104625		191
449		138		104856		186
450		142		105088		188
451		138		105323		190
452		137		105555		188
453		137		105786		189
454		144		106021		185
455		146		106256		188
456		146		106486		190
457		150		106715		188
458		153		106951		186
459		145		107187		187
460		139		107417		189
461		135		107649		184
462		138		107876		189
463		134		108105		187
464		141		108342		182
465		130		108579		183
466		128		108802		183
467		133		109039		188
468		128		109269		187
469		130		109502		188
470		131		109738		191
471		129		109966		188
472		129		110200		190
473		129		110435		191
474		130		110667		188
475		127		110905		189
476		135		111140		185
477		123		111374		189
478		125		111608		188
479		124		111838		187
480		130		112073		190
481		125		112311		191
482		125		112540		189
483		129		112776		192
484		128		113008		189
485		130		113241		190
486		135		113474		186
487		135		113711		184
488		131		113944		185
489		130		114179		191
490		127		114411		191
491		132		114650		186
492		132		114879		187
493		132		115109		185
494		132		115344		189
495		128		115573		185
496		138		115799		183
497		149		116029		187
498		158		116266		186
499		163		116496		188
500		162		116737		187
501		164		116976		189
502		170		117215		189
503		165		117445		185
504		160		117679		190
505		147		117919		185
506		163		118155		187
507		163		118387		185
508		151		118624		191
509		158		118855		193
510		164		119080		189
511		162		119313		189
512		167		119545		188
513		167		119776		189
514		160		120012		187
515		161		120247		191
516		169		120480		191
517		159		120715		189
518		159		120945		184
519		160		121176		185
520		153		121408		188
521		156		121640		189
522		160		121875		184
523		166		122114		186
524		165		122348		185
525		161		122584		189
526		166		122820		188
527		170		123056		187
528		173		123290		188
529		176		123520		187
530		167		123753		188
531		168		123982		191
532		166		124214		188
533		154		124454		187
534		161		124680		189
535		148		124915		189
536		151		125146		186
537		148		125385		187
538		159		125617		194
539		155		125851		187
540		159		126081		186
541		166		126318		188
542		161		126554		188
543		151		126781		188
544		156		127012		190
545		153		127248		193
546		151		127473		189
547		158		127714		189
548		162		127949		189
549		166		128174		191
550		170		128416		191
551		162		128650		195
552		156		128886		189
553		153		129116		188
554		152		129353		185
555		153		129582		185
556		159		129819		187
557		159		130045		187
558		154		130273		182
559		152		130502		191
560		153		130730		190
561		148		130965		190
562		145		131200		185
563		142		131435		188
564		143		131666		185
565		148		131901		186
566		151		132129		185
567		148		132359		186
568		148		132592		188
569		152		132824		185
570		152		133055		184
571		150		133286		191
572		144		133519		189
573		148		133749		188
574		147		133979		186
575		137		134209		187
576		141		134444		185
577		144		134675		188
578		142		134902		188
579		142		135138		193
580		133		135371		189
581		141		135601		184
582		146		135830		184
583		147		136066		184
584		144		136303		188
585		149		136531		189
586		147		136766		190
587		153		136997		189
588		151		137225		182
589		146		137465		186
590		148		137690		190
591		152		137920		190
592		154		138156		191
593		160		138397		190
594		163		138632		184
595		160		138868		186
596		162		139096		188
597		167		139334		190
598		167		139566		185
599		168		139806		188
600		157		140036		192
601		162		140267		187
602		157		140497		190
603		163		140724		188
604		167		140955		190
605		172		141187		189
606		181		141423		187
607		183		141661		183
608		175		141892		193
609		164		142131		190
610		156		142371		185
611		171		142609		185
612		178		142838		193
613		189		143076		186
614		192		143314		186
615		186		143542		186
616		178		143778		188
617		173		144007		190
618		170		144240		188
619		167		144466		186
620		171		144694		187
621		179		144930		193
622		179		145161		188
623		183		145389		185
624		183		145621		187
625		178		145850		190
626		181		146079		184
627		177		146315		189
628		184		146550		188
629		193		146782		187
630		180		147016		188
631		188		147246		192
632		183		147477		189
633		185		147708		185
634		180		147939		182
635		186		148178		186
636		182		148408		189
637		180		148633		186
638		182		148863		193
639		186		149094		186
640		188		149331		184
641		186		149559		190
642		186		149795		183
643		203		150018		187
644		198		150252		188
645		195		150488		188
646		190		150725		190
647		183		150961		186
648		188		151197		183
649		191		151432		186
650		189		151667		189
651		196		151901		188
652		200		152125		185
653		192		152357		180
654		187		152592		189
655		189		152823		189
656		201		153059		192
657		188		153289		186
658		195		153524		183
659		184		153758		185
660		198		153992		190
661		203		154228		185
662		197		154464		188
663		192		154697		189
664		191		154934		183
665		189		155169		186
666		185		155406		187
667		185		155646		193
668		188		155878		186
669		186		156114		192
670		189		156351		187
671		195		156586		189
672		202		156819		190
673		198		157055		191
674		193		157284		191
675		185		157518		189
676		188		157749		191
677		182		157979		187
678		179		158213		189
679		173		158452		188
680		158		158687		186
681		162		158924		184
682		151		159157		189
683		146		159388		187
684		135		159614		189
685		139		159841		185
686		137		160071		189
687		134		160302		186
688		138		160541		186
689		140		160767		188
690		137		160994		185
691		137		161226		187
692		137		161461		189
693		130		161696		187
694		127		161929		188
695		125		162160		187
696		126		162395		187
697		124		162632		187
698		136		162867		190
699		130		163101		191
700		141		163331		190
701		139		163558		191
702		140		163788		189
703		144		164020		192
704		151		164257		185
705		151		164489		188
706		153		164720		188
707		153		164955		187
708		144		165179		191
709		149		165411		195
710		144		165646		187
711		150		165885		190
712		155		166120		188
713		135		166358		195
714		137		166585		192
715		145		166819		188
716		151		167050		191
717		144		167277		190
718		144		167514		189
719		147		167747		191
720		138		167977		187
721		139		168214		188
722		143		168447		188
723		136		168679		187
724		138		168918		186
725		137		169154		186
726		143		169385		186
727		142		169618		185
728		140		169855		187
729		138		170093		191
730		144		170326		183
731		148		170558		189
732		142		170796		183
733		142		171028		185
734		144		171262		185
735		146		171497		186
736		151		171730		188
737		155		171958		189
738		148		172186		189
739		147		172423		187
740		145		172652		191
741		150		172878		193
742		143		173114		190
743		146		173350		188
744		146		173582		189
745		141		173815		189
746		140		174048		187
747		141		174277		187
748		136		174509		189
749		135		174740		187
750		134		174974		188
751		130		175210		186
752		127		175445		186
753		134		175673		183
754		124		175905		187
755		128		176138		188
756		131		176376		186
757		127		176607		186
758		127		176838		188
759		128		177065		187
760		128		177301		184
761		116		177528		183
762		114		177760		186
763		121		177992		185
764		120		178221		186
765		122		178453		184
766		124		178675		186
767		124		178914		184
768		135		179148		191
769		129		179381		187
770		124		179609		190
771		128		179840		191
772		124		180072		189
773		121		180303		189
774		121		180538		186
775		122		180770		187
776		123		181004		188
777		123		181236		190
778		131		181467		189
779		129		181699		187
780		130		181933		186
781		124		182158		189
782		124		182391		186
783		119		182623		185
784		119		182853		188
785		120		183081		185
786		121		183315		185
787		117		183550		188
788		118		183784		191
789		119		184017		188
790		125		184248		191
791		117		184474		186
792		123		184711		189
793		121		184943		186
794		124		185174		189
795		126		185404		188
796		126		185637		184
797		122		185872		186
798		117		186105		184
799		118		186335		184
800		118		186560		184
801		117		186793		186
802		120		187031		189
803		117		187266		187
804		116		187498		186
805		113		187728		189
806		119		187958		190
807		114		188187		189
808		120		188419		189
809		122		188649		187
810		123		188879		189
811		115		189115		188
812		115		189348		189
813		114		189584		185
814		115		189810		188
815		119		190038		187
816		128		190266		187
817		128		190500		186
818		127		190731		190
819		125		190959		190
820		125		191192		188
821		119		191429		189
822		124		191656		187
823		127		191890		185
824		131		192121		187
825		128		192353		187
826		127		192581		189
827		123		192820		189
828		120		193050		187
829		122		193275		189
830		124		193506		187
831		126		193732		190
832		118		193968		187
833		121		194203		188
834		121		194427		188
835		123		194660		186
836		122		194896		188
837		123		195131		189
838		123		195364		188
839		122		195597		190
840		127		195830		186
841		127		196064		185
842		133		196303		186
843		128		196529		186
844		124		196763		188
845		122		196995		188
846		126		197227		187
847		125		197461		187
848		125		197685		186
849		129		197913		187
850		121		198143		186
851		121		198373		190
852		122		198604		189
853		122		198839		188
854		124		199074		188
855		131		199303		193
856		129		199542		189
857		130		199766		190
858		125		199997		191
859		123		200221		189
860		128		200454		190
861		124		200688		186
862		135		200924		190
863		126		201156		187
864		119		201393		189
865		118		201624		187
866		113		201858		188
867		115		202081		187
868		119		202309		186
869		121		202538		186
870		125		202763		188
871		125		202998		187
872		120		203224		185
873		121		203458		187
874		119		203696		187
875		120		203934		190
876		116		204168		190
877		123		204406		189
878		124		204633		189
879		119		204863		189
880		126		205092		186
881		128		205324		185
882		134		205557		186
883		133		205793		189
884		137		206020		186
885		133		206250		187
886		132		206492		187
887		128		206724		189
888		130		206958		187
889		131		207196		187
890		133		207424		185
891		133		207659		187
892		124		207897		187
893		120		208124		188
894		122		208357		186
895		117		208592		187
896		121		208828		184
897		120		209065		189
898		126		209293		188
899		120		209517		185
900		122		209750		185
901		120		209985		188
902		120		210219		186
903		120		210454		183
904		119		210688		185
905		125		210925		188
906		125		211162		188
907		130		211400		188
908		127		211634		190
909		128		211869		189
910		123		212097		187
911		121		212325		187
912		120		212565		188
913		124		212790		187
914		125		213020		188
915		122		213252		187
916		119		213486		189
917		120		213713		187
918		123		213946		185
919		121		214173		186
920		122		214404		188
921		132		214640		186
922		132		214873		188
923		133		215100		187
924		127		215336		188
925		130		215572		190
926		135		215809		186
927		132		216049		192
928		137		216279		186
929		146		216509		189
930		152		216738		185
931		145		216972		187
932		146		217201		189
933		137		217434		191
934		136		217668		188
935		141		217902		188
936		137		218134		186
937		139		218366		190
938		137		218600		186
939		136		218834		185
940		145		219074		188
941		140		219306		186
942		131		219537		187
943		132		219766		185
944		132		219992		188
945		134		220225		185
946		134		220455		185
947		135		220690		184
948		138		220920		184
949		128		221154		188
950		129		221385		189
951		125		221622		188
952		117		221855		189
953		123		222092		183
954		128		222319		187
955		130		222556		187
956		136		222786		183
957		134		223019		184
958		128		223248		186
959		128		223478		185
960		131		223708		185
961		139		223944		185
962		149		224179		187
963		152		224409		186
964		151		224643		183
965		161		224871		183
966		159		225099		189
967		160		225327		191
968		165		225562		193
969		173		225787		188
970		170		226024		188
971		177		226255		185
972		183		226488		188
973		178		226718		184
974		167		226955		187
975		163		227190		187
976		161		227422		188
977		158		227659		189
978		154		227900		184
979		156		228131		189
980		158		228361		188
981		165		228591		192
982		167		228831		188
983		169		229058		188
984		180		229293		185
985		180		229530		187
986		180		229754		183
987		186		229993		183
988		172		230226		188
989		176		230454		191
990		179		230682		187
991		187		230912		183
992		191		231147		188
993		195		231380		187
994		193		231616		185
995		206		231851		186
996		194		232083		191
997		199		232314		188
998		206		232553		191
999		216		232789		186
