# Migration is number of nodes that have changed color.

Round		Edge-Cut		Swaps		Migrations		Skipped
0		489		248		172
1		457		490		181
2		448		729		178
3		454		966		176
4		440		1209		192
5		423		1447		196
6		417		1691		188
7		410		1928		189
8		413		2173		199
9		432		2410		193
10		389		2646		190
11		430		2882		179
12		441		3123		181
13		412		3372		180
14		378		3614		180
15		399		3853		186
16		403		4086		190
17		411		4322		188
18		336		4555		186
19		319		4789		185
20		348		5024		186
21		404		5255		192
22		374		5498		174
23		380		5737		188
24		363		5968		186
25		360		6205		186
26		361		6443		184
27		346		6683		191
28		356		6917		194
29		364		7150		197
30		370		7388		189
31		344		7626		188
32		370		7864		187
33		374		8098		187
34		360		8331		188
35		389		8563		191
36		414		8801		185
37		432		9040		195
38		376		9276		188
39		386		9518		187
40		392		9763		189
41		406		10001		192
42		390		10238		190
43		417		10472		191
44		381		10706		199
45		370		10943		192
46		364		11180		188
47		352		11411		186
48		361		11638		183
49		346		11869		194
50		391		12103		183
51		409		12343		180
52		431		12582		182
53		374		12824		184
54		370		13060		188
55		358		13301		187
56		346		13535		185
57		353		13770		181
58		384		14005		179
59		417		14244		193
60		378		14486		191
61		387		14718		191
62		427		14954		186
63		419		15190		182
64		383		15429		191
65		377		15671		186
66		365		15897		180
67		384		16135		189
68		351		16366		189
69		356		16599		183
70		338		16827		188
71		331		17064		187
72		357		17300		191
73		391		17534		192
74		380		17772		186
75		355		18004		188
76		393		18236		186
77		374		18471		180
78		353		18708		190
79		403		18943		195
80		357		19177		188
81		328		19401		185
82		330		19626		194
83		308		19861		193
84		358		20098		188
85		318		20332		182
86		372		20558		192
87		301		20786		193
88		316		21014		189
89		301		21247		194
90		322		21472		187
91		307		21696		188
92		330		21924		193
93		277		22149		189
94		321		22381		189
95		298		22609		185
96		315		22833		189
97		306		23064		189
98		320		23294		190
99		284		23526		186
100		293		23747		189
101		301		23966		184
102		290		24193		185
103		338		24433		185
104		296		24666		192
105		301		24895		189
106		289		25119		186
107		267		25336		186
108		309		25566		183
109		386		25803		179
110		410		26037		189
111		398		26275		187
112		391		26510		190
113		392		26748		188
114		405		26984		183
115		335		27225		187
116		334		27463		185
117		342		27694		183
118		333		27925		193
119		299		28150		199
120		308		28378		191
121		354		28611		190
122		356		28843		193
123		351		29076		182
124		337		29315		190
125		360		29542		193
126		333		29777		195
127		351		30009		191
128		318		30247		185
129		318		30467		194
130		350		30705		188
131		348		30934		194
132		311		31165		192
133		327		31392		191
134		329		31628		193
135		330		31853		193
136		352		32084		186
137		349		32314		181
138		344		32546		192
139		334		32781		190
140		366		33008		181
141		338		33236		180
142		362		33454		185
143		338		33683		188
144		389		33911		186
145		387		34144		178
146		374		34380		186
147		372		34619		187
148		362		34849		188
149		321		35080		188
150		283		35310		189
151		276		35531		187
152		275		35756		188
153		285		35973		182
154		305		36195		193
155		320		36419		192
156		299		36645		188
157		302		36871		190
158		330		37106		187
159		332		37342		194
160		304		37566		192
161		301		37797		186
162		280		38027		188
163		294		38261		190
164		279		38482		190
165		279		38711		183
166		298		38936		178
167		307		39164		183
168		264		39380		188
169		272		39609		187
170		297		39836		183
171		251		40062		189
172		271		40288		190
173		232		40512		190
174		243		40727		189
175		232		40955		185
176		244		41177		191
177		247		41398		192
178		231		41625		189
179		254		41849		191
180		258		42064		187
181		228		42283		188
182		215		42489		188
183		217		42706		182
184		233		42925		187
185		228		43136		188
186		244		43362		189
187		250		43591		186
188		260		43809		186
189		268		44031		188
190		248		44255		188
191		290		44481		191
192		273		44710		188
193		260		44931		186
194		252		45151		188
195		220		45376		189
196		242		45597		189
197		262		45819		186
198		224		46048		190
199		224		46261		193
200		227		46470		185
201		252		46694		185
202		277		46916		185
203		252		47140		188
204		233		47370		190
205		224		47585		189
206		236		47798		186
207		249		48018		185
208		242		48236		190
209		254		48449		190
210		247		48675		190
211		235		48894		185
212		242		49112		191
213		230		49332		188
214		242		49553		188
215		251		49774		189
216		219		50004		189
217		238		50219		196
218		210		50441		189
219		212		50662		188
220		224		50873		192
221		227		51093		191
222		220		51300		190
223		220		51519		192
224		239		51736		187
225		266		51956		189
226		242		52177		185
227		238		52395		182
228		230		52609		189
229		205		52832		186
230		229		53051		185
231		219		53263		188
232		224		53486		186
233		226		53713		186
234		237		53940		189
235		232		54158		182
236		218		54377		181
237		236		54591		188
238		213		54810		184
239		231		55029		182
240		255		55253		185
241		229		55476		187
242		262		55697		191
243		259		55906		186
244		240		56135		190
245		236		56354		191
246		215		56580		191
247		246		56811		186
248		228		57037		181
249		222		57258		186
250		267		57491		191
251		196		57713		191
252		206		57936		192
253		191		58159		190
254		192		58384		189
255		199		58606		188
256		200		58824		188
257		222		59034		183
258		258		59258		186
259		270		59488		189
260		226		59701		192
261		220		59923		191
262		195		60144		194
263		191		60366		189
264		191		60579		187
265		187		60788		186
266		189		61015		186
267		206		61227		190
268		205		61432		192
269		229		61649		185
270		212		61862		184
271		186		62080		185
272		208		62283		187
273		203		62504		192
274		186		62719		190
275		190		62931		192
276		210		63148		184
277		224		63367		185
278		223		63582		181
279		223		63794		185
280		221		64011		188
281		234		64241		186
282		204		64465		188
283		210		64680		189
284		199		64907		184
285		196		65126		187
286		201		65333		192
287		188		65550		188
288		169		65756		184
289		153		65966		185
290		172		66173		187
291		195		66391		186
292		176		66610		185
293		208		66814		183
294		195		67035		189
295		183		67242		183
296		176		67467		186
297		177		67680		185
298		181		67900		189
299		193		68125		189
300		191		68347		181
301		160		68561		184
302		171		68771		183
303		172		68985		181
304		182		69195		186
305		189		69402		188
306		176		69626		190
307		174		69833		184
308		172		70052		188
309		152		70272		191
310		180		70488		192
311		210		70698		191
312		225		70919		186
313		204		71139		192
314		216		71352		193
315		213		71572		189
316		201		71785		189
317		194		71995		190
318		182		72215		185
319		172		72432		188
320		187		72652		188
321		174		72867		192
322		173		73079		188
323		182		73296		187
324		163		73512		192
325		170		73731		194
326		157		73947		193
327		171		74148		189
328		170		74367		185
329		174		74580		185
330		171		74787		189
331		178		75002		189
332		169		75202		183
333		166		75425		185
334		176		75642		187
335		181		75852		189
336		166		76062		190
337		169		76270		191
338		183		76492		188
339		196		76715		189
340		180		76926		189
341		169		77139		190
342		174		77358		187
343		166		77568		183
344		166		77784		183
345		183		77993		182
346		186		78198		183
347		192		78415		183
348		188		78626		187
349		206		78845		183
350		209		79049		186
351		198		79275		188
352		179		79486		187
353		163		79690		188
354		150		79896		187
355		147		80101		184
356		157		80314		188
357		156		80518		187
358		163		80738		188
359		163		80958		187
360		167		81168		185
361		179		81377		182
362		175		81580		184
363		180		81795		189
364		188		82011		186
365		182		82233		183
366		193		82437		186
367		177		82659		189
368		174		82876		187
369		173		83090		184
370		171		83305		184
371		157		83510		186
372		159		83724		189
373		160		83939		188
374		155		84150		187
375		156		84369		185
376		147		84578		189
377		157		84798		190
378		167		84998		186
379		157		85202		187
380		163		85413		186
381		173		85629		181
382		161		85848		187
383		166		86061		186
384		169		86270		190
385		169		86480		186
386		172		86697		187
387		168		86910		190
388		183		87113		185
389		182		87318		181
390		166		87529		181
391		175		87743		182
392		175		87954		187
393		167		88159		183
394		171		88366		187
395		167		88581		187
396		155		88787		185
397		158		88994		187
398		158		89205		187
399		149		89408		187
400		151		89623		185
401		152		89832		186
402		144		90045		190
403		147		90252		190
404		149		90464		190
405		143		90665		189
406		141		90870		185
407		137		91064		185
408		133		91288		184
409		133		91499		185
410		140		91705		185
411		142		91914		186
412		134		92117		186
413		128		92332		185
414		130		92545		187
415		134		92748		185
416		127		92962		185
417		127		93167		185
418		130		93379		185
419		131		93581		187
420		129		93794		186
421		129		94004		188
422		124		94216		187
423		135		94427		187
424		135		94637		187
425		134		94837		187
426		134		95038		188
427		130		95243		186
428		132		95449		187
429		132		95650		187
430		132		95860		186
431		124		96069		185
432		118		96273		188
433		128		96478		192
434		123		96693		190
435		127		96898		189
436		124		97098		188
437		121		97301		187
438		119		97512		188
439		120		97718		187
440		121		97920		188
441		120		98124		190
442		120		98328		188
443		120		98525		188
444		117		98730		189
445		119		98936		190
446		106		99123		189
447		106		99322		189
448		106		99533		189
449		106		99729		189
450		107		99941		190
451		105		100150		188
452		105		100363		188
453		105		100567		189
454		105		100771		189
455		108		100977		188
456		105		101177		189
457		105		101387		189
458		105		101581		189
459		106		101789		190
460		106		101997		190
461		106		102206		190
462		106		102410		190
463		106		102620		190
464		106		102817		190
465		106		103021		190
466		104		103226		190
467		104		103418		190
468		100		103636		190
469		102		103843		189
470		99		104054		189
471		99		104261		188
472		103		104466		187
473		101		104673		189
474		101		104874		189
475		101		105089		189
476		101		105303		189
477		101		105517		189
478		102		105716		189
479		100		105717		189
480		98		105718		188
481		97		105719		188
482		97		105719		188
483		97		105719		188
484		97		105719		188
485		97		105719		188
486		97		105719		188
487		97		105719		188
488		97		105719		188
489		97		105719		188
490		97		105719		188
491		97		105719		188
492		97		105719		188
493		97		105719		188
494		97		105719		188
495		97		105719		188
496		97		105719		188
497		98		105720		188
498		98		105720		188
499		98		105720		188
500		98		105720		188
501		98		105720		188
502		98		105720		188
503		98		105720		188
504		98		105720		188
505		98		105720		188
506		98		105720		188
507		98		105720		188
508		98		105720		188
509		98		105720		188
510		98		105720		188
511		98		105720		188
512		97		105721		189
513		97		105721		189
514		97		105721		189
515		97		105721		189
516		97		105721		189
517		97		105721		189
518		97		105721		189
519		97		105721		189
520		93		105722		188
521		93		105722		188
522		93		105722		188
523		93		105722		188
524		93		105722		188
525		93		105722		188
526		93		105722		188
527		93		105722		188
528		93		105722		188
529		93		105722		188
530		93		105722		188
531		93		105722		188
532		93		105722		188
533		93		105722		188
534		93		105722		188
535		93		105722		188
536		93		105722		188
537		93		105722		188
538		93		105722		188
539		93		105722		188
540		93		105722		188
541		93		105722		188
542		93		105722		188
543		93		105722		188
544		93		105722		188
545		93		105722		188
546		93		105722		188
547		93		105722		188
548		93		105722		188
549		93		105722		188
550		93		105722		188
551		93		105722		188
552		93		105722		188
553		93		105722		188
554		93		105722		188
555		93		105722		188
556		93		105722		188
557		93		105722		188
558		93		105722		188
559		93		105722		188
560		93		105722		188
561		93		105722		188
562		93		105722		188
563		93		105722		188
564		93		105722		188
565		93		105722		188
566		93		105722		188
567		93		105722		188
568		93		105722		188
569		93		105722		188
570		93		105722		188
571		93		105722		188
572		93		105722		188
573		93		105722		188
574		93		105722		188
575		93		105722		188
576		93		105722		188
577		93		105722		188
578		93		105722		188
579		93		105722		188
580		93		105722		188
581		93		105722		188
582		93		105722		188
583		93		105722		188
584		93		105722		188
585		93		105722		188
586		93		105722		188
587		93		105722		188
588		93		105722		188
589		93		105722		188
590		93		105722		188
591		93		105722		188
592		93		105722		188
593		93		105722		188
594		93		105722		188
595		93		105722		188
596		93		105722		188
597		93		105722		188
598		93		105722		188
599		93		105722		188
600		93		105722		188
601		93		105722		188
602		93		105722		188
603		93		105722		188
604		93		105722		188
605		93		105722		188
606		93		105722		188
607		93		105722		188
608		93		105722		188
609		93		105722		188
610		93		105722		188
611		93		105722		188
612		93		105722		188
613		93		105722		188
614		93		105722		188
615		93		105722		188
616		93		105722		188
617		93		105722		188
618		93		105722		188
619		93		105722		188
620		93		105722		188
621		93		105722		188
622		93		105722		188
623		93		105722		188
624		93		105722		188
625		93		105722		188
626		93		105722		188
627		93		105722		188
628		93		105722		188
629		93		105722		188
630		93		105722		188
631		93		105722		188
632		93		105722		188
633		93		105722		188
634		93		105722		188
635		93		105722		188
636		93		105722		188
637		93		105722		188
638		93		105722		188
639		93		105722		188
640		93		105722		188
641		93		105722		188
642		93		105722		188
643		93		105722		188
644		93		105722		188
645		93		105722		188
646		93		105722		188
647		93		105722		188
648		93		105722		188
649		93		105722		188
650		93		105722		188
651		93		105722		188
652		93		105722		188
653		93		105722		188
654		93		105722		188
655		93		105722		188
656		93		105722		188
657		93		105722		188
658		93		105722		188
659		93		105722		188
660		93		105722		188
661		93		105722		188
662		93		105722		188
663		93		105722		188
664		93		105722		188
665		93		105722		188
666		93		105722		188
667		93		105722		188
668		93		105722		188
669		93		105722		188
670		93		105722		188
671		93		105722		188
672		93		105722		188
673		93		105722		188
674		93		105722		188
675		93		105722		188
676		93		105722		188
677		93		105722		188
678		93		105722		188
679		93		105722		188
680		93		105722		188
681		93		105722		188
682		93		105722		188
683		93		105722		188
684		93		105722		188
685		93		105722		188
686		93		105722		188
687		93		105722		188
688		93		105722		188
689		93		105722		188
690		93		105722		188
691		93		105722		188
692		93		105722		188
693		93		105722		188
694		93		105722		188
695		93		105722		188
696		93		105722		188
697		93		105722		188
698		93		105722		188
699		93		105722		188
700		93		105722		188
701		93		105722		188
702		93		105722		188
703		93		105722		188
704		93		105722		188
705		93		105722		188
706		93		105722		188
707		93		105722		188
708		93		105722		188
709		93		105722		188
710		93		105722		188
711		93		105722		188
712		93		105722		188
713		93		105722		188
714		93		105722		188
715		93		105722		188
716		93		105722		188
717		93		105722		188
718		93		105722		188
719		93		105722		188
720		93		105722		188
721		93		105722		188
722		93		105722		188
723		93		105722		188
724		93		105722		188
725		93		105722		188
726		93		105722		188
727		93		105722		188
728		93		105722		188
729		93		105722		188
730		93		105722		188
731		93		105722		188
732		93		105722		188
733		93		105722		188
734		93		105722		188
735		93		105722		188
736		93		105722		188
737		93		105722		188
738		93		105722		188
739		93		105722		188
740		93		105722		188
741		93		105722		188
742		93		105722		188
743		93		105722		188
744		93		105722		188
745		93		105722		188
746		93		105722		188
747		93		105722		188
748		93		105722		188
749		93		105722		188
750		93		105722		188
751		93		105722		188
752		93		105722		188
753		93		105722		188
754		93		105722		188
755		93		105722		188
756		93		105722		188
757		93		105722		188
758		93		105722		188
759		93		105722		188
760		93		105722		188
761		93		105722		188
762		93		105722		188
763		93		105722		188
764		93		105722		188
765		93		105722		188
766		93		105722		188
767		93		105722		188
768		93		105722		188
769		93		105722		188
770		93		105722		188
771		93		105722		188
772		93		105722		188
773		93		105722		188
774		93		105722		188
775		93		105722		188
776		93		105722		188
777		93		105722		188
778		93		105722		188
779		93		105722		188
780		93		105722		188
781		93		105722		188
782		93		105722		188
783		93		105722		188
784		93		105722		188
785		93		105722		188
786		93		105722		188
787		93		105722		188
788		93		105722		188
789		93		105722		188
790		93		105722		188
791		93		105722		188
792		93		105722		188
793		93		105722		188
794		93		105722		188
795		93		105722		188
796		93		105722		188
797		93		105722		188
798		93		105722		188
799		93		105722		188
800		93		105722		188
801		93		105722		188
802		93		105722		188
803		93		105722		188
804		93		105722		188
805		93		105722		188
806		93		105722		188
807		93		105722		188
808		93		105722		188
809		93		105722		188
810		93		105722		188
811		93		105722		188
812		93		105722		188
813		93		105722		188
814		93		105722		188
815		93		105722		188
816		93		105722		188
817		93		105722		188
818		93		105722		188
819		93		105722		188
820		93		105722		188
821		93		105722		188
822		93		105722		188
823		93		105722		188
824		93		105722		188
825		93		105722		188
826		93		105722		188
827		93		105722		188
828		93		105722		188
829		93		105722		188
830		93		105722		188
831		93		105722		188
832		93		105722		188
833		93		105722		188
834		93		105722		188
835		93		105722		188
836		93		105722		188
837		93		105722		188
838		93		105722		188
839		93		105722		188
840		93		105722		188
841		93		105722		188
842		93		105722		188
843		93		105722		188
844		93		105722		188
845		93		105722		188
846		93		105722		188
847		93		105722		188
848		93		105722		188
849		93		105722		188
850		93		105722		188
851		93		105722		188
852		93		105722		188
853		93		105722		188
854		93		105722		188
855		93		105722		188
856		93		105722		188
857		93		105722		188
858		93		105722		188
859		93		105722		188
860		93		105722		188
861		93		105722		188
862		93		105722		188
863		93		105722		188
864		93		105722		188
865		93		105722		188
866		93		105722		188
867		93		105722		188
868		93		105722		188
869		93		105722		188
870		93		105722		188
871		93		105722		188
872		93		105722		188
873		93		105722		188
874		93		105722		188
875		93		105722		188
876		93		105722		188
877		93		105722		188
878		93		105722		188
879		93		105722		188
880		93		105722		188
881		93		105722		188
882		93		105722		188
883		93		105722		188
884		93		105722		188
885		93		105722		188
886		93		105722		188
887		93		105722		188
888		93		105722		188
889		93		105722		188
890		93		105722		188
891		93		105722		188
892		93		105722		188
893		93		105722		188
894		93		105722		188
895		93		105722		188
896		93		105722		188
897		93		105722		188
898		93		105722		188
899		93		105722		188
900		93		105722		188
901		93		105722		188
902		93		105722		188
903		93		105722		188
904		93		105722		188
905		93		105722		188
906		93		105722		188
907		93		105722		188
908		93		105722		188
909		93		105722		188
910		93		105722		188
911		93		105722		188
912		93		105722		188
913		93		105722		188
914		93		105722		188
915		93		105722		188
916		93		105722		188
917		93		105722		188
918		93		105722		188
919		93		105722		188
920		93		105722		188
921		93		105722		188
922		93		105722		188
923		93		105722		188
924		93		105722		188
925		93		105722		188
926		93		105722		188
927		93		105722		188
928		93		105722		188
929		93		105722		188
930		93		105722		188
931		93		105722		188
932		93		105722		188
933		93		105722		188
934		93		105722		188
935		93		105722		188
936		93		105722		188
937		93		105722		188
938		93		105722		188
939		93		105722		188
940		93		105722		188
941		93		105722		188
942		93		105722		188
943		93		105722		188
944		93		105722		188
945		93		105722		188
946		93		105722		188
947		93		105722		188
948		93		105722		188
949		93		105722		188
950		93		105722		188
951		93		105722		188
952		93		105722		188
953		93		105722		188
954		93		105722		188
955		93		105722		188
956		93		105722		188
957		93		105722		188
958		93		105722		188
959		93		105722		188
960		93		105722		188
961		93		105722		188
962		93		105722		188
963		93		105722		188
964		93		105722		188
965		93		105722		188
966		93		105722		188
967		93		105722		188
968		93		105722		188
969		93		105722		188
970		93		105722		188
971		93		105722		188
972		93		105722		188
973		93		105722		188
974		93		105722		188
975		93		105722		188
976		93		105722		188
977		93		105722		188
978		93		105722		188
979		93		105722		188
980		93		105722		188
981		93		105722		188
982		93		105722		188
983		93		105722		188
984		93		105722		188
985		93		105722		188
986		93		105722		188
987		93		105722		188
988		93		105722		188
989		93		105722		188
990		93		105722		188
991		93		105722		188
992		93		105722		188
993		93		105722		188
994		93		105722		188
995		93		105722		188
996		93		105722		188
997		93		105722		188
998		93		105722		188
999		93		105722		188
