# Migration is number of nodes that have changed color.

Round		Edge-Cut		Swaps		Migrations		Skipped
0		461		237		155
1		345		464		179
2		308		675		181
3		304		899		186
4		283		1112		188
5		276		1323		190
6		254		1533		188
7		244		1742		188
8		229		1949		189
9		223		2158		186
10		224		2367		189
11		226		2575		188
12		218		2786		188
13		210		2996		189
14		210		3189		189
15		205		3398		190
16		205		3607		191
17		206		3817		190
18		203		4017		187
19		181		4216		183
20		178		4431		183
21		174		4642		184
22		174		4851		182
23		174		5062		183
24		174		5276		183
25		174		5482		183
26		172		5687		183
27		172		5903		183
28		168		6112		183
29		157		6318		184
30		157		6530		183
31		157		6739		183
32		158		6953		183
33		158		7161		183
34		158		7372		183
35		156		7580		185
36		157		7786		186
37		157		8002		186
38		154		8216		184
39		154		8417		184
40		156		8629		184
41		156		8835		184
42		154		9037		182
43		152		9236		181
44		152		9448		181
45		148		9662		182
46		152		9862		184
47		152		10072		184
48		152		10277		184
49		152		10483		184
50		148		10686		186
51		148		10885		186
52		148		11082		186
53		148		11286		186
54		148		11488		186
55		148		11687		186
56		148		11889		186
57		150		12103		184
58		152		12311		185
59		152		12515		185
60		154		12723		186
61		154		12929		186
62		150		13139		184
63		150		13355		184
64		146		13563		185
65		146		13773		185
66		146		13982		185
67		146		14189		184
68		146		14393		184
69		146		14588		183
70		146		14796		183
71		146		15014		183
72		146		15221		183
73		148		15427		182
74		148		15638		182
75		148		15848		183
76		146		16060		184
77		146		16263		184
78		146		16457		184
79		146		16664		184
80		146		16867		184
81		146		17077		184
82		146		17279		184
83		146		17477		184
84		146		17678		184
85		146		17877		184
86		146		18078		184
87		146		18279		184
88		146		18488		184
89		146		18695		184
90		146		18903		184
91		146		19111		184
92		146		19325		184
93		146		19532		184
94		146		19737		184
95		146		19947		184
96		148		20158		184
97		148		20367		184
98		148		20581		184
99		148		20782		185
100		148		20982		184
101		148		21185		184
102		150		21395		182
103		150		21599		183
104		150		21810		183
105		150		22018		183
106		150		22223		183
107		150		22435		182
108		150		22641		182
109		150		22845		182
110		152		23046		183
111		154		23250		185
112		154		23451		185
113		153		23649		184
114		151		23859		186
115		153		24074		185
116		157		24275		184
117		157		24481		184
118		159		24684		184
119		159		24885		184
120		160		24886		185
121		160		24886		185
122		160		24886		185
123		162		24887		185
124		157		24890		186
125		153		24891		184
126		153		24891		184
127		153		24891		184
128		153		24891		184
129		153		24891		184
130		153		24892		183
131		153		24893		185
132		154		24894		184
133		153		24895		183
134		153		24895		183
135		150		24896		184
136		150		24896		184
137		150		24896		184
138		151		24897		186
139		149		24898		187
140		149		24898		187
141		148		24899		187
142		149		24900		187
143		150		24901		186
144		150		24901		186
145		150		24901		186
146		147		24902		185
147		147		24902		185
148		145		24903		186
149		145		24903		186
150		145		24903		186
151		146		24904		186
152		146		24904		186
153		146		24904		186
154		147		24905		186
155		148		24906		185
156		147		24907		184
157		142		24908		183
158		142		24908		183
159		141		24910		183
160		140		24912		184
161		140		24912		184
162		140		24912		184
163		140		24912		184
164		137		24913		184
165		137		24913		184
166		137		24914		185
167		137		24915		186
168		137		24915		186
169		137		24915		186
170		137		24915		186
171		137		24916		185
172		137		24916		185
173		137		24917		186
174		137		24917		186
175		137		24918		186
176		137		24918		186
177		138		24919		186
178		138		24919		186
179		138		24919		186
180		138		24919		186
181		138		24920		187
182		138		24920		187
183		138		24920		187
184		138		24920		187
185		138		24920		187
186		138		24921		185
187		138		24921		185
188		139		24922		184
189		139		24922		184
190		139		24922		184
191		139		24924		185
192		139		24926		186
193		137		24927		188
194		129		24930		186
195		129		24930		186
196		129		24930		186
197		129		24931		186
198		126		24934		186
199		123		24935		186
200		123		24935		186
201		123		24935		186
202		123		24935		186
203		123		24935		186
204		123		24935		186
205		123		24935		186
206		123		24935		186
207		123		24935		186
208		123		24935		186
209		123		24935		186
210		123		24935		186
211		123		24935		186
212		123		24935		186
213		123		24935		186
214		123		24935		186
215		123		24935		186
216		123		24935		186
217		123		24935		186
218		123		24935		186
219		120		24936		187
220		120		24936		187
221		120		24936		187
222		116		24937		187
223		116		24937		187
224		116		24937		187
225		116		24937		187
226		116		24937		187
227		116		24937		187
228		116		24937		187
229		116		24937		187
230		115		24938		188
231		115		24938		188
232		115		24938		188
233		115		24938		188
234		115		24938		188
235		115		24938		188
236		115		24938		188
237		115		24938		188
238		115		24938		188
239		115		24938		188
240		115		24938		188
241		115		24938		188
242		115		24938		188
243		115		24938		188
244		115		24938		188
245		115		24938		188
246		115		24938		188
247		115		24938		188
248		115		24938		188
249		115		24938		188
250		115		24938		188
251		115		24938		188
252		115		24938		188
253		115		24938		188
254		115		24938		188
255		115		24938		188
256		115		24938		188
257		115		24938		188
258		115		24938		188
259		115		24938		188
260		115		24938		188
261		115		24938		188
262		115		24938		188
263		115		24938		188
264		115		24938		188
265		115		24938		188
266		115		24938		188
267		115		24938		188
268		115		24938		188
269		115		24938		188
270		115		24938		188
271		115		24938		188
272		115		24938		188
273		115		24938		188
274		115		24938		188
275		115		24938		188
276		115		24938		188
277		115		24938		188
278		115		24938		188
279		115		24938		188
280		115		24938		188
281		115		24938		188
282		115		24938		188
283		115		24938		188
284		115		24938		188
285		115		24938		188
286		115		24938		188
287		115		24938		188
288		115		24938		188
289		115		24938		188
290		115		24938		188
291		115		24938		188
292		115		24938		188
293		115		24938		188
294		115		24938		188
295		115		24938		188
296		115		24938		188
297		115		24938		188
298		115		24938		188
299		115		24938		188
300		115		24938		188
301		115		24938		188
302		115		24938		188
303		115		24938		188
304		115		24938		188
305		115		24938		188
306		115		24938		188
307		115		24938		188
308		115		24938		188
309		115		24938		188
310		115		24938		188
311		115		24938		188
312		115		24938		188
313		115		24938		188
314		115		24938		188
315		115		24938		188
316		115		24938		188
317		115		24938		188
318		115		24938		188
319		115		24938		188
320		115		24938		188
321		115		24938		188
322		115		24938		188
323		115		24938		188
324		115		24938		188
325		115		24938		188
326		115		24938		188
327		115		24938		188
328		115		24938		188
329		115		24938		188
330		115		24938		188
331		115		24938		188
332		115		24938		188
333		115		24938		188
334		115		24938		188
335		115		24938		188
336		115		24938		188
337		115		24938		188
338		115		24938		188
339		115		24938		188
340		115		24938		188
341		115		24938		188
342		115		24938		188
343		115		24938		188
344		115		24938		188
345		115		24938		188
346		115		24938		188
347		115		24938		188
348		115		24938		188
349		115		24938		188
350		115		24938		188
351		115		24938		188
352		115		24938		188
353		115		24938		188
354		115		24938		188
355		115		24938		188
356		115		24938		188
357		115		24938		188
358		115		24938		188
359		115		24938		188
360		115		24938		188
361		115		24938		188
362		115		24938		188
363		115		24938		188
364		115		24938		188
365		115		24938		188
366		115		24938		188
367		115		24938		188
368		115		24938		188
369		115		24938		188
370		115		24938		188
371		115		24938		188
372		115		24938		188
373		115		24938		188
374		115		24938		188
375		115		24938		188
376		115		24938		188
377		115		24938		188
378		115		24938		188
379		115		24938		188
380		115		24938		188
381		115		24938		188
382		115		24938		188
383		115		24938		188
384		115		24938		188
385		115		24938		188
386		115		24938		188
387		115		24938		188
388		115		24938		188
389		115		24938		188
390		115		24938		188
391		115		24938		188
392		115		24938		188
393		115		24938		188
394		115		24938		188
395		115		24938		188
396		115		24938		188
397		115		24938		188
398		115		24938		188
399		115		24938		188
400		115		24938		188
401		115		24938		188
402		115		24938		188
403		115		24938		188
404		115		24938		188
405		115		24938		188
406		115		24938		188
407		115		24938		188
408		115		24938		188
409		115		24938		188
410		115		24938		188
411		115		24938		188
412		115		24938		188
413		115		24938		188
414		115		24938		188
415		115		24938		188
416		115		24938		188
417		115		24938		188
418		115		24938		188
419		115		24938		188
420		115		24938		188
421		115		24938		188
422		115		24938		188
423		115		24938		188
424		115		24938		188
425		115		24938		188
426		115		24938		188
427		115		24938		188
428		115		24938		188
429		115		24938		188
430		115		24938		188
431		115		24938		188
432		115		24938		188
433		115		24938		188
434		115		24938		188
435		115		24938		188
436		115		24938		188
437		115		24938		188
438		115		24938		188
439		115		24938		188
440		115		24938		188
441		115		24938		188
442		115		24938		188
443		115		24938		188
444		115		24938		188
445		115		24938		188
446		115		24938		188
447		115		24938		188
448		115		24938		188
449		115		24938		188
450		115		24938		188
451		115		24938		188
452		115		24938		188
453		115		24938		188
454		115		24938		188
455		115		24938		188
456		115		24938		188
457		115		24938		188
458		115		24938		188
459		115		24938		188
460		115		24938		188
461		115		24938		188
462		115		24938		188
463		115		24938		188
464		115		24938		188
465		115		24938		188
466		115		24938		188
467		115		24938		188
468		115		24938		188
469		115		24938		188
470		115		24938		188
471		115		24938		188
472		115		24938		188
473		115		24938		188
474		115		24938		188
475		115		24938		188
476		115		24938		188
477		115		24938		188
478		115		24938		188
479		115		24938		188
480		115		24938		188
481		115		24938		188
482		115		24938		188
483		115		24938		188
484		115		24938		188
485		115		24938		188
486		115		24938		188
487		115		24938		188
488		115		24938		188
489		115		24938		188
490		115		24938		188
491		115		24938		188
492		115		24938		188
493		115		24938		188
494		115		24938		188
495		115		24938		188
496		115		24938		188
497		115		24938		188
498		115		24938		188
499		115		24938		188
500		115		24938		188
501		115		24938		188
502		115		24938		188
503		115		24938		188
504		115		24938		188
505		115		24938		188
506		115		24938		188
507		115		24938		188
508		115		24938		188
509		115		24938		188
510		115		24938		188
511		115		24938		188
512		115		24938		188
513		115		24938		188
514		115		24938		188
515		115		24938		188
516		115		24938		188
517		115		24938		188
518		115		24938		188
519		115		24938		188
520		115		24938		188
521		115		24938		188
522		115		24938		188
523		115		24938		188
524		115		24938		188
525		115		24938		188
526		115		24938		188
527		115		24938		188
528		115		24938		188
529		115		24938		188
530		115		24938		188
531		115		24938		188
532		115		24938		188
533		115		24938		188
534		115		24938		188
535		115		24938		188
536		115		24938		188
537		115		24938		188
538		115		24938		188
539		115		24938		188
540		115		24938		188
541		115		24938		188
542		115		24938		188
543		115		24938		188
544		115		24938		188
545		115		24938		188
546		115		24938		188
547		115		24938		188
548		115		24938		188
549		115		24938		188
550		115		24938		188
551		115		24938		188
552		115		24938		188
553		115		24938		188
554		115		24938		188
555		115		24938		188
556		115		24938		188
557		115		24938		188
558		115		24938		188
559		115		24938		188
560		115		24938		188
561		115		24938		188
562		115		24938		188
563		115		24938		188
564		115		24938		188
565		115		24938		188
566		115		24938		188
567		115		24938		188
568		115		24938		188
569		115		24938		188
570		115		24938		188
571		115		24938		188
572		115		24938		188
573		115		24938		188
574		115		24938		188
575		115		24938		188
576		115		24938		188
577		115		24938		188
578		115		24938		188
579		115		24938		188
580		115		24938		188
581		115		24938		188
582		115		24938		188
583		115		24938		188
584		115		24938		188
585		115		24938		188
586		115		24938		188
587		115		24938		188
588		115		24938		188
589		115		24938		188
590		115		24938		188
591		115		24938		188
592		115		24938		188
593		115		24938		188
594		115		24938		188
595		115		24938		188
596		115		24938		188
597		115		24938		188
598		115		24938		188
599		115		24938		188
600		115		24938		188
601		115		24938		188
602		115		24938		188
603		115		24938		188
604		115		24938		188
605		115		24938		188
606		115		24938		188
607		115		24938		188
608		115		24938		188
609		115		24938		188
610		115		24938		188
611		115		24938		188
612		115		24938		188
613		115		24938		188
614		115		24938		188
615		115		24938		188
616		115		24938		188
617		115		24938		188
618		115		24938		188
619		115		24938		188
620		115		24938		188
621		115		24938		188
622		115		24938		188
623		115		24938		188
624		115		24938		188
625		115		24938		188
626		115		24938		188
627		115		24938		188
628		115		24938		188
629		115		24938		188
630		115		24938		188
631		115		24938		188
632		115		24938		188
633		115		24938		188
634		115		24938		188
635		115		24938		188
636		115		24938		188
637		115		24938		188
638		115		24938		188
639		115		24938		188
640		115		24938		188
641		115		24938		188
642		115		24938		188
643		115		24938		188
644		115		24938		188
645		115		24938		188
646		115		24938		188
647		115		24938		188
648		115		24938		188
649		115		24938		188
650		115		24938		188
651		115		24938		188
652		115		24938		188
653		115		24938		188
654		115		24938		188
655		115		24938		188
656		115		24938		188
657		115		24938		188
658		115		24938		188
659		115		24938		188
660		115		24938		188
661		115		24938		188
662		115		24938		188
663		115		24938		188
664		115		24938		188
665		115		24938		188
666		115		24938		188
667		115		24938		188
668		115		24938		188
669		115		24938		188
670		115		24938		188
671		115		24938		188
672		115		24938		188
673		115		24938		188
674		115		24938		188
675		115		24938		188
676		115		24938		188
677		115		24938		188
678		115		24938		188
679		115		24938		188
680		115		24938		188
681		115		24938		188
682		115		24938		188
683		115		24938		188
684		115		24938		188
685		115		24938		188
686		115		24938		188
687		115		24938		188
688		115		24938		188
689		115		24938		188
690		115		24938		188
691		115		24938		188
692		115		24938		188
693		115		24938		188
694		115		24938		188
695		115		24938		188
696		115		24938		188
697		115		24938		188
698		115		24938		188
699		115		24938		188
700		115		24938		188
701		115		24938		188
702		115		24938		188
703		115		24938		188
704		115		24938		188
705		115		24938		188
706		115		24938		188
707		115		24938		188
708		115		24938		188
709		115		24938		188
710		115		24938		188
711		115		24938		188
712		115		24938		188
713		115		24938		188
714		115		24938		188
715		115		24938		188
716		115		24938		188
717		115		24938		188
718		115		24938		188
719		115		24938		188
720		115		24938		188
721		115		24938		188
722		115		24938		188
723		115		24938		188
724		115		24938		188
725		115		24938		188
726		115		24938		188
727		115		24938		188
728		115		24938		188
729		115		24938		188
730		115		24938		188
731		115		24938		188
732		115		24938		188
733		115		24938		188
734		115		24938		188
735		115		24938		188
736		115		24938		188
737		115		24938		188
738		115		24938		188
739		115		24938		188
740		115		24938		188
741		115		24938		188
742		115		24938		188
743		115		24938		188
744		115		24938		188
745		115		24938		188
746		115		24938		188
747		115		24938		188
748		115		24938		188
749		115		24938		188
750		115		24938		188
751		115		24938		188
752		115		24938		188
753		115		24938		188
754		115		24938		188
755		115		24938		188
756		115		24938		188
757		115		24938		188
758		115		24938		188
759		115		24938		188
760		115		24938		188
761		115		24938		188
762		115		24938		188
763		115		24938		188
764		115		24938		188
765		115		24938		188
766		115		24938		188
767		115		24938		188
768		115		24938		188
769		115		24938		188
770		115		24938		188
771		115		24938		188
772		115		24938		188
773		115		24938		188
774		115		24938		188
775		115		24938		188
776		115		24938		188
777		115		24938		188
778		115		24938		188
779		115		24938		188
780		115		24938		188
781		115		24938		188
782		115		24938		188
783		115		24938		188
784		115		24938		188
785		115		24938		188
786		115		24938		188
787		115		24938		188
788		115		24938		188
789		115		24938		188
790		115		24938		188
791		115		24938		188
792		115		24938		188
793		115		24938		188
794		115		24938		188
795		115		24938		188
796		115		24938		188
797		115		24938		188
798		115		24938		188
799		115		24938		188
800		115		24938		188
801		115		24938		188
802		115		24938		188
803		115		24938		188
804		115		24938		188
805		115		24938		188
806		115		24938		188
807		115		24938		188
808		115		24938		188
809		115		24938		188
810		115		24938		188
811		115		24938		188
812		115		24938		188
813		115		24938		188
814		115		24938		188
815		115		24938		188
816		115		24938		188
817		115		24938		188
818		115		24938		188
819		115		24938		188
820		115		24938		188
821		115		24938		188
822		115		24938		188
823		115		24938		188
824		115		24938		188
825		115		24938		188
826		115		24938		188
827		115		24938		188
828		115		24938		188
829		115		24938		188
830		115		24938		188
831		115		24938		188
832		115		24938		188
833		115		24938		188
834		115		24938		188
835		115		24938		188
836		115		24938		188
837		115		24938		188
838		115		24938		188
839		115		24938		188
840		115		24938		188
841		115		24938		188
842		115		24938		188
843		115		24938		188
844		115		24938		188
845		115		24938		188
846		115		24938		188
847		115		24938		188
848		115		24938		188
849		115		24938		188
850		115		24938		188
851		115		24938		188
852		115		24938		188
853		115		24938		188
854		115		24938		188
855		115		24938		188
856		115		24938		188
857		115		24938		188
858		115		24938		188
859		115		24938		188
860		115		24938		188
861		115		24938		188
862		115		24938		188
863		115		24938		188
864		115		24938		188
865		115		24938		188
866		115		24938		188
867		115		24938		188
868		115		24938		188
869		115		24938		188
870		115		24938		188
871		115		24938		188
872		115		24938		188
873		115		24938		188
874		115		24938		188
875		115		24938		188
876		115		24938		188
877		115		24938		188
878		115		24938		188
879		115		24938		188
880		115		24938		188
881		115		24938		188
882		115		24938		188
883		115		24938		188
884		115		24938		188
885		115		24938		188
886		115		24938		188
887		115		24938		188
888		115		24938		188
889		115		24938		188
890		115		24938		188
891		115		24938		188
892		115		24938		188
893		115		24938		188
894		115		24938		188
895		115		24938		188
896		115		24938		188
897		115		24938		188
898		115		24938		188
899		115		24938		188
900		115		24938		188
901		115		24938		188
902		115		24938		188
903		115		24938		188
904		115		24938		188
905		115		24938		188
906		115		24938		188
907		115		24938		188
908		115		24938		188
909		115		24938		188
910		115		24938		188
911		115		24938		188
912		115		24938		188
913		115		24938		188
914		115		24938		188
915		115		24938		188
916		115		24938		188
917		115		24938		188
918		115		24938		188
919		115		24938		188
920		115		24938		188
921		115		24938		188
922		115		24938		188
923		115		24938		188
924		115		24938		188
925		115		24938		188
926		115		24938		188
927		115		24938		188
928		115		24938		188
929		115		24938		188
930		115		24938		188
931		115		24938		188
932		115		24938		188
933		115		24938		188
934		115		24938		188
935		115		24938		188
936		115		24938		188
937		115		24938		188
938		115		24938		188
939		115		24938		188
940		115		24938		188
941		115		24938		188
942		115		24938		188
943		115		24938		188
944		115		24938		188
945		115		24938		188
946		115		24938		188
947		115		24938		188
948		115		24938		188
949		115		24938		188
950		115		24938		188
951		115		24938		188
952		115		24938		188
953		115		24938		188
954		115		24938		188
955		115		24938		188
956		115		24938		188
957		115		24938		188
958		115		24938		188
959		115		24938		188
960		115		24938		188
961		115		24938		188
962		115		24938		188
963		115		24938		188
964		115		24938		188
965		115		24938		188
966		115		24938		188
967		115		24938		188
968		115		24938		188
969		115		24938		188
970		115		24938		188
971		115		24938		188
972		115		24938		188
973		115		24938		188
974		115		24938		188
975		115		24938		188
976		115		24938		188
977		115		24938		188
978		115		24938		188
979		115		24938		188
980		115		24938		188
981		115		24938		188
982		115		24938		188
983		115		24938		188
984		115		24938		188
985		115		24938		188
986		115		24938		188
987		115		24938		188
988		115		24938		188
989		115		24938		188
990		115		24938		188
991		115		24938		188
992		115		24938		188
993		115		24938		188
994		115		24938		188
995		115		24938		188
996		115		24938		188
997		115		24938		188
998		115		24938		188
999		115		24938		188
