# Migration is number of nodes that have changed color.

Round		Edge-Cut		Swaps		Migrations		Skipped
0		504		248		164
1		440		489		169
2		397		724		180
3		341		961		185
4		339		1186		185
5		306		1409		189
6		293		1627		182
7		268		1857		187
8		277		2075		187
9		294		2306		179
10		323		2537		181
11		310		2761		181
12		277		2992		183
13		275		3215		186
14		277		3444		181
15		277		3669		187
16		290		3895		191
17		269		4121		192
18		265		4346		192
19		261		4570		185
20		260		4788		180
21		247		5005		184
22		256		5228		185
23		261		5451		186
24		302		5678		188
25		282		5900		183
26		276		6124		187
27		290		6349		191
28		277		6579		189
29		291		6809		187
30		281		7031		190
31		245		7255		184
32		240		7478		182
33		235		7697		191
34		247		7923		181
35		268		8145		183
36		252		8366		186
37		242		8595		191
38		254		8815		190
39		268		9040		179
40		214		9272		184
41		227		9495		183
42		208		9714		184
43		209		9934		185
44		208		10151		188
45		222		10378		189
46		227		10597		192
47		254		10822		186
48		225		11043		191
49		257		11261		193
50		212		11480		187
51		209		11690		182
52		227		11900		187
53		236		12124		190
54		257		12343		188
55		259		12560		188
56		288		12780		183
57		263		13000		180
58		265		13219		183
59		304		13448		173
60		253		13678		188
61		234		13900		189
62		218		14113		193
63		200		14337		190
64		189		14555		188
65		193		14773		188
66		210		14987		189
67		202		15206		189
68		216		15421		185
69		194		15643		187
70		184		15855		187
71		198		16078		185
72		209		16295		184
73		209		16514		186
74		200		16724		191
75		183		16947		189
76		200		17163		193
77		179		17385		187
78		186		17601		187
79		176		17813		187
80		185		18031		193
81		155		18254		186
82		154		18466		187
83		169		18679		187
84		188		18899		187
85		225		19116		189
86		209		19344		184
87		223		19561		188
88		217		19778		189
89		229		19999		191
90		206		20213		187
91		204		20426		187
92		199		20645		185
93		220		20859		181
94		198		21075		190
95		201		21290		191
96		176		21508		193
97		194		21726		187
98		180		21945		187
99		203		22166		188
100		192		22380		189
101		185		22595		189
102		156		22812		184
103		157		23015		187
104		172		23236		180
105		175		23443		188
106		179		23651		186
107		178		23866		186
108		205		24084		190
109		218		24291		196
110		225		24513		184
111		204		24735		190
112		173		24947		190
113		147		25160		192
114		135		25382		189
115		131		25597		187
116		136		25804		184
117		148		26016		184
118		133		26233		187
119		119		26434		189
120		124		26654		189
121		134		26860		190
122		153		27078		191
123		155		27285		186
124		159		27494		185
125		161		27702		190
126		158		27919		190
127		153		28133		192
128		149		28342		190
129		165		28557		189
130		179		28767		186
131		181		28983		186
132		174		29203		184
133		169		29422		187
134		142		29635		184
135		134		29850		184
136		126		30056		185
137		148		30269		183
138		156		30486		185
139		164		30703		186
140		175		30909		190
141		175		31117		190
142		171		31333		186
143		159		31549		189
144		169		31755		186
145		165		31956		185
146		170		32169		188
147		148		32385		190
148		155		32592		184
149		156		32804		188
150		155		33017		186
151		169		33237		185
152		175		33439		191
153		145		33649		186
154		146		33867		185
155		129		34074		185
156		147		34292		184
157		168		34501		186
158		175		34717		186
159		171		34930		188
160		161		35142		185
161		166		35359		185
162		180		35575		184
163		178		35791		187
164		196		36008		186
165		169		36236		185
166		171		36444		183
167		153		36668		188
168		156		36881		187
169		174		37085		183
170		158		37291		187
171		165		37501		189
172		187		37711		190
173		207		37928		184
174		222		38142		185
175		194		38365		187
176		184		38587		190
177		153		38798		187
178		166		39016		188
179		178		39241		190
180		162		39452		190
181		151		39661		189
182		161		39869		185
183		161		40088		187
184		177		40304		182
185		165		40512		183
186		182		40732		184
187		173		40958		183
188		201		41181		185
189		188		41403		185
190		191		41610		187
191		198		41828		186
192		187		42043		183
193		190		42261		187
194		172		42476		192
195		159		42689		188
196		153		42907		186
197		167		43118		183
198		178		43333		190
199		175		43545		188
200		178		43762		188
201		161		43982		191
202		157		44193		187
203		149		44405		185
204		157		44624		185
205		157		44829		185
206		169		45039		190
207		177		45255		188
208		179		45470		188
209		186		45679		187
210		177		45894		184
211		164		46111		184
212		177		46321		185
213		165		46528		185
214		171		46745		183
215		146		46963		187
216		130		47174		189
217		139		47379		188
218		128		47596		187
219		142		47807		186
220		143		48018		192
221		158		48230		190
222		154		48436		189
223		165		48655		186
224		173		48855		187
225		186		49070		184
226		170		49286		188
227		172		49504		187
228		175		49720		185
229		173		49929		188
230		140		50137		188
231		150		50348		186
232		168		50572		187
233		194		50795		185
234		204		51012		186
235		185		51225		181
236		188		51442		187
237		166		51652		186
238		178		51863		191
239		189		52083		191
240		177		52305		188
241		172		52523		188
242		176		52736		193
243		195		52935		189
244		184		53146		188
245		165		53359		187
246		161		53574		187
247		152		53792		186
248		159		53999		187
249		143		54203		186
250		147		54411		190
251		145		54624		187
252		145		54838		187
253		161		55047		185
254		170		55261		185
255		169		55481		184
256		154		55700		184
257		160		55908		185
258		149		56124		185
259		147		56340		189
260		134		56547		187
261		135		56762		187
262		158		56984		190
263		161		57200		188
264		154		57413		190
265		180		57636		188
266		180		57847		187
267		173		58053		182
268		171		58264		188
269		153		58473		190
270		158		58671		189
271		153		58881		187
272		149		59093		186
273		146		59309		183
274		169		59512		182
275		167		59730		182
276		162		59937		185
277		160		60152		183
278		151		60365		186
279		166		60571		188
280		157		60792		185
281		131		61000		188
282		133		61216		192
283		131		61435		190
284		134		61648		190
285		128		61859		188
286		135		62076		190
287		135		62293		190
288		135		62504		185
289		130		62715		189
290		129		62925		185
291		128		63141		184
292		135		63350		182
293		147		63563		184
294		135		63777		188
295		127		63989		185
296		129		64200		187
297		115		64414		186
298		112		64612		185
299		105		64828		185
300		111		65039		187
301		118		65257		186
302		127		65461		187
303		131		65681		183
304		141		65886		186
305		147		66101		184
306		125		66310		185
307		123		66517		181
308		124		66738		183
309		124		66956		187
310		109		67171		187
311		119		67374		186
312		131		67592		186
313		128		67797		188
314		129		68009		189
315		127		68220		188
316		134		68432		184
317		128		68638		185
318		142		68853		184
319		144		69065		186
320		137		69278		184
321		143		69494		189
322		159		69708		182
323		165		69918		183
324		170		70137		185
325		172		70348		187
326		144		70563		185
327		137		70774		188
328		125		70985		185
329		108		71192		186
330		117		71389		188
331		123		71599		188
332		119		71812		186
333		130		72032		187
334		116		72242		189
335		120		72451		187
336		121		72657		184
337		129		72866		187
338		129		73087		187
339		138		73294		182
340		141		73503		182
341		159		73714		184
342		166		73931		183
343		132		74140		187
344		139		74350		186
345		126		74567		184
346		124		74772		187
347		129		74982		187
348		120		75193		186
349		115		75406		186
350		116		75620		188
351		103		75834		187
352		112		76044		184
353		107		76253		186
354		106		76466		185
355		108		76667		186
356		103		76882		185
357		100		77084		183
358		116		77289		187
359		114		77498		185
360		115		77713		185
361		118		77919		187
362		112		78117		184
363		112		78323		185
364		117		78530		188
365		116		78747		188
366		128		78951		186
367		128		79164		189
368		120		79377		188
369		123		79585		187
370		120		79797		188
371		129		80006		187
372		131		80218		188
373		118		80432		187
374		119		80638		189
375		111		80845		189
376		114		81054		189
377		104		81263		186
378		104		81472		186
379		109		81668		185
380		111		81871		186
381		111		82081		186
382		121		82287		185
383		120		82490		186
384		119		82692		185
385		113		82915		186
386		105		83133		186
387		104		83350		186
388		103		83554		186
389		108		83768		187
390		101		83978		186
391		105		84181		188
392		108		84383		189
393		108		84599		188
394		111		84804		187
395		107		85015		187
396		107		85219		187
397		103		85416		187
398		104		85629		188
399		104		85820		186
400		108		86028		186
401		108		86243		188
402		109		86457		189
403		111		86666		186
404		110		86880		185
405		109		87087		186
406		103		87293		186
407		100		87493		188
408		100		87711		188
409		101		87923		184
410		107		88134		186
411		108		88346		187
412		111		88551		188
413		115		88757		188
414		117		88968		184
415		116		89174		184
416		119		89384		185
417		121		89588		185
418		120		89802		185
419		125		90007		188
420		121		90215		189
421		119		90423		188
422		117		90628		186
423		123		90828		183
424		124		91037		186
425		125		91240		186
426		131		91435		184
427		125		91640		183
428		118		91847		187
429		119		92057		188
430		122		92272		190
431		121		92488		188
432		125		92698		187
433		119		92909		186
434		128		93114		184
435		118		93317		188
436		111		93524		187
437		119		93726		185
438		118		93934		187
439		108		94138		188
440		104		94340		186
441		102		94537		184
442		102		94747		185
443		107		94949		185
444		96		95156		187
445		96		95349		185
446		98		95537		186
447		97		95730		186
448		98		95948		185
449		99		96142		187
450		102		96338		185
451		102		96551		185
452		100		96753		186
453		103		96960		188
454		109		97172		186
455		107		97377		188
456		107		97581		186
457		107		97792		186
458		107		97992		188
459		105		98204		187
460		107		98414		189
461		108		98615		190
462		101		98816		190
463		95		99029		187
464		95		99221		187
465		97		99435		189
466		97		99635		189
467		97		99833		187
468		97		100052		187
469		96		100258		189
470		96		100460		189
471		100		100673		187
472		103		100880		188
473		97		101080		189
474		99		101285		188
475		93		101498		186
476		98		101712		186
477		100		101925		187
478		96		102122		186
479		93		102328		185
480		90		102523		184
481		92		102721		185
482		86		102933		185
483		89		103141		184
484		91		103351		186
485		91		103555		188
486		88		103759		187
487		87		103964		186
488		85		104173		187
489		84		104382		188
490		79		104589		187
491		81		104802		186
492		81		105005		186
493		81		105209		186
494		81		105414		186
495		84		105616		186
496		84		105820		186
497		84		106022		186
498		84		106230		186
499		84		106434		186
500		84		106649		186
501		84		106868		186
502		84		107074		186
503		84		107288		186
504		84		107493		186
505		84		107704		186
506		84		107923		186
507		84		108133		185
508		84		108344		185
509		82		108546		186
510		82		108760		186
511		82		108966		186
512		82		109182		186
513		83		109400		186
514		87		109603		188
515		85		109813		187
516		85		110015		187
517		85		110220		187
518		81		110425		186
519		81		110622		186
520		81		110833		186
521		81		111042		186
522		81		111247		186
523		81		111447		186
524		81		111649		187
525		81		111856		187
526		79		112051		188
527		79		112254		188
528		79		112455		188
529		79		112668		188
530		79		112879		188
531		79		113087		188
532		79		113290		188
533		79		113500		188
534		80		113708		188
535		80		113903		188
536		84		114120		186
537		85		114321		187
538		85		114530		187
539		85		114743		187
540		85		114945		187
541		85		115147		187
542		87		115351		188
543		87		115550		188
544		87		115757		188
545		87		115969		188
546		87		116175		188
547		89		116374		186
548		89		116579		186
549		89		116794		187
550		89		116998		187
551		89		117203		187
552		89		117408		187
553		87		117622		186
554		87		117818		186
555		87		118033		186
556		87		118231		186
557		87		118430		186
558		87		118634		186
559		87		118837		186
560		85		119049		187
561		85		119256		187
562		85		119465		187
563		85		119666		187
564		85		119869		187
565		85		120074		187
566		85		120270		187
567		85		120475		187
568		85		120686		187
569		85		120897		187
570		85		121102		187
571		84		121302		186
572		84		121510		186
573		84		121716		186
574		84		121921		186
575		84		122126		186
576		84		122338		186
577		84		122530		186
578		84		122731		186
579		84		122933		186
580		84		123130		186
581		84		123326		186
582		84		123524		186
583		84		123742		187
584		84		123936		187
585		80		124137		188
586		80		124342		188
587		84		124556		187
588		84		124758		187
589		84		124962		187
590		86		125169		187
591		86		125378		187
592		86		125590		187
593		86		125795		187
594		86		125992		185
595		89		126197		185
596		89		126401		185
597		89		126605		185
598		90		126812		187
599		90		127023		187
600		90		127230		187
601		90		127427		187
602		90		127643		187
603		92		127855		189
604		94		128054		188
605		95		128264		188
606		95		128465		188
607		95		128680		188
608		95		128888		187
609		95		129096		187
610		95		129299		187
611		95		129504		187
612		95		129717		187
613		93		129920		186
614		93		130136		186
615		93		130136		186
616		91		130138		183
617		89		130140		185
618		89		130140		185
619		86		130141		184
620		82		130142		186
621		82		130142		186
622		82		130142		186
623		82		130142		186
624		82		130142		186
625		82		130142		186
626		75		130143		187
627		75		130143		187
628		75		130143		187
629		75		130143		187
630		75		130143		187
631		75		130143		187
632		75		130143		187
633		75		130143		187
634		75		130143		187
635		75		130143		187
636		75		130143		187
637		75		130143		187
638		75		130143		187
639		75		130143		187
640		75		130143		187
641		75		130143		187
642		75		130143		187
643		75		130143		187
644		75		130143		187
645		75		130143		187
646		75		130143		187
647		75		130143		187
648		75		130143		187
649		75		130143		187
650		75		130143		187
651		75		130143		187
652		75		130143		187
653		75		130143		187
654		75		130143		187
655		75		130143		187
656		75		130143		187
657		75		130143		187
658		75		130143		187
659		75		130143		187
660		75		130143		187
661		75		130143		187
662		75		130143		187
663		75		130143		187
664		75		130143		187
665		75		130143		187
666		75		130143		187
667		75		130143		187
668		75		130143		187
669		75		130143		187
670		75		130143		187
671		75		130143		187
672		75		130143		187
673		75		130143		187
674		75		130143		187
675		75		130143		187
676		75		130143		187
677		75		130143		187
678		75		130143		187
679		75		130143		187
680		75		130143		187
681		75		130143		187
682		75		130143		187
683		75		130143		187
684		75		130143		187
685		75		130143		187
686		75		130143		187
687		75		130143		187
688		75		130143		187
689		75		130143		187
690		75		130143		187
691		75		130143		187
692		75		130143		187
693		75		130143		187
694		75		130143		187
695		75		130143		187
696		75		130143		187
697		75		130143		187
698		75		130143		187
699		75		130143		187
700		75		130143		187
701		75		130143		187
702		75		130143		187
703		75		130143		187
704		75		130143		187
705		75		130143		187
706		75		130143		187
707		75		130143		187
708		75		130143		187
709		75		130143		187
710		75		130143		187
711		75		130143		187
712		75		130143		187
713		75		130143		187
714		75		130143		187
715		75		130143		187
716		75		130143		187
717		75		130143		187
718		75		130143		187
719		75		130143		187
720		75		130143		187
721		75		130143		187
722		75		130143		187
723		75		130143		187
724		75		130143		187
725		75		130143		187
726		75		130143		187
727		75		130143		187
728		75		130143		187
729		75		130143		187
730		75		130143		187
731		75		130143		187
732		75		130143		187
733		75		130143		187
734		75		130143		187
735		75		130143		187
736		75		130143		187
737		75		130143		187
738		75		130143		187
739		75		130143		187
740		75		130143		187
741		75		130143		187
742		75		130143		187
743		75		130143		187
744		75		130143		187
745		75		130143		187
746		75		130143		187
747		75		130143		187
748		75		130143		187
749		75		130143		187
750		75		130143		187
751		75		130143		187
752		75		130143		187
753		75		130143		187
754		75		130143		187
755		75		130143		187
756		75		130143		187
757		75		130143		187
758		75		130143		187
759		75		130143		187
760		75		130143		187
761		75		130143		187
762		75		130143		187
763		75		130143		187
764		75		130143		187
765		75		130143		187
766		75		130143		187
767		75		130143		187
768		75		130143		187
769		75		130143		187
770		75		130143		187
771		75		130143		187
772		75		130143		187
773		75		130143		187
774		75		130143		187
775		75		130143		187
776		75		130143		187
777		75		130143		187
778		75		130143		187
779		75		130143		187
780		75		130143		187
781		75		130143		187
782		75		130143		187
783		75		130143		187
784		75		130143		187
785		75		130143		187
786		75		130143		187
787		75		130143		187
788		75		130143		187
789		75		130143		187
790		75		130143		187
791		75		130143		187
792		75		130143		187
793		75		130143		187
794		75		130143		187
795		75		130143		187
796		75		130143		187
797		75		130143		187
798		75		130143		187
799		75		130143		187
800		75		130143		187
801		75		130143		187
802		75		130143		187
803		75		130143		187
804		75		130143		187
805		75		130143		187
806		75		130143		187
807		75		130143		187
808		75		130143		187
809		75		130143		187
810		75		130143		187
811		75		130143		187
812		75		130143		187
813		75		130143		187
814		75		130143		187
815		75		130143		187
816		75		130143		187
817		75		130143		187
818		75		130143		187
819		75		130143		187
820		75		130143		187
821		75		130143		187
822		75		130143		187
823		75		130143		187
824		75		130143		187
825		75		130143		187
826		75		130143		187
827		75		130143		187
828		75		130143		187
829		75		130143		187
830		75		130143		187
831		75		130143		187
832		75		130143		187
833		75		130143		187
834		75		130143		187
835		75		130143		187
836		75		130143		187
837		75		130143		187
838		75		130143		187
839		75		130143		187
840		75		130143		187
841		75		130143		187
842		75		130143		187
843		75		130143		187
844		75		130143		187
845		75		130143		187
846		75		130143		187
847		75		130143		187
848		75		130143		187
849		75		130143		187
850		75		130143		187
851		75		130143		187
852		75		130143		187
853		75		130143		187
854		75		130143		187
855		75		130143		187
856		75		130143		187
857		75		130143		187
858		75		130143		187
859		75		130143		187
860		75		130143		187
861		75		130143		187
862		75		130143		187
863		75		130143		187
864		75		130143		187
865		75		130143		187
866		75		130143		187
867		75		130143		187
868		75		130143		187
869		75		130143		187
870		75		130143		187
871		75		130143		187
872		75		130143		187
873		75		130143		187
874		75		130143		187
875		75		130143		187
876		75		130143		187
877		75		130143		187
878		75		130143		187
879		75		130143		187
880		75		130143		187
881		75		130143		187
882		75		130143		187
883		75		130143		187
884		75		130143		187
885		75		130143		187
886		75		130143		187
887		75		130143		187
888		75		130143		187
889		75		130143		187
890		75		130143		187
891		75		130143		187
892		75		130143		187
893		75		130143		187
894		75		130143		187
895		75		130143		187
896		75		130143		187
897		75		130143		187
898		75		130143		187
899		75		130143		187
900		75		130143		187
901		75		130143		187
902		75		130143		187
903		75		130143		187
904		75		130143		187
905		75		130143		187
906		75		130143		187
907		75		130143		187
908		75		130143		187
909		75		130143		187
910		75		130143		187
911		75		130143		187
912		75		130143		187
913		75		130143		187
914		75		130143		187
915		75		130143		187
916		75		130143		187
917		75		130143		187
918		75		130143		187
919		75		130143		187
920		75		130143		187
921		75		130143		187
922		75		130143		187
923		75		130143		187
924		75		130143		187
925		75		130143		187
926		75		130143		187
927		75		130143		187
928		75		130143		187
929		75		130143		187
930		75		130143		187
931		75		130143		187
932		75		130143		187
933		75		130143		187
934		75		130143		187
935		75		130143		187
936		75		130143		187
937		75		130143		187
938		75		130143		187
939		75		130143		187
940		75		130143		187
941		75		130143		187
942		75		130143		187
943		75		130143		187
944		75		130143		187
945		75		130143		187
946		75		130143		187
947		75		130143		187
948		75		130143		187
949		75		130143		187
950		75		130143		187
951		75		130143		187
952		75		130143		187
953		75		130143		187
954		75		130143		187
955		75		130143		187
956		75		130143		187
957		75		130143		187
958		75		130143		187
959		75		130143		187
960		75		130143		187
961		75		130143		187
962		75		130143		187
963		75		130143		187
964		75		130143		187
965		75		130143		187
966		75		130143		187
967		75		130143		187
968		75		130143		187
969		75		130143		187
970		75		130143		187
971		75		130143		187
972		75		130143		187
973		75		130143		187
974		75		130143		187
975		75		130143		187
976		75		130143		187
977		75		130143		187
978		75		130143		187
979		75		130143		187
980		75		130143		187
981		75		130143		187
982		75		130143		187
983		75		130143		187
984		75		130143		187
985		75		130143		187
986		75		130143		187
987		75		130143		187
988		75		130143		187
989		75		130143		187
990		75		130143		187
991		75		130143		187
992		75		130143		187
993		75		130143		187
994		75		130143		187
995		75		130143		187
996		75		130143		187
997		75		130143		187
998		75		130143		187
999		75		130143		187
