# Migration is number of nodes that have changed color.

Round		Edge-Cut		Swaps		Migrations		Skipped
0		504		248		164
1		440		489		169
2		397		724		180
3		341		961		185
4		339		1186		185
5		312		1409		190
6		296		1632		184
7		287		1860		178
8		289		2087		180
9		308		2316		187
10		268		2545		181
11		251		2765		176
12		239		2986		183
13		270		3208		189
14		234		3423		184
15		272		3652		182
16		255		3869		190
17		225		4093		184
18		237		4313		187
19		242		4527		191
20		248		4743		183
21		252		4965		188
22		236		5183		191
23		234		5401		191
24		229		5616		193
25		240		5842		186
26		234		6061		190
27		232		6274		182
28		213		6494		188
29		204		6721		191
30		200		6940		189
31		182		7151		184
32		187		7362		184
33		204		7568		183
34		208		7787		182
35		225		8003		184
36		224		8226		190
37		231		8453		190
38		235		8669		185
39		211		8893		188
40		191		9111		188
41		201		9327		189
42		209		9544		186
43		231		9763		183
44		217		9990		183
45		205		10203		183
46		201		10421		183
47		222		10634		188
48		206		10845		185
49		204		11047		183
50		220		11262		185
51		167		11472		187
52		160		11677		189
53		176		11896		189
54		154		12111		185
55		157		12312		189
56		167		12517		188
57		178		12730		190
58		169		12944		189
59		146		13165		191
60		153		13388		189
61		158		13597		187
62		173		13805		187
63		172		14027		189
64		170		14246		188
65		171		14470		185
66		174		14682		185
67		180		14901		184
68		171		15110		190
69		174		15325		191
70		178		15527		191
71		184		15746		190
72		180		15958		192
73		164		16173		189
74		157		16373		191
75		168		16581		189
76		171		16788		189
77		170		17000		187
78		156		17207		191
79		151		17401		190
80		154		17608		195
81		158		17822		193
82		155		18042		194
83		159		18255		192
84		159		18466		191
85		165		18672		192
86		151		18877		191
87		158		19087		190
88		168		19289		189
89		181		19494		192
90		188		19708		190
91		180		19902		188
92		169		20116		186
93		151		20326		182
94		150		20540		184
95		146		20741		187
96		142		20950		185
97		119		21161		189
98		119		21368		189
99		120		21573		188
100		121		21777		187
101		123		21983		187
102		120		22190		188
103		115		22395		188
104		115		22604		188
105		115		22810		188
106		115		23007		189
107		115		23210		188
108		116		23411		188
109		118		23614		188
110		118		23828		188
111		118		24032		187
112		116		24230		186
113		116		24440		186
114		116		24651		186
115		116		24848		186
116		116		25059		186
117		116		25269		186
118		115		25472		185
119		111		25682		187
120		111		25895		187
121		111		26092		187
122		109		26307		187
123		109		26308		187
124		109		26308		187
125		106		26309		187
126		105		26310		187
127		105		26310		187
128		105		26310		187
129		105		26310		187
130		105		26310		187
131		105		26310		187
132		105		26310		187
133		105		26310		187
134		105		26310		187
135		105		26310		187
136		105		26310		187
137		105		26310		187
138		105		26310		187
139		105		26310		187
140		105		26310		187
141		105		26310		187
142		105		26310		187
143		105		26310		187
144		105		26310		187
145		105		26310		187
146		105		26310		187
147		102		26311		187
148		102		26311		187
149		102		26311		187
150		102		26311		187
151		102		26311		187
152		102		26311		187
153		102		26311		187
154		102		26311		187
155		102		26311		187
156		102		26311		187
157		102		26311		187
158		102		26311		187
159		102		26311		187
160		102		26311		187
161		102		26311		187
162		102		26311		187
163		102		26311		187
164		102		26311		187
165		102		26311		187
166		102		26311		187
167		102		26311		187
168		102		26311		187
169		102		26311		187
170		102		26311		187
171		102		26311		187
172		102		26311		187
173		102		26311		187
174		102		26311		187
175		102		26311		187
176		102		26311		187
177		102		26311		187
178		102		26311		187
179		102		26311		187
180		102		26311		187
181		102		26311		187
182		102		26311		187
183		102		26311		187
184		102		26311		187
185		102		26311		187
186		102		26311		187
187		102		26311		187
188		102		26311		187
189		102		26311		187
190		102		26311		187
191		102		26311		187
192		102		26311		187
193		102		26311		187
194		102		26311		187
195		102		26311		187
196		102		26311		187
197		102		26311		187
198		102		26311		187
199		102		26311		187
200		102		26311		187
201		102		26311		187
202		102		26311		187
203		102		26311		187
204		102		26311		187
205		102		26311		187
206		102		26311		187
207		102		26311		187
208		102		26311		187
209		102		26311		187
210		102		26311		187
211		102		26311		187
212		102		26311		187
213		102		26311		187
214		102		26311		187
215		102		26311		187
216		102		26311		187
217		102		26311		187
218		102		26311		187
219		102		26311		187
220		102		26311		187
221		102		26311		187
222		102		26311		187
223		102		26311		187
224		102		26311		187
225		102		26311		187
226		102		26311		187
227		102		26311		187
228		102		26311		187
229		102		26311		187
230		102		26311		187
231		102		26311		187
232		102		26311		187
233		102		26311		187
234		102		26311		187
235		102		26311		187
236		102		26311		187
237		102		26311		187
238		102		26311		187
239		102		26311		187
240		102		26311		187
241		102		26311		187
242		102		26311		187
243		102		26311		187
244		102		26311		187
245		102		26311		187
246		102		26311		187
247		102		26311		187
248		102		26311		187
249		102		26311		187
250		102		26311		187
251		102		26311		187
252		102		26311		187
253		102		26311		187
254		102		26311		187
255		102		26311		187
256		102		26311		187
257		102		26311		187
258		102		26311		187
259		102		26311		187
260		102		26311		187
261		102		26311		187
262		102		26311		187
263		102		26311		187
264		102		26311		187
265		102		26311		187
266		102		26311		187
267		102		26311		187
268		102		26311		187
269		102		26311		187
270		102		26311		187
271		102		26311		187
272		102		26311		187
273		102		26311		187
274		102		26311		187
275		102		26311		187
276		102		26311		187
277		102		26311		187
278		102		26311		187
279		102		26311		187
280		102		26311		187
281		102		26311		187
282		102		26311		187
283		102		26311		187
284		102		26311		187
285		102		26311		187
286		102		26311		187
287		102		26311		187
288		102		26311		187
289		102		26311		187
290		102		26311		187
291		102		26311		187
292		102		26311		187
293		102		26311		187
294		102		26311		187
295		102		26311		187
296		102		26311		187
297		102		26311		187
298		102		26311		187
299		102		26311		187
300		102		26311		187
301		102		26311		187
302		102		26311		187
303		102		26311		187
304		102		26311		187
305		102		26311		187
306		102		26311		187
307		102		26311		187
308		102		26311		187
309		102		26311		187
310		102		26311		187
311		102		26311		187
312		102		26311		187
313		102		26311		187
314		102		26311		187
315		102		26311		187
316		102		26311		187
317		102		26311		187
318		102		26311		187
319		102		26311		187
320		102		26311		187
321		102		26311		187
322		102		26311		187
323		102		26311		187
324		102		26311		187
325		102		26311		187
326		102		26311		187
327		102		26311		187
328		102		26311		187
329		102		26311		187
330		102		26311		187
331		102		26311		187
332		102		26311		187
333		102		26311		187
334		102		26311		187
335		102		26311		187
336		102		26311		187
337		102		26311		187
338		102		26311		187
339		102		26311		187
340		102		26311		187
341		102		26311		187
342		102		26311		187
343		102		26311		187
344		102		26311		187
345		102		26311		187
346		102		26311		187
347		102		26311		187
348		102		26311		187
349		102		26311		187
350		102		26311		187
351		102		26311		187
352		102		26311		187
353		102		26311		187
354		102		26311		187
355		102		26311		187
356		102		26311		187
357		102		26311		187
358		102		26311		187
359		102		26311		187
360		102		26311		187
361		102		26311		187
362		102		26311		187
363		102		26311		187
364		102		26311		187
365		102		26311		187
366		102		26311		187
367		102		26311		187
368		102		26311		187
369		102		26311		187
370		102		26311		187
371		102		26311		187
372		102		26311		187
373		102		26311		187
374		102		26311		187
375		102		26311		187
376		102		26311		187
377		102		26311		187
378		102		26311		187
379		102		26311		187
380		102		26311		187
381		102		26311		187
382		102		26311		187
383		102		26311		187
384		102		26311		187
385		102		26311		187
386		102		26311		187
387		102		26311		187
388		102		26311		187
389		102		26311		187
390		102		26311		187
391		102		26311		187
392		102		26311		187
393		102		26311		187
394		102		26311		187
395		102		26311		187
396		102		26311		187
397		102		26311		187
398		102		26311		187
399		102		26311		187
400		102		26311		187
401		102		26311		187
402		102		26311		187
403		102		26311		187
404		102		26311		187
405		102		26311		187
406		102		26311		187
407		102		26311		187
408		102		26311		187
409		102		26311		187
410		102		26311		187
411		102		26311		187
412		102		26311		187
413		102		26311		187
414		102		26311		187
415		102		26311		187
416		102		26311		187
417		102		26311		187
418		102		26311		187
419		102		26311		187
420		102		26311		187
421		102		26311		187
422		102		26311		187
423		102		26311		187
424		102		26311		187
425		102		26311		187
426		102		26311		187
427		102		26311		187
428		102		26311		187
429		102		26311		187
430		102		26311		187
431		102		26311		187
432		102		26311		187
433		102		26311		187
434		102		26311		187
435		102		26311		187
436		102		26311		187
437		102		26311		187
438		102		26311		187
439		102		26311		187
440		102		26311		187
441		102		26311		187
442		102		26311		187
443		102		26311		187
444		102		26311		187
445		102		26311		187
446		102		26311		187
447		102		26311		187
448		102		26311		187
449		102		26311		187
450		102		26311		187
451		102		26311		187
452		102		26311		187
453		102		26311		187
454		102		26311		187
455		102		26311		187
456		102		26311		187
457		102		26311		187
458		102		26311		187
459		102		26311		187
460		102		26311		187
461		102		26311		187
462		102		26311		187
463		102		26311		187
464		102		26311		187
465		102		26311		187
466		102		26311		187
467		102		26311		187
468		102		26311		187
469		102		26311		187
470		102		26311		187
471		102		26311		187
472		102		26311		187
473		102		26311		187
474		102		26311		187
475		102		26311		187
476		102		26311		187
477		102		26311		187
478		102		26311		187
479		102		26311		187
480		102		26311		187
481		102		26311		187
482		102		26311		187
483		102		26311		187
484		102		26311		187
485		102		26311		187
486		102		26311		187
487		102		26311		187
488		102		26311		187
489		102		26311		187
490		102		26311		187
491		102		26311		187
492		102		26311		187
493		102		26311		187
494		102		26311		187
495		102		26311		187
496		102		26311		187
497		102		26311		187
498		102		26311		187
499		102		26311		187
500		102		26311		187
501		102		26311		187
502		102		26311		187
503		102		26311		187
504		102		26311		187
505		102		26311		187
506		102		26311		187
507		102		26311		187
508		102		26311		187
509		102		26311		187
510		102		26311		187
511		102		26311		187
512		102		26311		187
513		102		26311		187
514		102		26311		187
515		102		26311		187
516		102		26311		187
517		102		26311		187
518		102		26311		187
519		102		26311		187
520		102		26311		187
521		102		26311		187
522		102		26311		187
523		102		26311		187
524		102		26311		187
525		102		26311		187
526		102		26311		187
527		102		26311		187
528		102		26311		187
529		102		26311		187
530		102		26311		187
531		102		26311		187
532		102		26311		187
533		102		26311		187
534		102		26311		187
535		102		26311		187
536		102		26311		187
537		102		26311		187
538		102		26311		187
539		102		26311		187
540		102		26311		187
541		102		26311		187
542		102		26311		187
543		102		26311		187
544		102		26311		187
545		102		26311		187
546		102		26311		187
547		102		26311		187
548		102		26311		187
549		102		26311		187
550		102		26311		187
551		102		26311		187
552		102		26311		187
553		102		26311		187
554		102		26311		187
555		102		26311		187
556		102		26311		187
557		102		26311		187
558		102		26311		187
559		102		26311		187
560		102		26311		187
561		102		26311		187
562		102		26311		187
563		102		26311		187
564		102		26311		187
565		102		26311		187
566		102		26311		187
567		102		26311		187
568		102		26311		187
569		102		26311		187
570		102		26311		187
571		102		26311		187
572		102		26311		187
573		102		26311		187
574		102		26311		187
575		102		26311		187
576		102		26311		187
577		102		26311		187
578		102		26311		187
579		102		26311		187
580		102		26311		187
581		102		26311		187
582		102		26311		187
583		102		26311		187
584		102		26311		187
585		102		26311		187
586		102		26311		187
587		102		26311		187
588		102		26311		187
589		102		26311		187
590		102		26311		187
591		102		26311		187
592		102		26311		187
593		102		26311		187
594		102		26311		187
595		102		26311		187
596		102		26311		187
597		102		26311		187
598		102		26311		187
599		102		26311		187
600		102		26311		187
601		102		26311		187
602		102		26311		187
603		102		26311		187
604		102		26311		187
605		102		26311		187
606		102		26311		187
607		102		26311		187
608		102		26311		187
609		102		26311		187
610		102		26311		187
611		102		26311		187
612		102		26311		187
613		102		26311		187
614		102		26311		187
615		102		26311		187
616		102		26311		187
617		102		26311		187
618		102		26311		187
619		102		26311		187
620		102		26311		187
621		102		26311		187
622		102		26311		187
623		102		26311		187
624		102		26311		187
625		102		26311		187
626		102		26311		187
627		102		26311		187
628		102		26311		187
629		102		26311		187
630		102		26311		187
631		102		26311		187
632		102		26311		187
633		102		26311		187
634		102		26311		187
635		102		26311		187
636		102		26311		187
637		102		26311		187
638		102		26311		187
639		102		26311		187
640		102		26311		187
641		102		26311		187
642		102		26311		187
643		102		26311		187
644		102		26311		187
645		102		26311		187
646		102		26311		187
647		102		26311		187
648		102		26311		187
649		102		26311		187
650		102		26311		187
651		102		26311		187
652		102		26311		187
653		102		26311		187
654		102		26311		187
655		102		26311		187
656		102		26311		187
657		102		26311		187
658		102		26311		187
659		102		26311		187
660		102		26311		187
661		102		26311		187
662		102		26311		187
663		102		26311		187
664		102		26311		187
665		102		26311		187
666		102		26311		187
667		102		26311		187
668		102		26311		187
669		102		26311		187
670		102		26311		187
671		102		26311		187
672		102		26311		187
673		102		26311		187
674		102		26311		187
675		102		26311		187
676		102		26311		187
677		102		26311		187
678		102		26311		187
679		102		26311		187
680		102		26311		187
681		102		26311		187
682		102		26311		187
683		102		26311		187
684		102		26311		187
685		102		26311		187
686		102		26311		187
687		102		26311		187
688		102		26311		187
689		102		26311		187
690		102		26311		187
691		102		26311		187
692		102		26311		187
693		102		26311		187
694		102		26311		187
695		102		26311		187
696		102		26311		187
697		102		26311		187
698		102		26311		187
699		102		26311		187
700		102		26311		187
701		102		26311		187
702		102		26311		187
703		102		26311		187
704		102		26311		187
705		102		26311		187
706		102		26311		187
707		102		26311		187
708		102		26311		187
709		102		26311		187
710		102		26311		187
711		102		26311		187
712		102		26311		187
713		102		26311		187
714		102		26311		187
715		102		26311		187
716		102		26311		187
717		102		26311		187
718		102		26311		187
719		102		26311		187
720		102		26311		187
721		102		26311		187
722		102		26311		187
723		102		26311		187
724		102		26311		187
725		102		26311		187
726		102		26311		187
727		102		26311		187
728		102		26311		187
729		102		26311		187
730		102		26311		187
731		102		26311		187
732		102		26311		187
733		102		26311		187
734		102		26311		187
735		102		26311		187
736		102		26311		187
737		102		26311		187
738		102		26311		187
739		102		26311		187
740		102		26311		187
741		102		26311		187
742		102		26311		187
743		102		26311		187
744		102		26311		187
745		102		26311		187
746		102		26311		187
747		102		26311		187
748		102		26311		187
749		102		26311		187
750		102		26311		187
751		102		26311		187
752		102		26311		187
753		102		26311		187
754		102		26311		187
755		102		26311		187
756		102		26311		187
757		102		26311		187
758		102		26311		187
759		102		26311		187
760		102		26311		187
761		102		26311		187
762		102		26311		187
763		102		26311		187
764		102		26311		187
765		102		26311		187
766		102		26311		187
767		102		26311		187
768		102		26311		187
769		102		26311		187
770		102		26311		187
771		102		26311		187
772		102		26311		187
773		102		26311		187
774		102		26311		187
775		102		26311		187
776		102		26311		187
777		102		26311		187
778		102		26311		187
779		102		26311		187
780		102		26311		187
781		102		26311		187
782		102		26311		187
783		102		26311		187
784		102		26311		187
785		102		26311		187
786		102		26311		187
787		102		26311		187
788		102		26311		187
789		102		26311		187
790		102		26311		187
791		102		26311		187
792		102		26311		187
793		102		26311		187
794		102		26311		187
795		102		26311		187
796		102		26311		187
797		102		26311		187
798		102		26311		187
799		102		26311		187
800		102		26311		187
801		102		26311		187
802		102		26311		187
803		102		26311		187
804		102		26311		187
805		102		26311		187
806		102		26311		187
807		102		26311		187
808		102		26311		187
809		102		26311		187
810		102		26311		187
811		102		26311		187
812		102		26311		187
813		102		26311		187
814		102		26311		187
815		102		26311		187
816		102		26311		187
817		102		26311		187
818		102		26311		187
819		102		26311		187
820		102		26311		187
821		102		26311		187
822		102		26311		187
823		102		26311		187
824		102		26311		187
825		102		26311		187
826		102		26311		187
827		102		26311		187
828		102		26311		187
829		102		26311		187
830		102		26311		187
831		102		26311		187
832		102		26311		187
833		102		26311		187
834		102		26311		187
835		102		26311		187
836		102		26311		187
837		102		26311		187
838		102		26311		187
839		102		26311		187
840		102		26311		187
841		102		26311		187
842		102		26311		187
843		102		26311		187
844		102		26311		187
845		102		26311		187
846		102		26311		187
847		102		26311		187
848		102		26311		187
849		102		26311		187
850		102		26311		187
851		102		26311		187
852		102		26311		187
853		102		26311		187
854		102		26311		187
855		102		26311		187
856		102		26311		187
857		102		26311		187
858		102		26311		187
859		102		26311		187
860		102		26311		187
861		102		26311		187
862		102		26311		187
863		102		26311		187
864		102		26311		187
865		102		26311		187
866		102		26311		187
867		102		26311		187
868		102		26311		187
869		102		26311		187
870		102		26311		187
871		102		26311		187
872		102		26311		187
873		102		26311		187
874		102		26311		187
875		102		26311		187
876		102		26311		187
877		102		26311		187
878		102		26311		187
879		102		26311		187
880		102		26311		187
881		102		26311		187
882		102		26311		187
883		102		26311		187
884		102		26311		187
885		102		26311		187
886		102		26311		187
887		102		26311		187
888		102		26311		187
889		102		26311		187
890		102		26311		187
891		102		26311		187
892		102		26311		187
893		102		26311		187
894		102		26311		187
895		102		26311		187
896		102		26311		187
897		102		26311		187
898		102		26311		187
899		102		26311		187
900		102		26311		187
901		102		26311		187
902		102		26311		187
903		102		26311		187
904		102		26311		187
905		102		26311		187
906		102		26311		187
907		102		26311		187
908		102		26311		187
909		102		26311		187
910		102		26311		187
911		102		26311		187
912		102		26311		187
913		102		26311		187
914		102		26311		187
915		102		26311		187
916		102		26311		187
917		102		26311		187
918		102		26311		187
919		102		26311		187
920		102		26311		187
921		102		26311		187
922		102		26311		187
923		102		26311		187
924		102		26311		187
925		102		26311		187
926		102		26311		187
927		102		26311		187
928		102		26311		187
929		102		26311		187
930		102		26311		187
931		102		26311		187
932		102		26311		187
933		102		26311		187
934		102		26311		187
935		102		26311		187
936		102		26311		187
937		102		26311		187
938		102		26311		187
939		102		26311		187
940		102		26311		187
941		102		26311		187
942		102		26311		187
943		102		26311		187
944		102		26311		187
945		102		26311		187
946		102		26311		187
947		102		26311		187
948		102		26311		187
949		102		26311		187
950		102		26311		187
951		102		26311		187
952		102		26311		187
953		102		26311		187
954		102		26311		187
955		102		26311		187
956		102		26311		187
957		102		26311		187
958		102		26311		187
959		102		26311		187
960		102		26311		187
961		102		26311		187
962		102		26311		187
963		102		26311		187
964		102		26311		187
965		102		26311		187
966		102		26311		187
967		102		26311		187
968		102		26311		187
969		102		26311		187
970		102		26311		187
971		102		26311		187
972		102		26311		187
973		102		26311		187
974		102		26311		187
975		102		26311		187
976		102		26311		187
977		102		26311		187
978		102		26311		187
979		102		26311		187
980		102		26311		187
981		102		26311		187
982		102		26311		187
983		102		26311		187
984		102		26311		187
985		102		26311		187
986		102		26311		187
987		102		26311		187
988		102		26311		187
989		102		26311		187
990		102		26311		187
991		102		26311		187
992		102		26311		187
993		102		26311		187
994		102		26311		187
995		102		26311		187
996		102		26311		187
997		102		26311		187
998		102		26311		187
999		102		26311		187
