# Migration is number of nodes that have changed color.

Round		Edge-Cut		Swaps		Migrations		Skipped
0		486		248		171
1		475		491		184
2		445		730		197
3		422		968		190
4		410		1208		191
5		339		1439		191
6		336		1670		193
7		342		1899		187
8		334		2138		188
9		300		2362		195
10		332		2591		188
11		314		2815		185
12		346		3045		189
13		309		3277		186
14		313		3507		185
15		326		3742		192
16		316		3974		188
17		280		4204		185
18		313		4436		191
19		352		4664		190
20		349		4898		189
21		355		5125		189
22		362		5354		182
23		367		5591		180
24		357		5827		182
25		318		6055		180
26		294		6284		180
27		318		6509		186
28		372		6740		190
29		333		6968		187
30		381		7204		190
31		326		7441		201
32		303		7675		190
33		273		7901		194
34		307		8136		192
35		334		8365		185
36		327		8586		187
37		300		8813		188
38		324		9044		190
39		334		9278		186
40		341		9512		183
41		359		9748		190
42		330		9980		191
43		299		10209		190
44		303		10439		186
45		303		10670		196
46		280		10900		188
47		262		11129		187
48		281		11350		188
49		265		11573		190
50		279		11798		194
51		311		12023		189
52		297		12253		192
53		310		12483		186
54		317		12704		186
55		292		12924		183
56		311		13152		186
57		316		13384		187
58		327		13615		193
59		300		13847		186
60		298		14078		189
61		267		14302		189
62		299		14525		189
63		334		14750		185
64		322		14983		185
65		291		15213		183
66		326		15444		190
67		309		15673		191
68		302		15898		184
69		346		16129		186
70		362		16363		190
71		381		16602		187
72		340		16837		188
73		363		17068		180
74		342		17301		188
75		343		17535		191
76		360		17765		187
77		358		17994		189
78		384		18218		187
79		380		18456		189
80		376		18690		192
81		378		18927		189
82		372		19161		185
83		380		19399		187
84		404		19633		190
85		419		19871		189
86		394		20107		184
87		375		20338		188
88		395		20564		182
89		353		20790		194
90		319		21019		195
91		327		21247		191
92		334		21476		188
93		304		21706		194
94		319		21938		194
95		306		22164		184
96		310		22388		181
97		299		22614		178
98		313		22841		190
99		356		23072		187
100		288		23310		191
101		303		23538		188
102		300		23764		188
103		325		23990		188
104		355		24219		182
105		332		24450		186
106		297		24685		196
107		317		24911		199
108		290		25140		189
109		288		25364		190
110		272		25581		192
111		274		25806		183
112		289		26034		176
113		285		26258		180
114		310		26486		188
115		349		26719		188
116		367		26946		194
117		385		27187		197
118		381		27422		183
119		368		27653		183
120		388		27889		192
121		350		28114		192
122		342		28348		192
123		361		28579		189
124		358		28805		187
125		341		29027		188
126		339		29258		192
127		317		29490		193
128		325		29721		180
129		358		29953		183
130		349		30185		190
131		357		30421		188
132		326		30659		193
133		322		30889		195
134		348		31126		194
135		326		31353		194
136		311		31583		193
137		311		31812		193
138		324		32039		193
139		306		32269		182
140		338		32503		186
141		330		32731		187
142		357		32963		187
143		372		33194		182
144		366		33422		190
145		333		33650		185
146		365		33876		183
147		318		34105		187
148		326		34325		184
149		322		34555		183
150		343		34786		187
151		338		35022		186
152		329		35258		191
153		316		35485		190
154		321		35717		183
155		343		35943		188
156		312		36167		193
157		291		36402		190
158		342		36634		187
159		317		36865		187
160		306		37086		193
161		323		37317		197
162		330		37553		190
163		349		37789		191
164		366		38021		181
165		338		38248		183
166		333		38476		182
167		365		38710		191
168		343		38944		185
169		372		39177		190
170		336		39410		193
171		365		39638		188
172		375		39872		192
173		341		40103		194
174		353		40329		189
175		332		40563		192
176		329		40798		188
177		305		41029		185
178		308		41253		186
179		312		41476		180
180		310		41704		186
181		296		41927		194
182		282		42148		189
183		266		42379		183
184		243		42608		187
185		269		42831		190
186		272		43059		191
187		241		43290		193
188		213		43517		189
189		244		43745		189
190		260		43961		194
191		251		44191		188
192		242		44419		191
193		253		44639		189
194		261		44862		185
195		229		45092		185
196		250		45316		181
197		274		45544		188
198		236		45771		190
199		206		45997		186
200		205		46215		189
201		230		46433		190
202		241		46659		188
203		243		46869		180
204		253		47088		180
205		260		47307		188
206		267		47534		187
207		225		47763		187
208		243		47976		183
209		270		48193		183
210		235		48410		182
211		239		48633		182
212		208		48850		189
213		253		49063		184
214		197		49281		181
215		218		49504		185
216		242		49731		189
217		234		49945		189
218		222		50158		188
219		223		50375		186
220		232		50593		183
221		203		50820		188
222		207		51045		191
223		223		51264		188
224		225		51491		192
225		195		51708		188
226		220		51929		186
227		196		52145		181
228		236		52362		191
229		245		52585		190
230		278		52813		189
231		278		53039		193
232		241		53263		191
233		228		53484		190
234		213		53705		191
235		182		53912		190
236		213		54132		188
237		190		54353		189
238		203		54566		190
239		224		54786		187
240		260		55008		184
241		265		55229		189
242		245		55447		187
243		225		55676		185
244		208		55885		189
245		225		56113		190
246		236		56341		190
247		240		56564		192
248		257		56789		188
249		281		57011		196
250		290		57239		189
251		301		57461		192
252		300		57691		185
253		256		57913		182
254		279		58144		183
255		291		58368		191
256		294		58594		188
257		277		58816		187
258		291		59043		189
259		353		59272		187
260		353		59509		190
261		374		59747		194
262		321		59977		197
263		304		60207		189
264		314		60433		191
265		317		60665		189
266		330		60892		185
267		313		61114		188
268		272		61329		186
269		338		61560		185
270		347		61787		197
271		330		62022		192
272		295		62252		185
273		305		62477		189
274		321		62699		192
275		318		62931		193
276		307		63154		193
277		292		63376		191
278		307		63600		189
279		311		63826		183
280		317		64059		187
281		317		64286		183
282		265		64515		181
283		257		64735		189
284		258		64963		189
285		229		65183		187
286		232		65405		190
287		238		65623		186
288		260		65847		184
289		289		66073		184
290		282		66302		188
291		287		66537		194
292		272		66761		183
293		263		66978		183
294		231		67204		188
295		239		67422		192
296		291		67636		181
297		256		67850		181
298		267		68067		186
299		310		68292		191
300		325		68522		188
301		294		68746		191
302		290		68975		183
303		270		69192		187
304		293		69424		184
305		272		69647		187
306		276		69866		186
307		261		70081		187
308		252		70307		183
309		260		70524		189
310		260		70742		184
311		259		70959		186
312		239		71178		192
313		253		71396		190
314		270		71623		192
315		248		71846		192
316		279		72066		182
317		291		72287		189
318		265		72510		194
319		242		72734		188
320		257		72961		190
321		247		73190		187
322		259		73417		187
323		231		73637		190
324		198		73862		184
325		198		74076		188
326		229		74291		186
327		221		74505		187
328		206		74722		192
329		184		74939		188
330		198		75150		189
331		215		75372		187
332		239		75599		186
333		261		75829		184
334		299		76054		188
335		274		76277		187
336		237		76495		187
337		221		76720		186
338		250		76949		182
339		267		77174		187
340		294		77404		184
341		260		77635		187
342		273		77864		182
343		281		78092		184
344		243		78324		185
345		229		78538		188
346		247		78757		189
347		221		78980		195
348		219		79201		189
349		265		79431		193
350		275		79652		189
351		261		79873		185
352		255		80097		191
353		288		80317		187
354		268		80541		185
355		240		80768		189
356		246		80989		188
357		270		81212		192
358		262		81429		186
359		252		81657		193
360		262		81885		192
361		253		82105		189
362		250		82330		183
363		233		82556		183
364		231		82782		191
365		240		83013		188
366		248		83238		193
367		259		83467		190
368		268		83698		185
369		271		83919		189
370		262		84141		182
371		239		84368		189
372		234		84597		190
373		261		84824		189
374		238		85046		190
375		256		85270		187
376		243		85489		190
377		198		85710		185
378		206		85924		186
379		231		86137		189
380		216		86349		183
381		204		86564		189
382		211		86785		188
383		202		87002		186
384		190		87217		187
385		219		87431		189
386		202		87659		187
387		194		87864		185
388		210		88080		186
389		219		88296		186
390		233		88509		192
391		220		88725		190
392		189		88944		187
393		212		89154		192
394		197		89370		187
395		190		89588		190
396		180		89800		192
397		189		90006		191
398		209		90222		183
399		213		90449		183
400		224		90671		187
401		203		90897		190
402		213		91104		188
403		234		91332		186
404		212		91549		181
405		245		91767		190
406		242		91988		189
407		223		92203		190
408		196		92435		192
409		203		92657		193
410		169		92875		186
411		167		93092		183
412		188		93309		186
413		212		93519		184
414		205		93733		190
415		235		93947		189
416		199		94167		188
417		206		94386		187
418		215		94608		186
419		195		94823		187
420		187		95043		187
421		199		95261		187
422		184		95477		192
423		178		95696		193
424		219		95911		189
425		227		96132		192
426		214		96354		187
427		242		96571		191
428		241		96794		192
429		223		97023		190
430		217		97237		192
431		216		97449		192
432		216		97668		194
433		236		97893		192
434		178		98119		188
435		193		98342		188
436		220		98558		184
437		220		98778		184
438		194		99000		189
439		221		99221		183
440		216		99438		189
441		197		99653		189
442		225		99870		187
443		227		100086		188
444		230		100308		195
445		247		100520		189
446		196		100732		193
447		191		100938		188
448		198		101160		189
449		211		101374		188
450		209		101589		184
451		207		101802		189
452		188		102018		185
453		203		102236		185
454		188		102441		187
455		179		102658		187
456		206		102875		191
457		227		103099		194
458		241		103322		186
459		225		103546		188
460		225		103765		189
461		214		103987		192
462		213		104205		188
463		224		104426		188
464		224		104647		188
465		199		104863		193
466		187		105084		189
467		185		105300		185
468		213		105511		192
469		186		105724		195
470		192		105937		188
471		194		106155		190
472		191		106380		188
473		180		106591		188
474		167		106804		189
475		182		107024		189
476		173		107244		191
477		189		107460		185
478		206		107661		190
479		183		107878		188
480		192		108087		192
481		199		108303		190
482		190		108515		189
483		184		108738		187
484		186		108955		189
485		197		109170		192
486		174		109384		191
487		174		109599		188
488		195		109816		191
489		189		110031		191
490		192		110242		186
491		217		110466		183
492		198		110678		183
493		194		110893		189
494		180		111120		190
495		201		111334		191
496		224		111552		192
497		207		111761		188
498		189		111980		188
499		197		112200		186
500		216		112408		187
501		190		112631		190
502		197		112850		189
503		195		113072		188
504		196		113287		185
505		179		113511		183
506		180		113733		186
507		179		113939		187
508		179		114154		189
509		186		114361		194
510		190		114575		190
511		215		114797		188
512		225		115009		190
513		207		115230		190
514		185		115452		188
515		201		115669		189
516		192		115885		187
517		172		116109		192
518		199		116327		185
519		227		116548		181
520		225		116765		187
521		206		116977		190
522		188		117187		189
523		186		117394		188
524		195		117600		186
525		212		117816		189
526		213		118034		187
527		219		118251		187
528		222		118460		186
529		206		118676		187
530		192		118892		189
531		206		119110		192
532		203		119329		189
533		190		119545		185
534		192		119764		185
535		197		119963		187
536		194		120177		190
537		171		120393		189
538		204		120602		188
539		197		120817		187
540		222		121033		186
541		222		121256		183
542		215		121468		184
543		197		121676		182
544		192		121887		188
545		197		122091		184
546		190		122309		179
547		195		122520		188
548		210		122742		188
549		201		122963		187
550		207		123171		189
551		214		123382		185
552		245		123600		194
553		198		123826		189
554		192		124035		184
555		192		124254		189
556		197		124466		187
557		205		124688		187
558		203		124908		187
559		205		125121		182
560		204		125339		186
561		209		125562		182
562		184		125774		185
563		195		125997		185
564		185		126214		190
565		182		126423		187
566		185		126628		186
567		181		126841		184
568		196		127056		188
569		188		127269		187
570		197		127487		184
571		187		127698		187
572		199		127918		193
573		180		128131		191
574		167		128358		191
575		185		128566		186
576		180		128780		186
577		199		128987		186
578		211		129204		189
579		216		129427		195
580		207		129642		191
581		218		129857		182
582		211		130077		183
583		206		130301		185
584		195		130517		187
585		193		130728		188
586		196		130939		189
587		194		131155		189
588		167		131382		189
589		176		131587		191
590		179		131803		189
591		178		132019		190
592		165		132221		188
593		181		132423		189
594		178		132628		187
595		189		132840		190
596		181		133050		187
597		187		133264		190
598		151		133483		189
599		156		133704		190
600		167		133919		187
601		191		134131		190
602		206		134347		189
603		222		134564		186
604		181		134782		189
605		171		134994		185
606		187		135201		189
607		202		135421		188
608		205		135641		187
609		194		135856		187
610		194		136065		187
611		182		136285		191
612		198		136501		184
613		192		136707		187
614		200		136927		189
615		180		137141		187
616		181		137353		187
617		181		137569		192
618		187		137791		188
619		165		138001		188
620		171		138224		188
621		180		138435		188
622		175		138640		186
623		184		138849		185
624		192		139068		189
625		206		139276		188
626		182		139491		189
627		192		139701		187
628		197		139903		187
629		187		140110		188
630		192		140317		189
631		185		140533		192
632		204		140745		195
633		212		140961		194
634		207		141178		191
635		194		141399		187
636		199		141619		186
637		188		141835		187
638		173		142053		188
639		182		142263		187
640		210		142486		186
641		190		142697		191
642		184		142908		193
643		155		143132		189
644		154		143353		191
645		150		143569		190
646		173		143780		190
647		168		143990		188
648		152		144200		188
649		151		144413		185
650		146		144627		190
651		142		144836		185
652		154		145047		185
653		177		145264		190
654		176		145476		187
655		179		145688		188
656		183		145905		187
657		193		146119		190
658		190		146328		191
659		186		146548		189
660		199		146751		189
661		198		146959		188
662		208		147165		187
663		209		147381		188
664		177		147594		187
665		178		147814		184
666		181		148023		189
667		171		148234		194
668		175		148447		191
669		177		148664		192
670		191		148865		190
671		189		149077		189
672		203		149293		190
673		200		149502		187
674		201		149713		187
675		194		149936		188
676		169		150154		187
677		170		150372		189
678		175		150580		190
679		177		150796		190
680		177		151002		191
681		188		151217		192
682		190		151435		187
683		197		151638		186
684		202		151858		188
685		174		152078		187
686		159		152289		188
687		163		152499		189
688		166		152709		185
689		166		152924		187
690		173		153121		189
691		194		153333		185
692		183		153535		185
693		181		153757		187
694		202		153968		181
695		223		154184		188
696		187		154405		189
697		178		154624		187
698		186		154836		188
699		195		155041		184
700		192		155265		186
701		185		155472		184
702		185		155693		187
703		188		155897		187
704		192		156108		182
705		170		156323		184
706		188		156523		185
707		187		156737		185
708		194		156951		188
709		214		157161		193
710		205		157386		191
711		196		157594		189
712		205		157807		189
713		199		158020		187
714		191		158241		180
715		180		158455		185
716		170		158669		186
717		160		158881		184
718		157		159098		185
719		144		159303		182
720		149		159519		182
721		140		159710		184
722		149		159920		184
723		172		160134		186
724		159		160354		188
725		138		160561		187
726		145		160772		187
727		143		160978		188
728		154		161179		185
729		150		161383		185
730		132		161600		183
731		140		161808		185
732		144		162030		181
733		152		162242		187
734		145		162453		187
735		135		162670		184
736		144		162879		185
737		115		163089		185
738		124		163294		186
739		116		163500		188
740		116		163706		189
741		128		163916		189
742		117		164126		189
743		122		164338		186
744		123		164545		187
745		121		164750		189
746		113		164955		188
747		116		165170		188
748		112		165385		189
749		112		165592		188
750		118		165803		189
751		124		166017		189
752		118		166229		189
753		117		166444		189
754		127		166642		188
755		133		166853		191
756		140		167066		193
757		139		167278		191
758		149		167490		191
759		168		167705		191
760		160		167915		186
761		131		168123		188
762		136		168336		188
763		148		168548		190
764		155		168752		186
765		139		168968		188
766		120		169172		189
767		129		169379		187
768		126		169585		190
769		126		169789		190
770		125		170003		188
771		126		170215		190
772		128		170427		190
773		128		170643		190
774		135		170847		190
775		145		171056		187
776		145		171274		187
777		146		171477		188
778		153		171701		190
779		147		171913		187
780		144		172127		187
781		139		172323		183
782		147		172539		188
783		152		172750		189
784		133		172969		192
785		140		173189		188
786		138		173408		187
787		135		173618		186
788		143		173825		184
789		147		174045		183
790		144		174258		184
791		145		174470		187
792		137		174672		184
793		139		174883		185
794		153		175091		188
795		152		175301		188
796		147		175512		190
797		156		175721		189
798		162		175931		186
799		175		176153		185
800		181		176374		187
801		173		176584		191
802		175		176794		192
803		174		177008		191
804		175		177209		189
805		171		177417		186
806		155		177627		188
807		164		177838		191
808		168		178048		189
809		153		178258		190
810		148		178466		188
811		148		178673		183
812		151		178886		184
813		150		179095		188
814		156		179305		186
815		153		179509		186
816		148		179726		188
817		143		179929		188
818		142		180131		188
819		141		180343		188
820		154		180551		187
821		150		180776		188
822		136		180991		189
823		122		181205		185
824		115		181414		187
825		119		181624		187
826		111		181840		192
827		99		182052		190
828		112		182257		188
829		106		182449		189
830		112		182671		188
831		113		182877		188
832		119		183088		190
833		123		183300		191
834		121		183514		190
835		118		183728		189
836		116		183938		191
837		116		184149		191
838		116		184363		191
839		123		184576		191
840		126		184778		191
841		131		184990		186
842		124		185197		185
843		118		185402		186
844		122		185610		186
845		114		185806		187
846		102		186011		187
847		108		186208		185
848		115		186408		186
849		102		186615		185
850		103		186822		184
851		105		187033		185
852		103		187243		185
853		105		187461		184
854		96		187664		186
855		100		187870		186
856		101		188079		187
857		109		188285		187
858		108		188492		189
859		113		188703		188
860		116		188902		188
861		115		189111		187
862		118		189317		187
863		115		189525		187
864		117		189725		188
865		117		189946		188
866		107		190158		187
867		106		190358		188
868		106		190574		189
869		106		190784		189
870		105		190991		190
871		109		191203		186
872		91		191406		186
873		94		191615		187
874		100		191825		189
875		99		192032		186
876		96		192239		189
877		97		192447		187
878		92		192650		187
879		84		192852		190
880		84		193063		190
881		85		193276		188
882		82		193484		188
883		86		193696		187
884		86		193898		188
885		87		194107		188
886		79		194311		188
887		79		194522		188
888		79		194730		188
889		80		194933		187
890		80		195140		187
891		84		195346		189
892		84		195558		188
893		84		195768		188
894		85		195982		190
895		85		196186		190
896		85		196390		189
897		86		196600		189
898		82		196808		190
899		78		197002		190
900		78		197207		190
901		78		197410		190
902		70		197622		189
903		70		197825		189
904		70		198033		189
905		70		198235		189
906		73		198444		187
907		73		198640		187
908		73		198848		187
909		73		199051		187
910		73		199261		187
911		73		199466		187
912		73		199674		187
913		77		199880		187
914		77		200083		186
915		77		200288		187
916		76		200499		189
917		76		200712		189
918		75		200915		188
919		78		201124		189
920		78		201335		189
921		78		201540		189
922		78		201745		189
923		79		201954		189
924		79		202157		188
925		79		202362		188
926		79		202574		188
927		80		202777		187
928		81		202989		188
929		79		203197		189
930		79		203408		189
931		79		203620		189
932		79		203820		189
933		79		204022		187
934		79		204221		187
935		79		204422		187
936		79		204612		187
937		82		204808		187
938		82		205027		187
939		85		205235		188
940		85		205440		188
941		85		205645		188
942		87		205856		187
943		93		206070		188
944		94		206274		188
945		95		206490		187
946		86		206699		188
947		83		206913		189
948		86		207119		187
949		86		207335		187
950		86		207543		187
951		86		207745		187
952		88		207957		187
953		88		208162		187
954		88		208372		187
955		91		208578		190
956		90		208778		191
957		90		208990		191
958		90		209194		191
959		83		209403		190
960		83		209612		190
961		83		209813		190
962		83		210014		190
963		83		210227		190
964		83		210435		190
965		80		210654		189
966		75		210852		188
967		75		211062		188
968		75		211261		188
969		74		211470		190
970		74		211670		190
971		74		211863		189
972		74		212062		189
973		74		212260		189
974		74		212459		189
975		74		212660		189
976		73		212869		189
977		73		213072		189
978		73		213274		189
979		73		213485		189
980		73		213693		189
981		74		213894		190
982		74		214097		190
983		77		214307		189
984		77		214526		189
985		77		214733		189
986		78		214945		188
987		80		215147		187
988		80		215358		187
989		80		215561		187
990		80		215768		187
991		80		215976		187
992		80		216186		187
993		80		216395		187
994		80		216605		187
995		80		216817		187
996		80		217030		187
997		82		217230		189
998		80		217443		188
999		80		217643		188
