# Migration is number of nodes that have changed color.

Round		Edge-Cut		Swaps		Migrations		Skipped
0		486		248		171
1		475		491		184
2		445		730		197
3		422		968		190
4		410		1208		191
5		339		1439		191
6		336		1670		193
7		342		1899		187
8		334		2138		188
9		300		2362		195
10		309		2590		186
11		335		2819		184
12		320		3043		183
13		288		3271		183
14		285		3495		181
15		297		3724		182
16		347		3956		188
17		339		4189		181
18		357		4430		185
19		306		4660		184
20		315		4898		189
21		280		5128		186
22		333		5353		192
23		338		5589		189
24		402		5823		191
25		377		6055		193
26		353		6289		197
27		359		6523		185
28		371		6756		185
29		370		6980		198
30		345		7211		184
31		353		7449		185
32		382		7667		192
33		357		7896		187
34		315		8126		181
35		306		8354		184
36		282		8578		186
37		324		8810		180
38		333		9041		193
39		337		9279		186
40		380		9505		189
41		365		9733		186
42		369		9971		184
43		335		10207		185
44		343		10438		178
45		357		10672		185
46		363		10898		195
47		376		11132		194
48		384		11365		188
49		375		11600		189
50		369		11839		193
51		325		12070		190
52		345		12298		182
53		349		12530		184
54		370		12763		186
55		387		13000		186
56		425		13239		182
57		395		13473		179
58		405		13705		189
59		358		13934		186
60		347		14173		178
61		349		14395		181
62		351		14619		180
63		356		14854		186
64		367		15087		193
65		359		15324		191
66		331		15552		176
67		288		15775		182
68		283		15996		187
69		275		16216		193
70		296		16440		190
71		297		16667		193
72		306		16897		191
73		293		17121		190
74		315		17350		186
75		307		17579		193
76		320		17808		194
77		350		18035		190
78		333		18266		189
79		389		18499		185
80		340		18741		189
81		336		18974		190
82		352		19200		192
83		345		19429		183
84		316		19661		183
85		316		19888		182
86		309		20118		182
87		287		20347		189
88		296		20574		189
89		284		20797		184
90		289		21018		186
91		262		21247		189
92		235		21477		188
93		278		21705		192
94		274		21923		185
95		287		22145		192
96		287		22372		191
97		286		22603		184
98		223		22816		181
99		252		23041		181
100		298		23267		188
101		267		23494		190
102		291		23715		187
103		287		23932		184
104		314		24154		180
105		300		24380		186
106		298		24607		190
107		303		24835		184
108		239		25062		182
109		293		25285		188
110		281		25515		190
111		272		25747		188
112		287		25969		191
113		278		26181		193
114		243		26409		191
115		250		26622		186
116		234		26841		184
117		257		27072		184
118		266		27296		183
119		240		27514		190
120		251		27739		191
121		252		27962		187
122		268		28182		191
123		282		28411		187
124		261		28629		188
125		263		28850		182
126		254		29069		181
127		247		29293		183
128		253		29513		188
129		274		29727		181
130		275		29952		191
131		273		30181		182
132		273		30404		186
133		290		30631		181
134		298		30850		187
135		276		31076		183
136		301		31303		186
137		313		31531		188
138		303		31760		188
139		299		31980		191
140		294		32209		187
141		318		32434		197
142		320		32657		192
143		282		32890		198
144		260		33115		190
145		261		33337		187
146		248		33552		189
147		234		33777		188
148		232		33987		192
149		210		34203		191
150		219		34421		186
151		227		34646		186
152		222		34863		187
153		227		35072		184
154		232		35299		185
155		190		35520		186
156		176		35730		187
157		183		35945		187
158		177		36158		185
159		180		36376		194
160		169		36587		190
161		188		36809		187
162		219		37029		185
163		225		37249		184
164		206		37470		184
165		190		37692		184
166		194		37900		189
167		201		38116		189
168		228		38338		188
169		241		38547		186
170		238		38765		186
171		242		38991		184
172		254		39215		185
173		263		39431		186
174		259		39645		186
175		270		39875		187
176		268		40094		190
177		229		40310		192
178		227		40542		185
179		201		40763		188
180		185		40982		184
181		228		41193		186
182		208		41410		185
183		219		41632		184
184		212		41854		189
185		208		42069		192
186		204		42289		188
187		229		42514		183
188		197		42739		190
189		211		42960		185
190		196		43173		179
191		193		43397		183
192		198		43610		188
193		194		43832		188
194		205		44049		192
195		206		44270		182
196		206		44481		184
197		218		44699		186
198		192		44922		190
199		209		45136		188
200		207		45355		193
201		208		45579		193
202		207		45807		191
203		227		46020		186
204		228		46242		187
205		256		46462		183
206		239		46676		186
207		219		46889		185
208		219		47111		193
209		223		47322		189
210		231		47549		184
211		247		47768		183
212		235		47982		194
213		220		48196		190
214		235		48414		193
215		224		48633		189
216		238		48843		187
217		228		49063		189
218		235		49282		191
219		240		49504		189
220		240		49724		193
221		227		49943		187
222		202		50150		188
223		191		50363		190
224		186		50571		189
225		201		50787		193
226		198		51004		188
227		202		51218		186
228		222		51439		186
229		216		51664		188
230		240		51878		192
231		240		52105		188
232		253		52330		189
233		260		52552		190
234		236		52767		185
235		255		52994		185
236		267		53218		180
237		259		53435		186
238		257		53647		184
239		243		53867		186
240		238		54088		187
241		229		54305		185
242		216		54522		184
243		215		54734		188
244		221		54946		198
245		241		55161		199
246		223		55375		195
247		218		55590		189
248		196		55803		188
249		190		56019		182
250		158		56229		186
251		161		56442		189
252		190		56663		189
253		179		56882		188
254		187		57101		188
255		196		57322		186
256		171		57546		188
257		152		57762		188
258		152		57976		189
259		171		58196		188
260		167		58402		188
261		169		58616		188
262		164		58832		189
263		170		59039		185
264		175		59259		189
265		179		59471		187
266		146		59686		188
267		153		59903		188
268		151		60115		188
269		143		60323		187
270		122		60523		191
271		141		60729		184
272		162		60939		184
273		155		61161		184
274		168		61380		189
275		145		61590		185
276		158		61793		184
277		160		62010		188
278		173		62217		188
279		176		62427		187
280		175		62634		185
281		174		62841		183
282		180		63057		182
283		204		63267		184
284		180		63490		183
285		175		63710		184
286		149		63925		187
287		140		64134		188
288		153		64344		189
289		144		64551		188
290		147		64770		189
291		150		64989		188
292		149		65203		190
293		162		65413		191
294		142		65630		186
295		150		65838		187
296		142		66051		189
297		175		66261		189
298		175		66468		193
299		189		66688		188
300		202		66911		192
301		203		67131		186
302		162		67337		186
303		149		67546		186
304		144		67749		189
305		149		67954		189
306		145		68166		188
307		145		68368		189
308		136		68589		191
309		134		68805		191
310		135		69016		191
311		126		69215		191
312		135		69431		190
313		158		69640		187
314		158		69851		189
315		153		70062		186
316		161		70269		178
317		149		70476		183
318		152		70685		184
319		149		70900		189
320		155		71115		192
321		155		71327		189
322		160		71526		187
323		164		71738		185
324		181		71948		189
325		182		72158		187
326		166		72364		184
327		167		72576		185
328		176		72790		184
329		172		73002		185
330		184		73216		188
331		186		73428		187
332		168		73641		185
333		180		73865		183
334		189		74079		184
335		171		74283		185
336		153		74495		184
337		159		74713		188
338		148		74924		187
339		155		75137		188
340		149		75356		187
341		154		75566		185
342		149		75780		186
343		151		75989		189
344		142		76193		188
345		136		76408		184
346		137		76613		186
347		147		76827		187
348		135		77030		185
349		135		77245		186
350		138		77458		184
351		131		77675		185
352		129		77887		184
353		135		78094		184
354		130		78292		185
355		132		78504		187
356		132		78714		188
357		133		78924		185
358		141		79134		184
359		143		79353		186
360		154		79566		187
361		160		79771		188
362		149		79978		189
363		130		80185		187
364		129		80383		188
365		123		80607		190
366		124		80821		189
367		120		81029		189
368		132		81238		187
369		138		81444		186
370		144		81655		185
371		153		81864		184
372		147		82067		184
373		148		82285		184
374		147		82501		187
375		141		82704		190
376		140		82916		185
377		144		83133		186
378		139		83351		184
379		128		83562		187
380		127		83761		186
381		138		83974		183
382		134		84180		186
383		137		84391		187
384		129		84594		189
385		121		84799		190
386		119		85013		187
387		121		85223		185
388		122		85426		188
389		123		85628		187
390		127		85835		188
391		128		86042		187
392		125		86237		187
393		126		86434		187
394		130		86644		188
395		127		86857		189
396		126		87066		189
397		127		87261		188
398		126		87474		189
399		127		87682		184
400		120		87875		187
401		119		88079		189
402		122		88290		187
403		114		88495		189
404		113		88716		187
405		113		88919		187
406		112		89136		186
407		114		89341		186
408		114		89555		186
409		120		89764		186
410		126		89960		188
411		132		90162		188
412		132		90372		188
413		132		90579		186
414		140		90788		188
415		136		90991		190
416		137		91197		186
417		135		91414		189
418		135		91621		186
419		133		91821		184
420		136		92023		184
421		134		92216		186
422		137		92422		185
423		142		92631		189
424		141		92838		190
425		133		93045		188
426		132		93249		191
427		133		93453		190
428		137		93651		190
429		131		93866		189
430		132		94078		190
431		123		94298		190
432		123		94506		192
433		123		94712		191
434		129		94928		188
435		129		95139		188
436		129		95341		188
437		131		95545		186
438		120		95762		186
439		122		95967		186
440		117		96167		184
441		118		96375		185
442		122		96586		184
443		125		96784		185
444		124		96986		186
445		122		97193		190
446		122		97398		191
447		123		97590		190
448		123		97797		190
449		124		97990		190
450		124		98203		189
451		121		98400		189
452		121		98610		189
453		121		98813		189
454		120		99020		190
455		118		99221		190
456		114		99421		191
457		114		99628		191
458		108		99828		191
459		108		100043		191
460		108		100238		191
461		108		100434		191
462		108		100642		191
463		108		100847		191
464		105		101042		189
465		105		101247		189
466		105		101452		189
467		107		101658		190
468		110		101872		191
469		110		102068		191
470		111		102279		189
471		110		102483		188
472		110		102695		188
473		110		102902		188
474		108		103108		188
475		108		103320		188
476		107		103529		190
477		107		103737		190
478		107		103946		190
479		107		104158		190
480		107		104364		190
481		104		104570		190
482		106		104780		190
483		106		104985		188
484		106		105195		188
485		106		105403		188
486		106		105609		189
487		106		105814		189
488		106		106017		188
489		102		106227		189
490		104		106437		190
491		104		106646		190
492		104		106847		190
493		102		107049		188
494		102		107260		188
495		102		107473		188
496		102		107473		188
497		99		107474		188
498		99		107474		188
499		99		107475		190
500		97		107476		189
501		97		107476		189
502		97		107476		189
503		97		107476		189
504		97		107476		189
505		97		107476		189
506		97		107476		189
507		97		107476		189
508		97		107476		189
509		98		107477		188
510		98		107477		188
511		94		107478		188
512		94		107478		188
513		95		107479		187
514		95		107479		187
515		95		107480		189
516		95		107480		189
517		95		107480		189
518		95		107480		189
519		95		107480		189
520		95		107480		189
521		95		107480		189
522		95		107480		189
523		95		107480		189
524		95		107480		189
525		95		107480		189
526		94		107481		188
527		94		107481		188
528		94		107481		188
529		94		107481		188
530		94		107481		188
531		94		107481		188
532		95		107482		189
533		95		107482		189
534		95		107482		189
535		95		107482		189
536		95		107482		189
537		95		107482		189
538		95		107482		189
539		95		107482		189
540		95		107482		189
541		95		107482		189
542		95		107482		189
543		94		107483		188
544		94		107483		188
545		94		107483		188
546		94		107483		188
547		95		107484		189
548		95		107484		189
549		97		107485		188
550		98		107486		188
551		98		107486		188
552		98		107486		188
553		98		107486		188
554		98		107486		188
555		98		107487		188
556		99		107488		187
557		99		107488		187
558		99		107488		187
559		95		107489		187
560		95		107489		187
561		95		107489		187
562		95		107489		187
563		95		107489		187
564		94		107490		188
565		94		107490		188
566		94		107490		188
567		94		107490		188
568		95		107491		187
569		95		107491		187
570		97		107492		188
571		97		107492		188
572		94		107493		188
573		94		107493		188
574		94		107493		188
575		94		107493		188
576		94		107493		188
577		94		107493		188
578		94		107493		188
579		94		107493		188
580		94		107493		188
581		94		107493		188
582		94		107493		188
583		94		107493		188
584		94		107493		188
585		94		107493		188
586		94		107493		188
587		94		107493		188
588		94		107493		188
589		94		107493		188
590		94		107493		188
591		94		107493		188
592		94		107493		188
593		94		107493		188
594		95		107494		186
595		95		107494		186
596		94		107495		187
597		94		107495		187
598		94		107495		187
599		94		107495		187
600		94		107495		187
601		94		107495		187
602		94		107495		187
603		94		107495		187
604		94		107495		187
605		94		107495		187
606		94		107495		187
607		94		107495		187
608		94		107495		187
609		94		107495		187
610		94		107495		187
611		94		107495		187
612		94		107495		187
613		94		107495		187
614		94		107495		187
615		94		107495		187
616		94		107495		187
617		94		107495		187
618		94		107495		187
619		94		107495		187
620		94		107495		187
621		94		107495		187
622		94		107495		187
623		94		107495		187
624		94		107495		187
625		94		107495		187
626		94		107495		187
627		94		107495		187
628		94		107495		187
629		94		107495		187
630		94		107495		187
631		94		107495		187
632		94		107495		187
633		94		107495		187
634		94		107495		187
635		94		107495		187
636		94		107495		187
637		94		107495		187
638		94		107495		187
639		94		107495		187
640		94		107495		187
641		94		107495		187
642		94		107495		187
643		94		107495		187
644		94		107495		187
645		94		107495		187
646		94		107495		187
647		94		107495		187
648		94		107495		187
649		94		107495		187
650		94		107495		187
651		94		107495		187
652		94		107495		187
653		94		107495		187
654		94		107495		187
655		94		107495		187
656		94		107495		187
657		94		107495		187
658		94		107495		187
659		94		107495		187
660		94		107495		187
661		94		107495		187
662		94		107495		187
663		94		107495		187
664		94		107495		187
665		94		107495		187
666		94		107495		187
667		94		107495		187
668		94		107495		187
669		94		107495		187
670		94		107495		187
671		94		107495		187
672		94		107495		187
673		94		107495		187
674		94		107495		187
675		94		107495		187
676		94		107495		187
677		94		107495		187
678		94		107495		187
679		94		107495		187
680		94		107495		187
681		94		107495		187
682		94		107495		187
683		94		107495		187
684		94		107495		187
685		94		107495		187
686		94		107495		187
687		94		107495		187
688		94		107495		187
689		94		107495		187
690		94		107495		187
691		94		107495		187
692		94		107495		187
693		94		107495		187
694		94		107495		187
695		94		107495		187
696		94		107495		187
697		94		107495		187
698		94		107495		187
699		94		107495		187
700		94		107495		187
701		94		107495		187
702		94		107495		187
703		94		107495		187
704		94		107495		187
705		94		107495		187
706		94		107495		187
707		94		107495		187
708		94		107495		187
709		94		107495		187
710		94		107495		187
711		94		107495		187
712		94		107495		187
713		94		107495		187
714		94		107495		187
715		94		107495		187
716		94		107495		187
717		94		107495		187
718		94		107495		187
719		94		107495		187
720		94		107495		187
721		94		107495		187
722		94		107495		187
723		94		107495		187
724		94		107495		187
725		94		107495		187
726		94		107495		187
727		94		107495		187
728		94		107495		187
729		94		107495		187
730		94		107495		187
731		94		107495		187
732		94		107495		187
733		94		107495		187
734		94		107495		187
735		94		107495		187
736		94		107495		187
737		94		107495		187
738		94		107495		187
739		94		107495		187
740		94		107495		187
741		94		107495		187
742		94		107495		187
743		94		107495		187
744		94		107495		187
745		94		107495		187
746		94		107495		187
747		94		107495		187
748		94		107495		187
749		94		107495		187
750		94		107495		187
751		94		107495		187
752		94		107495		187
753		94		107495		187
754		94		107495		187
755		94		107495		187
756		94		107495		187
757		94		107495		187
758		94		107495		187
759		94		107495		187
760		94		107495		187
761		94		107495		187
762		94		107495		187
763		94		107495		187
764		94		107495		187
765		94		107495		187
766		94		107495		187
767		94		107495		187
768		94		107495		187
769		94		107495		187
770		94		107495		187
771		94		107495		187
772		94		107495		187
773		94		107495		187
774		94		107495		187
775		94		107495		187
776		94		107495		187
777		94		107495		187
778		94		107495		187
779		94		107495		187
780		94		107495		187
781		94		107495		187
782		94		107495		187
783		94		107495		187
784		94		107495		187
785		94		107495		187
786		94		107495		187
787		94		107495		187
788		94		107495		187
789		94		107495		187
790		94		107495		187
791		94		107495		187
792		94		107495		187
793		94		107495		187
794		94		107495		187
795		94		107495		187
796		94		107495		187
797		94		107495		187
798		94		107495		187
799		94		107495		187
800		94		107495		187
801		94		107495		187
802		94		107495		187
803		94		107495		187
804		94		107495		187
805		94		107495		187
806		94		107495		187
807		94		107495		187
808		94		107495		187
809		94		107495		187
810		94		107495		187
811		94		107495		187
812		94		107495		187
813		94		107495		187
814		94		107495		187
815		94		107495		187
816		94		107495		187
817		94		107495		187
818		94		107495		187
819		94		107495		187
820		94		107495		187
821		94		107495		187
822		94		107495		187
823		94		107495		187
824		94		107495		187
825		94		107495		187
826		94		107495		187
827		94		107495		187
828		94		107495		187
829		94		107495		187
830		94		107495		187
831		94		107495		187
832		94		107495		187
833		94		107495		187
834		94		107495		187
835		94		107495		187
836		94		107495		187
837		94		107495		187
838		94		107495		187
839		94		107495		187
840		94		107495		187
841		94		107495		187
842		94		107495		187
843		94		107495		187
844		94		107495		187
845		94		107495		187
846		94		107495		187
847		94		107495		187
848		94		107495		187
849		94		107495		187
850		94		107495		187
851		94		107495		187
852		94		107495		187
853		94		107495		187
854		94		107495		187
855		94		107495		187
856		94		107495		187
857		94		107495		187
858		94		107495		187
859		94		107495		187
860		94		107495		187
861		94		107495		187
862		94		107495		187
863		94		107495		187
864		94		107495		187
865		94		107495		187
866		94		107495		187
867		94		107495		187
868		94		107495		187
869		94		107495		187
870		94		107495		187
871		94		107495		187
872		94		107495		187
873		94		107495		187
874		94		107495		187
875		94		107495		187
876		94		107495		187
877		94		107495		187
878		94		107495		187
879		94		107495		187
880		94		107495		187
881		94		107495		187
882		94		107495		187
883		94		107495		187
884		94		107495		187
885		94		107495		187
886		94		107495		187
887		94		107495		187
888		94		107495		187
889		94		107495		187
890		94		107495		187
891		94		107495		187
892		94		107495		187
893		94		107495		187
894		94		107495		187
895		94		107495		187
896		94		107495		187
897		94		107495		187
898		94		107495		187
899		94		107495		187
900		94		107495		187
901		94		107495		187
902		94		107495		187
903		94		107495		187
904		94		107495		187
905		94		107495		187
906		94		107495		187
907		94		107495		187
908		94		107495		187
909		94		107495		187
910		94		107495		187
911		94		107495		187
912		94		107495		187
913		94		107495		187
914		94		107495		187
915		94		107495		187
916		94		107495		187
917		94		107495		187
918		94		107495		187
919		94		107495		187
920		94		107495		187
921		94		107495		187
922		94		107495		187
923		94		107495		187
924		94		107495		187
925		94		107495		187
926		94		107495		187
927		94		107495		187
928		94		107495		187
929		94		107495		187
930		94		107495		187
931		94		107495		187
932		94		107495		187
933		94		107495		187
934		94		107495		187
935		94		107495		187
936		94		107495		187
937		94		107495		187
938		94		107495		187
939		94		107495		187
940		94		107495		187
941		94		107495		187
942		94		107495		187
943		94		107495		187
944		94		107495		187
945		94		107495		187
946		94		107495		187
947		94		107495		187
948		94		107495		187
949		94		107495		187
950		94		107495		187
951		94		107495		187
952		94		107495		187
953		94		107495		187
954		94		107495		187
955		94		107495		187
956		94		107495		187
957		94		107495		187
958		94		107495		187
959		94		107495		187
960		94		107495		187
961		94		107495		187
962		94		107495		187
963		94		107495		187
964		94		107495		187
965		94		107495		187
966		94		107495		187
967		94		107495		187
968		94		107495		187
969		94		107495		187
970		94		107495		187
971		94		107495		187
972		94		107495		187
973		94		107495		187
974		94		107495		187
975		94		107495		187
976		94		107495		187
977		94		107495		187
978		94		107495		187
979		94		107495		187
980		94		107495		187
981		94		107495		187
982		94		107495		187
983		94		107495		187
984		94		107495		187
985		94		107495		187
986		94		107495		187
987		94		107495		187
988		94		107495		187
989		94		107495		187
990		94		107495		187
991		94		107495		187
992		94		107495		187
993		94		107495		187
994		94		107495		187
995		94		107495		187
996		94		107495		187
997		94		107495		187
998		94		107495		187
999		94		107495		187
