# Migration is number of nodes that have changed color.

Round		Edge-Cut		Swaps		Migrations		Skipped
0		490		249		175
1		426		489		182
2		381		719		188
3		416		952		194
4		393		1189		184
5		357		1418		186
6		337		1651		190
7		318		1883		183
8		276		2107		185
9		315		2340		188
10		311		2570		186
11		301		2797		187
12		294		3024		190
13		290		3242		187
14		287		3467		185
15		311		3696		191
16		351		3915		191
17		322		4137		192
18		331		4371		182
19		327		4602		183
20		331		4830		180
21		338		5065		188
22		333		5296		190
23		307		5533		182
24		283		5756		179
25		309		5984		186
26		306		6214		185
27		332		6444		191
28		349		6672		188
29		294		6900		186
30		318		7126		190
31		319		7357		194
32		317		7580		194
33		354		7805		196
34		325		8040		195
35		331		8273		195
36		306		8502		197
37		333		8739		192
38		326		8978		188
39		342		9210		184
40		369		9438		190
41		336		9671		184
42		322		9902		188
43		324		10130		195
44		288		10357		192
45		298		10581		187
46		305		10806		191
47		326		11038		185
48		351		11269		190
49		322		11492		200
50		318		11723		196
51		330		11951		190
52		323		12181		190
53		324		12407		191
54		332		12636		192
55		350		12871		190
56		335		13099		187
57		310		13335		191
58		311		13565		186
59		293		13796		183
60		298		14024		185
61		270		14252		188
62		278		14469		189
63		268		14694		194
64		282		14919		189
65		299		15155		190
66		294		15387		187
67		319		15615		187
68		313		15844		190
69		313		16075		185
70		303		16306		187
71		314		16529		190
72		315		16767		184
73		293		16996		182
74		301		17225		188
75		299		17445		187
76		268		17667		188
77		248		17897		183
78		218		18119		185
79		240		18341		184
80		239		18563		188
81		237		18795		189
82		209		19015		190
83		212		19235		185
84		232		19460		189
85		249		19683		192
86		244		19899		189
87		255		20119		187
88		259		20350		183
89		269		20573		186
90		293		20801		177
91		268		21031		182
92		289		21253		185
93		293		21483		189
94		293		21707		186
95		305		21928		191
96		300		22151		183
97		232		22375		189
98		262		22594		183
99		259		22823		186
100		279		23048		188
101		291		23275		190
102		283		23505		187
103		289		23734		185
104		265		23956		186
105		293		24185		182
106		292		24416		184
107		253		24634		185
108		255		24863		186
109		273		25089		191
110		289		25317		189
111		250		25541		188
112		255		25758		185
113		223		25975		189
114		217		26196		190
115		226		26409		187
116		235		26621		189
117		217		26839		192
118		215		27066		184
119		247		27287		185
120		245		27500		188
121		233		27715		192
122		260		27936		191
123		307		28164		187
124		299		28387		179
125		283		28616		182
126		284		28839		182
127		269		29063		186
128		241		29288		184
129		257		29504		186
130		228		29729		187
131		240		29957		189
132		210		30182		187
133		218		30399		189
134		243		30615		190
135		278		30829		186
136		284		31054		183
137		269		31279		185
138		277		31501		185
139		252		31721		187
140		287		31945		189
141		285		32160		186
142		246		32380		190
143		254		32605		186
144		250		32836		192
145		299		33050		183
146		227		33272		186
147		202		33492		191
148		241		33705		187
149		211		33925		190
150		211		34143		189
151		237		34365		192
152		215		34571		191
153		206		34778		192
154		225		34997		191
155		238		35202		187
156		238		35420		183
157		231		35639		187
158		221		35859		192
159		218		36072		190
160		189		36292		190
161		184		36516		192
162		185		36730		188
163		213		36949		182
164		195		37167		186
165		179		37384		190
166		191		37599		187
167		187		37816		189
168		186		38030		187
169		171		38237		187
170		170		38454		188
171		158		38663		188
172		159		38874		188
173		163		39079		189
174		162		39289		189
175		162		39503		192
176		164		39714		190
177		152		39927		189
178		162		40141		191
179		160		40357		189
180		168		40574		190
181		178		40784		188
182		169		40995		185
183		185		41216		189
184		150		41425		188
185		160		41622		193
186		144		41839		189
187		139		42062		188
188		154		42266		187
189		181		42482		186
190		182		42694		186
191		198		42906		185
192		171		43120		191
193		169		43335		190
194		161		43541		194
195		162		43757		192
196		169		43972		190
197		180		44186		189
198		183		44398		192
199		183		44618		190
200		190		44832		186
201		167		45041		183
202		168		45258		191
203		142		45469		186
204		150		45692		191
205		150		45903		191
206		128		46114		185
207		151		46321		183
208		145		46535		188
209		147		46751		185
210		156		46962		184
211		164		47177		187
212		146		47387		184
213		152		47606		186
214		150		47825		188
215		158		48038		187
216		169		48258		186
217		170		48479		191
218		177		48693		191
219		176		48905		191
220		147		49126		188
221		144		49337		190
222		128		49543		190
223		141		49755		189
224		149		49961		184
225		151		50169		188
226		145		50383		188
227		141		50595		189
228		147		50801		191
229		143		51022		185
230		146		51233		190
231		146		51444		187
232		162		51658		187
233		161		51873		189
234		151		52089		189
235		138		52295		187
236		143		52506		188
237		137		52716		181
238		140		52919		185
239		136		53130		186
240		132		53347		189
241		125		53557		186
242		108		53768		185
243		106		53969		183
244		114		54182		186
245		113		54379		185
246		131		54583		182
247		142		54796		185
248		163		55008		186
249		183		55231		189
250		187		55439		186
251		191		55650		190
252		184		55873		190
253		175		56092		192
254		192		56310		189
255		187		56521		192
256		201		56737		187
257		182		56947		184
258		185		57167		187
259		187		57383		190
260		188		57591		187
261		174		57805		188
262		159		58023		188
263		179		58242		183
264		161		58464		185
265		164		58681		187
266		161		58902		187
267		132		59118		186
268		150		59325		188
269		137		59532		185
270		138		59740		187
271		149		59949		187
272		147		60159		189
273		146		60377		189
274		154		60580		189
275		150		60796		187
276		159		61002		187
277		152		61210		186
278		162		61420		189
279		155		61630		191
280		181		61849		191
281		181		62064		187
282		213		62284		183
283		203		62507		186
284		176		62731		188
285		143		62946		186
286		150		63153		188
287		162		63373		195
288		149		63579		188
289		180		63791		187
290		172		64001		188
291		170		64214		186
292		154		64423		185
293		139		64638		188
294		145		64850		187
295		160		65055		192
296		162		65267		191
297		160		65481		191
298		157		65696		190
299		166		65918		188
300		173		66130		185
301		182		66344		187
302		184		66557		191
303		174		66765		190
304		162		66978		189
305		188		67189		187
306		203		67413		196
307		207		67630		193
308		172		67859		195
309		167		68078		195
310		170		68293		188
311		182		68504		191
312		200		68711		189
313		207		68928		191
314		204		69142		183
315		190		69356		187
316		198		69570		186
317		179		69787		183
318		178		70002		190
319		153		70209		188
320		145		70421		185
321		154		70633		189
322		183		70848		186
323		139		71067		184
324		153		71279		185
325		156		71497		182
326		155		71704		184
327		163		71917		186
328		153		72129		186
329		149		72338		189
330		138		72546		190
331		145		72763		191
332		142		72976		185
333		137		73195		184
334		132		73397		187
335		148		73603		188
336		144		73815		188
337		165		74026		186
338		139		74241		188
339		151		74445		191
340		166		74671		188
341		156		74881		185
342		175		75096		188
343		186		75317		191
344		164		75536		192
345		167		75749		193
346		169		75964		186
347		165		76180		186
348		160		76393		183
349		164		76609		187
350		155		76820		187
351		162		77028		192
352		171		77238		194
353		154		77443		191
354		155		77653		186
355		181		77867		190
356		151		78082		191
357		140		78293		187
358		144		78493		187
359		140		78702		187
360		131		78923		189
361		153		79137		189
362		150		79359		189
363		148		79577		191
364		162		79788		185
365		159		80006		188
366		172		80221		189
367		177		80433		191
368		188		80650		189
369		178		80862		190
370		177		81076		190
371		190		81304		192
372		186		81523		194
373		200		81742		187
374		187		81952		188
375		195		82160		186
376		175		82372		190
377		164		82584		183
378		141		82799		186
379		147		83002		187
380		145		83209		188
381		128		83415		190
382		123		83620		191
383		123		83833		189
384		118		84039		189
385		104		84239		189
386		111		84462		189
387		109		84673		189
388		108		84880		188
389		121		85088		189
390		121		85299		192
391		122		85506		191
392		131		85721		188
393		137		85935		185
394		129		86147		186
395		129		86365		187
396		136		86572		188
397		152		86782		188
398		158		86995		188
399		165		87211		186
400		164		87424		188
401		170		87645		189
402		171		87848		188
403		160		88064		187
404		152		88273		189
405		157		88483		186
406		156		88701		186
407		147		88896		184
408		155		89106		184
409		155		89317		186
410		145		89525		188
411		150		89730		191
412		138		89952		187
413		139		90157		185
414		137		90366		185
415		137		90571		187
416		126		90782		188
417		133		90988		190
418		146		91197		184
419		149		91409		189
420		142		91629		187
421		147		91839		190
422		145		92042		189
423		131		92257		186
424		134		92474		188
425		138		92690		187
426		131		92889		188
427		143		93094		189
428		133		93310		191
429		145		93525		187
430		154		93734		185
431		130		93945		184
432		129		94149		185
433		125		94352		185
434		123		94570		187
435		131		94778		186
436		135		94989		185
437		140		95201		188
438		138		95416		189
439		140		95628		189
440		146		95836		191
441		152		96034		189
442		157		96241		189
443		141		96436		188
444		156		96640		189
445		146		96850		189
446		145		97054		188
447		130		97264		189
448		123		97477		188
449		120		97685		188
450		105		97907		188
451		105		98109		188
452		105		98312		188
453		108		98511		189
454		111		98712		187
455		114		98919		187
456		114		99116		187
457		108		99323		188
458		108		99525		188
459		107		99730		188
460		108		99935		189
461		111		100147		190
462		112		100354		189
463		107		100563		190
464		107		100767		190
465		111		100976		189
466		111		101183		191
467		111		101386		189
468		107		101589		189
469		109		101800		188
470		114		102010		188
471		118		102213		186
472		115		102415		186
473		105		102622		188
474		105		102820		188
475		106		103020		189
476		115		103231		189
477		119		103446		189
478		116		103652		188
479		127		103864		189
480		132		104071		188
481		128		104274		185
482		129		104475		185
483		134		104695		186
484		131		104908		185
485		129		105112		187
486		122		105325		186
487		124		105540		184
488		121		105741		185
489		118		105946		188
490		117		106163		189
491		111		106376		187
492		112		106586		189
493		112		106796		189
494		111		106998		187
495		110		107206		188
496		113		107424		191
497		117		107633		191
498		120		107850		191
499		122		108053		191
500		118		108263		190
501		118		108473		190
502		117		108694		189
503		116		108914		189
504		118		109119		188
505		117		109339		187
506		119		109553		187
507		123		109767		187
508		104		109973		187
509		104		110180		188
510		104		110398		188
511		102		110609		186
512		102		110804		186
513		104		111017		187
514		103		111221		186
515		105		111431		188
516		94		111641		189
517		98		111847		190
518		98		112050		190
519		97		112248		190
520		97		112445		189
521		95		112647		190
522		98		112844		189
523		103		113047		189
524		103		113250		189
525		102		113446		189
526		97		113650		189
527		97		113856		189
528		97		114051		189
529		99		114256		189
530		94		114457		187
531		94		114664		187
532		94		114869		186
533		94		115082		186
534		98		115298		187
535		96		115495		187
536		96		115695		187
537		97		115903		188
538		107		116110		186
539		106		116305		186
540		106		116502		188
541		111		116707		185
542		114		116906		185
543		114		117110		186
544		117		117318		189
545		104		117528		191
546		98		117734		189
547		98		117939		189
548		98		118152		189
549		97		118365		189
550		99		118565		187
551		99		118769		189
552		99		118978		189
553		100		119186		189
554		100		119396		189
555		102		119610		191
556		102		119810		191
557		103		120012		189
558		111		120211		188
559		111		120417		191
560		111		120625		189
561		111		120837		189
562		109		121042		189
563		101		121257		187
564		103		121455		188
565		106		121659		186
566		108		121868		188
567		109		122055		186
568		98		122254		187
569		98		122465		187
570		94		122681		187
571		93		122884		188
572		96		123089		189
573		91		123301		189
574		91		123521		189
575		91		123730		189
576		91		123944		189
577		93		124147		190
578		93		124346		189
579		93		124547		189
580		93		124751		189
581		93		124955		189
582		93		125163		189
583		93		125374		189
584		93		125575		189
585		93		125772		189
586		93		125984		189
587		93		126197		189
588		93		126407		189
589		91		126608		191
590		91		126830		191
591		91		127047		191
592		91		127258		191
593		91		127466		191
594		91		127675		191
595		91		127885		191
596		91		128094		191
597		91		128295		191
598		91		128502		191
599		91		128710		191
600		91		128916		190
601		91		129124		190
602		91		129333		190
603		93		129537		189
604		93		129751		189
605		94		129951		188
606		94		130154		188
607		94		130357		188
608		94		130564		188
609		94		130761		188
610		96		130962		188
611		98		131172		187
612		98		131374		187
613		98		131573		187
614		98		131779		187
615		98		131986		187
616		98		132192		187
617		98		132406		187
618		99		132619		186
619		99		132828		186
620		99		133037		186
621		99		133250		186
622		98		133461		186
623		99		133660		185
624		99		133867		185
625		100		134070		186
626		96		134287		187
627		95		134494		186
628		94		134693		186
629		94		134901		186
630		94		135098		186
631		94		135307		186
632		94		135509		186
633		94		135720		186
634		87		135721		187
635		87		135721		187
636		87		135721		187
637		87		135721		187
638		87		135721		187
639		87		135721		187
640		87		135721		187
641		87		135721		187
642		87		135721		187
643		87		135721		187
644		87		135721		187
645		87		135721		187
646		87		135721		187
647		87		135721		187
648		87		135721		187
649		87		135721		187
650		87		135721		187
651		87		135721		187
652		87		135721		187
653		87		135721		187
654		87		135721		187
655		87		135721		187
656		87		135721		187
657		87		135721		187
658		87		135721		187
659		87		135721		187
660		87		135721		187
661		87		135721		187
662		87		135721		187
663		87		135721		187
664		87		135721		187
665		87		135721		187
666		87		135721		187
667		87		135721		187
668		87		135721		187
669		87		135721		187
670		87		135721		187
671		87		135721		187
672		87		135721		187
673		87		135721		187
674		87		135721		187
675		87		135721		187
676		87		135721		187
677		87		135721		187
678		87		135721		187
679		87		135721		187
680		87		135721		187
681		87		135721		187
682		87		135721		187
683		87		135721		187
684		87		135721		187
685		87		135721		187
686		87		135721		187
687		87		135721		187
688		87		135721		187
689		87		135721		187
690		87		135721		187
691		87		135721		187
692		87		135721		187
693		87		135721		187
694		87		135721		187
695		87		135721		187
696		87		135721		187
697		87		135721		187
698		87		135721		187
699		87		135721		187
700		87		135721		187
701		87		135721		187
702		87		135721		187
703		87		135721		187
704		87		135721		187
705		87		135721		187
706		87		135721		187
707		87		135721		187
708		87		135721		187
709		87		135721		187
710		87		135721		187
711		87		135721		187
712		87		135721		187
713		87		135721		187
714		87		135721		187
715		87		135721		187
716		87		135721		187
717		87		135721		187
718		87		135721		187
719		87		135721		187
720		87		135721		187
721		87		135721		187
722		87		135721		187
723		87		135721		187
724		87		135721		187
725		87		135721		187
726		87		135721		187
727		87		135721		187
728		87		135721		187
729		87		135721		187
730		87		135721		187
731		87		135721		187
732		87		135721		187
733		87		135721		187
734		87		135721		187
735		87		135721		187
736		87		135721		187
737		87		135721		187
738		87		135721		187
739		87		135721		187
740		87		135721		187
741		87		135721		187
742		87		135721		187
743		87		135721		187
744		87		135721		187
745		87		135721		187
746		87		135721		187
747		87		135721		187
748		87		135721		187
749		87		135721		187
750		87		135721		187
751		87		135721		187
752		87		135721		187
753		87		135721		187
754		87		135721		187
755		87		135721		187
756		87		135721		187
757		87		135721		187
758		87		135721		187
759		87		135721		187
760		87		135721		187
761		87		135721		187
762		87		135721		187
763		87		135721		187
764		87		135721		187
765		87		135721		187
766		87		135721		187
767		87		135721		187
768		87		135721		187
769		87		135721		187
770		87		135721		187
771		87		135721		187
772		87		135721		187
773		87		135721		187
774		87		135721		187
775		87		135721		187
776		87		135721		187
777		87		135721		187
778		87		135721		187
779		87		135721		187
780		87		135721		187
781		87		135721		187
782		87		135721		187
783		87		135721		187
784		87		135721		187
785		87		135721		187
786		87		135721		187
787		87		135721		187
788		87		135721		187
789		87		135721		187
790		87		135721		187
791		87		135721		187
792		87		135721		187
793		87		135721		187
794		87		135721		187
795		87		135721		187
796		87		135721		187
797		87		135721		187
798		87		135721		187
799		87		135721		187
800		87		135721		187
801		87		135721		187
802		87		135721		187
803		87		135721		187
804		87		135721		187
805		87		135721		187
806		87		135721		187
807		87		135721		187
808		87		135721		187
809		87		135721		187
810		87		135721		187
811		87		135721		187
812		87		135721		187
813		87		135721		187
814		87		135721		187
815		87		135721		187
816		87		135721		187
817		87		135721		187
818		87		135721		187
819		87		135721		187
820		87		135721		187
821		87		135721		187
822		87		135721		187
823		87		135721		187
824		87		135721		187
825		87		135721		187
826		87		135721		187
827		87		135721		187
828		87		135721		187
829		87		135721		187
830		87		135721		187
831		87		135721		187
832		87		135721		187
833		87		135721		187
834		87		135721		187
835		87		135721		187
836		87		135721		187
837		87		135721		187
838		87		135721		187
839		87		135721		187
840		87		135721		187
841		87		135721		187
842		87		135721		187
843		87		135721		187
844		87		135721		187
845		87		135721		187
846		87		135721		187
847		87		135721		187
848		87		135721		187
849		87		135721		187
850		87		135721		187
851		87		135721		187
852		87		135721		187
853		87		135721		187
854		87		135721		187
855		87		135721		187
856		87		135721		187
857		87		135721		187
858		87		135721		187
859		87		135721		187
860		87		135721		187
861		87		135721		187
862		87		135721		187
863		87		135721		187
864		87		135721		187
865		87		135721		187
866		87		135721		187
867		87		135721		187
868		87		135721		187
869		87		135721		187
870		87		135721		187
871		87		135721		187
872		87		135721		187
873		87		135721		187
874		87		135721		187
875		87		135721		187
876		87		135721		187
877		87		135721		187
878		87		135721		187
879		87		135721		187
880		87		135721		187
881		87		135721		187
882		87		135721		187
883		87		135721		187
884		87		135721		187
885		87		135721		187
886		87		135721		187
887		87		135721		187
888		87		135721		187
889		87		135721		187
890		87		135721		187
891		87		135721		187
892		87		135721		187
893		87		135721		187
894		87		135721		187
895		87		135721		187
896		87		135721		187
897		87		135721		187
898		87		135721		187
899		87		135721		187
900		87		135721		187
901		87		135721		187
902		87		135721		187
903		87		135721		187
904		87		135721		187
905		87		135721		187
906		87		135721		187
907		87		135721		187
908		87		135721		187
909		87		135721		187
910		87		135721		187
911		87		135721		187
912		87		135721		187
913		87		135721		187
914		87		135721		187
915		87		135721		187
916		87		135721		187
917		87		135721		187
918		87		135721		187
919		87		135721		187
920		87		135721		187
921		87		135721		187
922		87		135721		187
923		87		135721		187
924		87		135721		187
925		87		135721		187
926		87		135721		187
927		87		135721		187
928		87		135721		187
929		87		135721		187
930		87		135721		187
931		87		135721		187
932		87		135721		187
933		87		135721		187
934		87		135721		187
935		87		135721		187
936		87		135721		187
937		87		135721		187
938		87		135721		187
939		87		135721		187
940		87		135721		187
941		87		135721		187
942		87		135721		187
943		87		135721		187
944		87		135721		187
945		87		135721		187
946		87		135721		187
947		87		135721		187
948		87		135721		187
949		87		135721		187
950		87		135721		187
951		87		135721		187
952		87		135721		187
953		87		135721		187
954		87		135721		187
955		87		135721		187
956		87		135721		187
957		87		135721		187
958		87		135721		187
959		87		135721		187
960		87		135721		187
961		87		135721		187
962		87		135721		187
963		87		135721		187
964		87		135721		187
965		87		135721		187
966		87		135721		187
967		87		135721		187
968		87		135721		187
969		87		135721		187
970		87		135721		187
971		87		135721		187
972		87		135721		187
973		87		135721		187
974		87		135721		187
975		87		135721		187
976		87		135721		187
977		87		135721		187
978		87		135721		187
979		87		135721		187
980		87		135721		187
981		87		135721		187
982		87		135721		187
983		87		135721		187
984		87		135721		187
985		87		135721		187
986		87		135721		187
987		87		135721		187
988		87		135721		187
989		87		135721		187
990		87		135721		187
991		87		135721		187
992		87		135721		187
993		87		135721		187
994		87		135721		187
995		87		135721		187
996		87		135721		187
997		87		135721		187
998		87		135721		187
999		87		135721		187
