# Migration is number of nodes that have changed color.

Round		Edge-Cut		Swaps		Migrations		Skipped
0		461		237		155
1		345		464		179
2		308		675		181
3		304		899		186
4		283		1112		188
5		276		1323		190
6		254		1533		188
7		244		1742		188
8		229		1949		189
9		223		2158		186
10		224		2367		189
11		226		2575		188
12		218		2786		188
13		210		2996		189
14		210		3189		189
15		205		3398		190
16		205		3607		191
17		206		3817		190
18		203		4017		187
19		181		4216		183
20		178		4431		183
21		174		4642		184
22		174		4851		182
23		174		5062		183
24		174		5276		183
25		174		5482		183
26		172		5687		183
27		172		5903		183
28		167		6110		184
29		156		6315		185
30		156		6528		185
31		156		6734		185
32		157		6948		185
33		157		7156		185
34		159		7366		186
35		159		7572		186
36		157		7780		188
37		157		7997		188
38		155		8205		186
39		155		8410		186
40		158		8624		187
41		155		8625		187
42		155		8625		187
43		153		8626		188
44		152		8627		188
45		152		8627		188
46		152		8627		188
47		152		8627		188
48		152		8627		188
49		148		8629		188
50		148		8629		188
51		149		8630		187
52		150		8631		188
53		150		8631		188
54		150		8631		188
55		147		8634		187
56		147		8635		186
57		144		8636		188
58		144		8636		188
59		145		8637		188
60		145		8638		189
61		145		8638		189
62		146		8639		187
63		146		8639		187
64		146		8639		187
65		146		8642		189
66		146		8642		189
67		145		8643		188
68		143		8645		187
69		143		8645		187
70		143		8645		187
71		143		8645		187
72		144		8646		188
73		141		8648		188
74		141		8648		188
75		141		8648		188
76		141		8648		188
77		142		8649		188
78		141		8650		190
79		141		8650		190
80		141		8650		190
81		141		8650		190
82		141		8650		190
83		138		8651		189
84		138		8651		189
85		138		8651		189
86		138		8651		189
87		140		8653		189
88		131		8656		187
89		131		8656		187
90		131		8656		187
91		131		8656		187
92		131		8656		187
93		130		8657		187
94		130		8657		187
95		130		8657		187
96		130		8657		187
97		130		8657		187
98		130		8657		187
99		128		8658		186
100		128		8658		186
101		128		8658		186
102		128		8658		186
103		128		8658		186
104		129		8659		185
105		129		8659		185
106		129		8659		185
107		129		8659		185
108		129		8659		185
109		129		8659		185
110		129		8659		185
111		129		8661		186
112		129		8661		186
113		127		8662		187
114		127		8662		187
115		125		8663		188
116		125		8663		188
117		125		8663		188
118		125		8663		188
119		125		8663		188
120		125		8663		188
121		125		8663		188
122		125		8663		188
123		125		8663		188
124		125		8663		188
125		125		8663		188
126		125		8663		188
127		125		8663		188
128		125		8663		188
129		125		8663		188
130		125		8663		188
131		125		8663		188
132		125		8663		188
133		125		8663		188
134		125		8663		188
135		125		8663		188
136		125		8663		188
137		125		8663		188
138		125		8663		188
139		125		8663		188
140		125		8663		188
141		125		8663		188
142		125		8663		188
143		125		8663		188
144		125		8663		188
145		125		8663		188
146		125		8663		188
147		125		8663		188
148		125		8663		188
149		125		8663		188
150		125		8663		188
151		125		8663		188
152		125		8663		188
153		125		8663		188
154		125		8663		188
155		125		8663		188
156		125		8663		188
157		125		8663		188
158		125		8663		188
159		125		8663		188
160		125		8663		188
161		125		8663		188
162		125		8663		188
163		125		8663		188
164		125		8663		188
165		125		8663		188
166		125		8663		188
167		125		8663		188
168		125		8663		188
169		125		8663		188
170		125		8663		188
171		125		8663		188
172		125		8663		188
173		125		8663		188
174		125		8663		188
175		125		8663		188
176		125		8663		188
177		125		8663		188
178		125		8663		188
179		125		8663		188
180		125		8663		188
181		125		8663		188
182		125		8663		188
183		125		8663		188
184		125		8663		188
185		125		8663		188
186		125		8663		188
187		125		8663		188
188		125		8663		188
189		125		8663		188
190		125		8663		188
191		125		8663		188
192		125		8663		188
193		125		8663		188
194		125		8663		188
195		125		8663		188
196		125		8663		188
197		125		8663		188
198		125		8663		188
199		125		8663		188
200		125		8663		188
201		125		8663		188
202		125		8663		188
203		125		8663		188
204		125		8663		188
205		125		8663		188
206		125		8663		188
207		125		8663		188
208		125		8663		188
209		125		8663		188
210		125		8663		188
211		125		8663		188
212		125		8663		188
213		125		8663		188
214		125		8663		188
215		125		8663		188
216		125		8663		188
217		125		8663		188
218		125		8663		188
219		125		8663		188
220		125		8663		188
221		125		8663		188
222		125		8663		188
223		125		8663		188
224		125		8663		188
225		125		8663		188
226		125		8663		188
227		125		8663		188
228		125		8663		188
229		125		8663		188
230		125		8663		188
231		125		8663		188
232		125		8663		188
233		125		8663		188
234		125		8663		188
235		125		8663		188
236		125		8663		188
237		125		8663		188
238		125		8663		188
239		125		8663		188
240		125		8663		188
241		125		8663		188
242		125		8663		188
243		125		8663		188
244		125		8663		188
245		125		8663		188
246		125		8663		188
247		125		8663		188
248		125		8663		188
249		125		8663		188
250		125		8663		188
251		125		8663		188
252		125		8663		188
253		125		8663		188
254		125		8663		188
255		125		8663		188
256		125		8663		188
257		125		8663		188
258		125		8663		188
259		125		8663		188
260		125		8663		188
261		125		8663		188
262		125		8663		188
263		125		8663		188
264		125		8663		188
265		125		8663		188
266		125		8663		188
267		125		8663		188
268		125		8663		188
269		125		8663		188
270		125		8663		188
271		125		8663		188
272		125		8663		188
273		125		8663		188
274		125		8663		188
275		125		8663		188
276		125		8663		188
277		125		8663		188
278		125		8663		188
279		125		8663		188
280		125		8663		188
281		125		8663		188
282		125		8663		188
283		125		8663		188
284		125		8663		188
285		125		8663		188
286		125		8663		188
287		125		8663		188
288		125		8663		188
289		125		8663		188
290		125		8663		188
291		125		8663		188
292		125		8663		188
293		125		8663		188
294		125		8663		188
295		125		8663		188
296		125		8663		188
297		125		8663		188
298		125		8663		188
299		125		8663		188
300		125		8663		188
301		125		8663		188
302		125		8663		188
303		125		8663		188
304		125		8663		188
305		125		8663		188
306		125		8663		188
307		125		8663		188
308		125		8663		188
309		125		8663		188
310		125		8663		188
311		125		8663		188
312		125		8663		188
313		125		8663		188
314		125		8663		188
315		125		8663		188
316		125		8663		188
317		125		8663		188
318		125		8663		188
319		125		8663		188
320		125		8663		188
321		125		8663		188
322		125		8663		188
323		125		8663		188
324		125		8663		188
325		125		8663		188
326		125		8663		188
327		125		8663		188
328		125		8663		188
329		125		8663		188
330		125		8663		188
331		125		8663		188
332		125		8663		188
333		125		8663		188
334		125		8663		188
335		125		8663		188
336		125		8663		188
337		125		8663		188
338		125		8663		188
339		125		8663		188
340		125		8663		188
341		125		8663		188
342		125		8663		188
343		125		8663		188
344		125		8663		188
345		125		8663		188
346		125		8663		188
347		125		8663		188
348		125		8663		188
349		125		8663		188
350		125		8663		188
351		125		8663		188
352		125		8663		188
353		125		8663		188
354		125		8663		188
355		125		8663		188
356		125		8663		188
357		125		8663		188
358		125		8663		188
359		125		8663		188
360		125		8663		188
361		125		8663		188
362		125		8663		188
363		125		8663		188
364		125		8663		188
365		125		8663		188
366		125		8663		188
367		125		8663		188
368		125		8663		188
369		125		8663		188
370		125		8663		188
371		125		8663		188
372		125		8663		188
373		125		8663		188
374		125		8663		188
375		125		8663		188
376		125		8663		188
377		125		8663		188
378		125		8663		188
379		125		8663		188
380		125		8663		188
381		125		8663		188
382		125		8663		188
383		125		8663		188
384		125		8663		188
385		125		8663		188
386		125		8663		188
387		125		8663		188
388		125		8663		188
389		125		8663		188
390		125		8663		188
391		125		8663		188
392		125		8663		188
393		125		8663		188
394		125		8663		188
395		125		8663		188
396		125		8663		188
397		125		8663		188
398		125		8663		188
399		125		8663		188
400		125		8663		188
401		125		8663		188
402		125		8663		188
403		125		8663		188
404		125		8663		188
405		125		8663		188
406		125		8663		188
407		125		8663		188
408		125		8663		188
409		125		8663		188
410		125		8663		188
411		125		8663		188
412		125		8663		188
413		125		8663		188
414		125		8663		188
415		125		8663		188
416		125		8663		188
417		125		8663		188
418		125		8663		188
419		125		8663		188
420		125		8663		188
421		125		8663		188
422		125		8663		188
423		125		8663		188
424		125		8663		188
425		125		8663		188
426		125		8663		188
427		125		8663		188
428		125		8663		188
429		125		8663		188
430		125		8663		188
431		125		8663		188
432		125		8663		188
433		125		8663		188
434		125		8663		188
435		125		8663		188
436		125		8663		188
437		125		8663		188
438		125		8663		188
439		125		8663		188
440		125		8663		188
441		125		8663		188
442		125		8663		188
443		125		8663		188
444		125		8663		188
445		125		8663		188
446		125		8663		188
447		125		8663		188
448		125		8663		188
449		125		8663		188
450		125		8663		188
451		125		8663		188
452		125		8663		188
453		125		8663		188
454		125		8663		188
455		125		8663		188
456		125		8663		188
457		125		8663		188
458		125		8663		188
459		125		8663		188
460		125		8663		188
461		125		8663		188
462		125		8663		188
463		125		8663		188
464		125		8663		188
465		125		8663		188
466		125		8663		188
467		125		8663		188
468		125		8663		188
469		125		8663		188
470		125		8663		188
471		125		8663		188
472		125		8663		188
473		125		8663		188
474		125		8663		188
475		125		8663		188
476		125		8663		188
477		125		8663		188
478		125		8663		188
479		125		8663		188
480		125		8663		188
481		125		8663		188
482		125		8663		188
483		125		8663		188
484		125		8663		188
485		125		8663		188
486		125		8663		188
487		125		8663		188
488		125		8663		188
489		125		8663		188
490		125		8663		188
491		125		8663		188
492		125		8663		188
493		125		8663		188
494		125		8663		188
495		125		8663		188
496		125		8663		188
497		125		8663		188
498		125		8663		188
499		125		8663		188
500		125		8663		188
501		125		8663		188
502		125		8663		188
503		125		8663		188
504		125		8663		188
505		125		8663		188
506		125		8663		188
507		125		8663		188
508		125		8663		188
509		125		8663		188
510		125		8663		188
511		125		8663		188
512		125		8663		188
513		125		8663		188
514		125		8663		188
515		125		8663		188
516		125		8663		188
517		125		8663		188
518		125		8663		188
519		125		8663		188
520		125		8663		188
521		125		8663		188
522		125		8663		188
523		125		8663		188
524		125		8663		188
525		125		8663		188
526		125		8663		188
527		125		8663		188
528		125		8663		188
529		125		8663		188
530		125		8663		188
531		125		8663		188
532		125		8663		188
533		125		8663		188
534		125		8663		188
535		125		8663		188
536		125		8663		188
537		125		8663		188
538		125		8663		188
539		125		8663		188
540		125		8663		188
541		125		8663		188
542		125		8663		188
543		125		8663		188
544		125		8663		188
545		125		8663		188
546		125		8663		188
547		125		8663		188
548		125		8663		188
549		125		8663		188
550		125		8663		188
551		125		8663		188
552		125		8663		188
553		125		8663		188
554		125		8663		188
555		125		8663		188
556		125		8663		188
557		125		8663		188
558		125		8663		188
559		125		8663		188
560		125		8663		188
561		125		8663		188
562		125		8663		188
563		125		8663		188
564		125		8663		188
565		125		8663		188
566		125		8663		188
567		125		8663		188
568		125		8663		188
569		125		8663		188
570		125		8663		188
571		125		8663		188
572		125		8663		188
573		125		8663		188
574		125		8663		188
575		125		8663		188
576		125		8663		188
577		125		8663		188
578		125		8663		188
579		125		8663		188
580		125		8663		188
581		125		8663		188
582		125		8663		188
583		125		8663		188
584		125		8663		188
585		125		8663		188
586		125		8663		188
587		125		8663		188
588		125		8663		188
589		125		8663		188
590		125		8663		188
591		125		8663		188
592		125		8663		188
593		125		8663		188
594		125		8663		188
595		125		8663		188
596		125		8663		188
597		125		8663		188
598		125		8663		188
599		125		8663		188
600		125		8663		188
601		125		8663		188
602		125		8663		188
603		125		8663		188
604		125		8663		188
605		125		8663		188
606		125		8663		188
607		125		8663		188
608		125		8663		188
609		125		8663		188
610		125		8663		188
611		125		8663		188
612		125		8663		188
613		125		8663		188
614		125		8663		188
615		125		8663		188
616		125		8663		188
617		125		8663		188
618		125		8663		188
619		125		8663		188
620		125		8663		188
621		125		8663		188
622		125		8663		188
623		125		8663		188
624		125		8663		188
625		125		8663		188
626		125		8663		188
627		125		8663		188
628		125		8663		188
629		125		8663		188
630		125		8663		188
631		125		8663		188
632		125		8663		188
633		125		8663		188
634		125		8663		188
635		125		8663		188
636		125		8663		188
637		125		8663		188
638		125		8663		188
639		125		8663		188
640		125		8663		188
641		125		8663		188
642		125		8663		188
643		125		8663		188
644		125		8663		188
645		125		8663		188
646		125		8663		188
647		125		8663		188
648		125		8663		188
649		125		8663		188
650		125		8663		188
651		125		8663		188
652		125		8663		188
653		125		8663		188
654		125		8663		188
655		125		8663		188
656		125		8663		188
657		125		8663		188
658		125		8663		188
659		125		8663		188
660		125		8663		188
661		125		8663		188
662		125		8663		188
663		125		8663		188
664		125		8663		188
665		125		8663		188
666		125		8663		188
667		125		8663		188
668		125		8663		188
669		125		8663		188
670		125		8663		188
671		125		8663		188
672		125		8663		188
673		125		8663		188
674		125		8663		188
675		125		8663		188
676		125		8663		188
677		125		8663		188
678		125		8663		188
679		125		8663		188
680		125		8663		188
681		125		8663		188
682		125		8663		188
683		125		8663		188
684		125		8663		188
685		125		8663		188
686		125		8663		188
687		125		8663		188
688		125		8663		188
689		125		8663		188
690		125		8663		188
691		125		8663		188
692		125		8663		188
693		125		8663		188
694		125		8663		188
695		125		8663		188
696		125		8663		188
697		125		8663		188
698		125		8663		188
699		125		8663		188
700		125		8663		188
701		125		8663		188
702		125		8663		188
703		125		8663		188
704		125		8663		188
705		125		8663		188
706		125		8663		188
707		125		8663		188
708		125		8663		188
709		125		8663		188
710		125		8663		188
711		125		8663		188
712		125		8663		188
713		125		8663		188
714		125		8663		188
715		125		8663		188
716		125		8663		188
717		125		8663		188
718		125		8663		188
719		125		8663		188
720		125		8663		188
721		125		8663		188
722		125		8663		188
723		125		8663		188
724		125		8663		188
725		125		8663		188
726		125		8663		188
727		125		8663		188
728		125		8663		188
729		125		8663		188
730		125		8663		188
731		125		8663		188
732		125		8663		188
733		125		8663		188
734		125		8663		188
735		125		8663		188
736		125		8663		188
737		125		8663		188
738		125		8663		188
739		125		8663		188
740		125		8663		188
741		125		8663		188
742		125		8663		188
743		125		8663		188
744		125		8663		188
745		125		8663		188
746		125		8663		188
747		125		8663		188
748		125		8663		188
749		125		8663		188
750		125		8663		188
751		125		8663		188
752		125		8663		188
753		125		8663		188
754		125		8663		188
755		125		8663		188
756		125		8663		188
757		125		8663		188
758		125		8663		188
759		125		8663		188
760		125		8663		188
761		125		8663		188
762		125		8663		188
763		125		8663		188
764		125		8663		188
765		125		8663		188
766		125		8663		188
767		125		8663		188
768		125		8663		188
769		125		8663		188
770		125		8663		188
771		125		8663		188
772		125		8663		188
773		125		8663		188
774		125		8663		188
775		125		8663		188
776		125		8663		188
777		125		8663		188
778		125		8663		188
779		125		8663		188
780		125		8663		188
781		125		8663		188
782		125		8663		188
783		125		8663		188
784		125		8663		188
785		125		8663		188
786		125		8663		188
787		125		8663		188
788		125		8663		188
789		125		8663		188
790		125		8663		188
791		125		8663		188
792		125		8663		188
793		125		8663		188
794		125		8663		188
795		125		8663		188
796		125		8663		188
797		125		8663		188
798		125		8663		188
799		125		8663		188
800		125		8663		188
801		125		8663		188
802		125		8663		188
803		125		8663		188
804		125		8663		188
805		125		8663		188
806		125		8663		188
807		125		8663		188
808		125		8663		188
809		125		8663		188
810		125		8663		188
811		125		8663		188
812		125		8663		188
813		125		8663		188
814		125		8663		188
815		125		8663		188
816		125		8663		188
817		125		8663		188
818		125		8663		188
819		125		8663		188
820		125		8663		188
821		125		8663		188
822		125		8663		188
823		125		8663		188
824		125		8663		188
825		125		8663		188
826		125		8663		188
827		125		8663		188
828		125		8663		188
829		125		8663		188
830		125		8663		188
831		125		8663		188
832		125		8663		188
833		125		8663		188
834		125		8663		188
835		125		8663		188
836		125		8663		188
837		125		8663		188
838		125		8663		188
839		125		8663		188
840		125		8663		188
841		125		8663		188
842		125		8663		188
843		125		8663		188
844		125		8663		188
845		125		8663		188
846		125		8663		188
847		125		8663		188
848		125		8663		188
849		125		8663		188
850		125		8663		188
851		125		8663		188
852		125		8663		188
853		125		8663		188
854		125		8663		188
855		125		8663		188
856		125		8663		188
857		125		8663		188
858		125		8663		188
859		125		8663		188
860		125		8663		188
861		125		8663		188
862		125		8663		188
863		125		8663		188
864		125		8663		188
865		125		8663		188
866		125		8663		188
867		125		8663		188
868		125		8663		188
869		125		8663		188
870		125		8663		188
871		125		8663		188
872		125		8663		188
873		125		8663		188
874		125		8663		188
875		125		8663		188
876		125		8663		188
877		125		8663		188
878		125		8663		188
879		125		8663		188
880		125		8663		188
881		125		8663		188
882		125		8663		188
883		125		8663		188
884		125		8663		188
885		125		8663		188
886		125		8663		188
887		125		8663		188
888		125		8663		188
889		125		8663		188
890		125		8663		188
891		125		8663		188
892		125		8663		188
893		125		8663		188
894		125		8663		188
895		125		8663		188
896		125		8663		188
897		125		8663		188
898		125		8663		188
899		125		8663		188
900		125		8663		188
901		125		8663		188
902		125		8663		188
903		125		8663		188
904		125		8663		188
905		125		8663		188
906		125		8663		188
907		125		8663		188
908		125		8663		188
909		125		8663		188
910		125		8663		188
911		125		8663		188
912		125		8663		188
913		125		8663		188
914		125		8663		188
915		125		8663		188
916		125		8663		188
917		125		8663		188
918		125		8663		188
919		125		8663		188
920		125		8663		188
921		125		8663		188
922		125		8663		188
923		125		8663		188
924		125		8663		188
925		125		8663		188
926		125		8663		188
927		125		8663		188
928		125		8663		188
929		125		8663		188
930		125		8663		188
931		125		8663		188
932		125		8663		188
933		125		8663		188
934		125		8663		188
935		125		8663		188
936		125		8663		188
937		125		8663		188
938		125		8663		188
939		125		8663		188
940		125		8663		188
941		125		8663		188
942		125		8663		188
943		125		8663		188
944		125		8663		188
945		125		8663		188
946		125		8663		188
947		125		8663		188
948		125		8663		188
949		125		8663		188
950		125		8663		188
951		125		8663		188
952		125		8663		188
953		125		8663		188
954		125		8663		188
955		125		8663		188
956		125		8663		188
957		125		8663		188
958		125		8663		188
959		125		8663		188
960		125		8663		188
961		125		8663		188
962		125		8663		188
963		125		8663		188
964		125		8663		188
965		125		8663		188
966		125		8663		188
967		125		8663		188
968		125		8663		188
969		125		8663		188
970		125		8663		188
971		125		8663		188
972		125		8663		188
973		125		8663		188
974		125		8663		188
975		125		8663		188
976		125		8663		188
977		125		8663		188
978		125		8663		188
979		125		8663		188
980		125		8663		188
981		125		8663		188
982		125		8663		188
983		125		8663		188
984		125		8663		188
985		125		8663		188
986		125		8663		188
987		125		8663		188
988		125		8663		188
989		125		8663		188
990		125		8663		188
991		125		8663		188
992		125		8663		188
993		125		8663		188
994		125		8663		188
995		125		8663		188
996		125		8663		188
997		125		8663		188
998		125		8663		188
999		125		8663		188
