# Migration is number of nodes that have changed color.

Round		Edge-Cut		Swaps		Migrations		Skipped
0		490		249		175
1		426		489		182
2		381		719		188
3		416		952		194
4		393		1187		181
5		342		1414		187
6		337		1649		185
7		339		1879		188
8		330		2110		188
9		338		2341		186
10		265		2564		191
11		240		2775		188
12		224		2999		182
13		252		3226		182
14		238		3445		182
15		237		3673		182
16		224		3884		185
17		266		4104		189
18		289		4334		185
19		263		4558		190
20		260		4784		193
21		243		4999		190
22		254		5226		187
23		259		5447		191
24		276		5680		186
25		247		5907		190
26		243		6136		187
27		275		6362		188
28		246		6578		192
29		245		6805		186
30		231		7019		184
31		222		7242		183
32		234		7465		187
33		233		7683		183
34		228		7909		193
35		227		8131		192
36		208		8351		187
37		242		8574		189
38		262		8795		194
39		318		9022		184
40		310		9253		187
41		288		9478		185
42		284		9711		183
43		303		9937		194
44		268		10158		193
45		256		10370		190
46		238		10598		187
47		235		10820		179
48		197		11037		184
49		231		11250		185
50		215		11470		186
51		232		11692		188
52		241		11908		188
53		215		12136		182
54		234		12354		185
55		283		12578		186
56		299		12809		188
57		251		13030		193
58		265		13248		192
59		285		13482		193
60		255		13713		192
61		244		13940		190
62		241		14160		191
63		222		14384		190
64		219		14600		188
65		215		14816		185
66		229		15044		185
67		246		15272		188
68		230		15492		192
69		256		15719		183
70		280		15933		180
71		286		16157		188
72		300		16388		189
73		293		16613		189
74		329		16843		193
75		307		17072		188
76		312		17294		192
77		287		17515		189
78		267		17740		186
79		293		17973		185
80		289		18202		183
81		325		18428		192
82		318		18659		196
83		269		18883		189
84		277		19103		187
85		266		19328		185
86		267		19549		181
87		265		19773		188
88		306		20006		190
89		266		20232		183
90		279		20456		185
91		274		20676		186
92		251		20895		190
93		265		21116		185
94		224		21323		187
95		242		21542		187
96		236		21759		187
97		237		21971		188
98		247		22191		186
99		256		22412		187
100		274		22632		187
101		283		22847		195
102		280		23071		183
103		308		23298		184
104		269		23532		182
105		267		23755		185
106		276		23978		182
107		275		24199		190
108		307		24428		190
109		291		24654		190
110		323		24879		182
111		312		25119		180
112		336		25349		184
113		299		25581		190
114		296		25807		183
115		261		26030		185
116		272		26255		182
117		252		26480		186
118		270		26705		187
119		247		26936		187
120		253		27157		184
121		278		27371		188
122		249		27593		190
123		271		27815		191
124		274		28041		194
125		259		28259		189
126		237		28480		191
127		290		28708		185
128		278		28928		189
129		328		29149		183
130		325		29384		189
131		316		29610		187
132		278		29844		190
133		252		30064		181
134		257		30286		190
135		252		30502		193
136		279		30729		194
137		264		30950		195
138		258		31176		187
139		248		31398		193
140		253		31627		194
141		248		31845		192
142		249		32070		189
143		256		32298		194
144		260		32520		193
145		238		32735		191
146		259		32961		189
147		280		33187		187
148		244		33400		186
149		242		33624		179
150		247		33852		185
151		236		34082		185
152		258		34303		186
153		227		34514		185
154		223		34742		187
155		239		34966		189
156		248		35187		190
157		263		35409		188
158		252		35625		187
159		274		35862		187
160		264		36088		184
161		266		36314		185
162		266		36540		185
163		258		36770		189
164		271		36995		192
165		252		37223		192
166		274		37441		185
167		303		37663		183
168		286		37895		180
169		283		38113		182
170		264		38335		184
171		236		38559		182
172		249		38780		182
173		237		38997		185
174		257		39218		188
175		292		39435		186
176		285		39657		186
177		240		39874		188
178		257		40099		185
179		254		40321		191
180		250		40540		190
181		219		40763		190
182		215		40976		190
183		211		41197		188
184		206		41409		190
185		201		41617		190
186		214		41838		188
187		213		42060		191
188		203		42279		187
189		200		42492		187
190		197		42711		188
191		214		42927		189
192		205		43138		188
193		200		43358		190
194		213		43569		187
195		222		43786		186
196		238		43995		185
197		231		44212		180
198		268		44434		185
199		270		44655		190
200		248		44872		188
201		232		45090		188
202		214		45309		186
203		222		45534		191
204		223		45756		189
205		202		45973		193
206		207		46176		194
207		193		46385		191
208		216		46604		192
209		216		46810		183
210		217		47030		190
211		209		47240		191
212		201		47465		189
213		222		47690		185
214		197		47907		186
215		193		48122		185
216		193		48341		184
217		218		48551		187
218		203		48772		187
219		209		48986		190
220		236		49196		188
221		238		49406		190
222		232		49624		190
223		227		49840		185
224		236		50055		185
225		224		50271		185
226		223		50491		182
227		219		50719		185
228		257		50940		185
229		234		51167		190
230		240		51386		186
231		259		51610		189
232		277		51834		186
233		289		52056		185
234		252		52273		186
235		221		52494		188
236		211		52725		187
237		202		52941		191
238		234		53158		187
239		249		53384		187
240		257		53610		189
241		244		53825		192
242		249		54050		186
243		223		54276		189
244		204		54499		192
245		238		54715		188
246		222		54935		186
247		235		55155		184
248		253		55374		186
249		231		55599		183
250		241		55824		183
251		233		56042		184
252		239		56266		182
253		250		56488		185
254		273		56706		186
255		277		56936		184
256		263		57159		183
257		246		57382		185
258		232		57596		186
259		247		57817		189
260		235		58031		189
261		242		58256		187
262		253		58478		190
263		250		58699		196
264		261		58913		194
265		268		59139		190
266		253		59359		185
267		269		59585		191
268		279		59803		191
269		277		60027		195
270		239		60249		192
271		209		60461		197
272		208		60672		192
273		224		60886		189
274		206		61108		188
275		206		61326		189
276		202		61546		187
277		215		61762		181
278		187		61970		185
279		200		62181		182
280		181		62402		180
281		181		62610		178
282		194		62824		184
283		187		63036		187
284		173		63257		188
285		175		63476		189
286		202		63687		190
287		209		63916		188
288		195		64123		188
289		181		64331		189
290		158		64539		189
291		152		64754		186
292		170		64970		187
293		169		65183		189
294		178		65395		185
295		175		65612		185
296		189		65828		188
297		189		66034		190
298		202		66252		186
299		199		66470		187
300		208		66681		188
301		207		66902		190
302		207		67125		187
303		197		67335		189
304		179		67546		192
305		181		67761		192
306		194		67984		191
307		166		68188		189
308		172		68411		191
309		178		68628		191
310		187		68847		187
311		174		69055		184
312		214		69275		188
313		229		69494		186
314		220		69708		188
315		207		69930		185
316		231		70146		181
317		206		70365		186
318		232		70577		187
319		243		70782		184
320		242		71000		187
321		210		71213		191
322		194		71418		191
323		205		71637		192
324		202		71863		192
325		197		72082		185
326		203		72299		186
327		223		72526		190
328		241		72746		181
329		241		72971		186
330		244		73196		194
331		251		73427		192
332		255		73643		198
333		239		73872		186
334		239		74087		186
335		224		74301		191
336		236		74518		185
337		236		74731		187
338		226		74953		185
339		215		75169		185
340		209		75382		187
341		190		75593		189
342		190		75805		183
343		187		76020		187
344		178		76238		192
345		194		76451		191
346		201		76662		191
347		204		76884		190
348		222		77107		191
349		203		77325		192
350		188		77539		188
351		188		77764		187
352		184		77986		189
353		167		78201		193
354		151		78414		191
355		157		78635		193
356		158		78853		191
357		159		79064		190
358		174		79281		191
359		214		79498		191
360		207		79720		189
361		204		79929		191
362		214		80152		186
363		211		80371		190
364		217		80587		186
365		220		80811		193
366		195		81031		185
367		196		81242		186
368		202		81461		185
369		170		81677		188
370		196		81887		185
371		189		82105		188
372		179		82315		185
373		198		82534		189
374		201		82743		190
375		207		82954		191
376		213		83166		187
377		188		83388		189
378		182		83607		189
379		192		83819		189
380		201		84032		185
381		188		84248		187
382		187		84470		184
383		190		84684		186
384		195		84889		184
385		205		85104		185
386		180		85322		183
387		165		85541		181
388		150		85754		189
389		150		85963		188
390		155		86181		191
391		149		86394		185
392		136		86601		187
393		129		86803		190
394		132		87003		194
395		140		87222		194
396		136		87436		194
397		133		87646		192
398		142		87855		190
399		135		88055		189
400		139		88268		190
401		150		88481		191
402		141		88702		189
403		123		88919		187
404		123		89127		187
405		132		89333		184
406		135		89542		189
407		143		89743		189
408		154		89961		186
409		176		90166		187
410		188		90382		191
411		184		90596		183
412		207		90816		183
413		206		91029		184
414		194		91251		187
415		197		91461		190
416		201		91674		187
417		179		91887		186
418		177		92114		187
419		184		92323		189
420		177		92531		188
421		167		92743		186
422		172		92956		187
423		211		93174		183
424		194		93390		185
425		216		93617		186
426		223		93836		185
427		216		94055		186
428		200		94268		188
429		178		94483		189
430		184		94700		186
431		147		94911		185
432		158		95128		187
433		176		95338		184
434		165		95558		186
435		167		95773		189
436		175		95994		188
437		169		96206		190
438		175		96417		189
439		186		96631		193
440		190		96843		192
441		185		97065		190
442		189		97278		191
443		194		97492		187
444		190		97709		190
445		192		97922		191
446		188		98128		188
447		182		98346		187
448		185		98559		187
449		181		98766		185
450		179		98978		187
451		182		99191		190
452		207		99413		193
453		210		99625		186
454		204		99841		188
455		218		100056		185
456		207		100269		185
457		224		100482		188
458		209		100700		186
459		223		100914		185
460		213		101122		187
461		234		101332		184
462		243		101555		180
463		261		101767		186
464		247		101977		186
465		249		102192		192
466		235		102403		186
467		253		102618		190
468		245		102838		196
469		215		103058		185
470		189		103275		186
471		183		103499		185
472		187		103716		192
473		166		103926		190
474		166		104145		187
475		197		104359		188
476		211		104573		185
477		182		104786		182
478		195		104992		186
479		194		105215		188
480		183		105424		187
481		178		105624		186
482		178		105847		185
483		186		106063		183
484		194		106288		189
485		221		106503		183
486		222		106717		189
487		217		106939		182
488		215		107160		181
489		244		107380		185
490		212		107589		183
491		185		107814		188
492		185		108030		189
493		170		108251		185
494		184		108467		187
495		199		108681		187
496		175		108888		191
497		204		109099		190
498		199		109325		187
499		181		109540		185
500		194		109752		186
501		197		109967		187
502		172		110186		191
503		184		110405		184
504		201		110617		185
505		200		110828		185
506		214		111039		183
507		226		111251		186
508		217		111460		190
509		214		111673		190
510		218		111893		192
511		235		112105		188
512		220		112317		191
513		199		112539		191
514		172		112754		183
515		174		112974		184
516		177		113184		185
517		202		113408		187
518		204		113619		191
519		183		113833		190
520		182		114052		191
521		192		114270		184
522		183		114484		183
523		185		114704		187
524		175		114917		187
525		189		115133		185
526		185		115342		182
527		184		115556		187
528		181		115761		187
529		178		115973		187
530		185		116175		186
531		190		116391		187
532		205		116610		185
533		191		116831		184
534		189		117049		185
535		178		117260		186
536		178		117480		194
537		163		117692		188
538		174		117912		185
539		194		118130		186
540		201		118350		190
541		198		118559		188
542		218		118773		186
543		204		118980		189
544		211		119195		185
545		194		119404		183
546		200		119627		187
547		184		119836		189
548		185		120058		188
549		189		120271		188
550		196		120483		183
551		178		120690		189
552		188		120903		189
553		173		121120		188
554		174		121326		186
555		194		121540		184
556		217		121753		186
557		213		121966		190
558		205		122185		189
559		215		122399		185
560		194		122619		185
561		172		122837		188
562		170		123054		190
563		158		123270		191
564		140		123479		193
565		134		123691		192
566		126		123900		191
567		136		124109		191
568		131		124316		188
569		133		124521		188
570		132		124733		190
571		154		124948		186
572		158		125162		188
573		146		125375		185
574		163		125587		187
575		198		125801		187
576		219		126016		189
577		211		126239		188
578		222		126456		185
579		209		126677		184
580		199		126899		183
581		191		127118		181
582		187		127328		185
583		181		127540		185
584		184		127744		189
585		191		127957		191
586		202		128178		189
587		211		128398		188
588		196		128608		183
589		181		128826		189
590		196		129045		186
591		176		129263		193
592		181		129479		191
593		167		129697		190
594		158		129906		189
595		146		130117		187
596		153		130328		188
597		140		130537		186
598		148		130745		183
599		148		130960		184
600		140		131156		182
601		159		131369		183
602		140		131582		183
603		159		131787		189
604		171		132002		188
605		157		132213		186
606		167		132424		184
607		166		132642		183
608		169		132857		184
609		176		133062		187
610		186		133281		189
611		195		133497		192
612		207		133711		188
613		200		133924		185
614		199		134132		187
615		199		134346		190
616		227		134557		187
617		224		134771		189
618		212		134980		181
619		215		135189		188
620		223		135415		186
621		207		135624		191
622		191		135831		193
623		198		136048		186
624		182		136270		186
625		138		136478		189
626		144		136695		192
627		131		136897		189
628		134		137090		186
629		137		137304		185
630		143		137506		186
631		130		137718		187
632		130		137923		186
633		129		138131		185
634		145		138349		187
635		152		138553		185
636		149		138766		186
637		133		138976		185
638		150		139191		185
639		157		139406		187
640		143		139613		186
641		144		139838		188
642		146		140043		190
643		145		140259		187
644		159		140464		183
645		169		140675		184
646		149		140876		186
647		140		141090		187
648		141		141304		189
649		161		141508		187
650		145		141715		186
651		152		141930		188
652		142		142144		190
653		138		142350		191
654		132		142564		189
655		137		142779		190
656		137		142987		192
657		120		143196		187
658		131		143411		190
659		137		143623		186
660		133		143832		184
661		137		144037		184
662		137		144251		188
663		137		144470		186
664		138		144676		188
665		129		144891		187
666		136		145097		189
667		143		145310		189
668		143		145523		189
669		138		145740		185
670		133		145951		186
671		133		146160		189
672		127		146362		189
673		115		146564		188
674		116		146773		189
675		125		146980		187
676		128		147200		187
677		128		147412		187
678		129		147620		186
679		127		147827		182
680		129		148028		182
681		123		148241		181
682		123		148458		184
683		129		148670		187
684		136		148880		187
685		131		149092		193
686		140		149304		189
687		141		149513		190
688		148		149728		187
689		125		149938		191
690		121		150153		189
691		121		150365		189
692		120		150579		189
693		122		150790		188
694		117		150996		188
695		121		151200		190
696		130		151416		189
697		132		151630		183
698		124		151843		185
699		125		152057		186
700		136		152262		186
701		136		152476		187
702		147		152688		187
703		148		152891		187
704		134		153105		185
705		130		153311		184
706		145		153520		185
707		128		153734		190
708		132		153950		186
709		124		154153		186
710		112		154363		187
711		109		154568		185
712		117		154780		186
713		117		154992		186
714		121		155195		187
715		125		155414		185
716		125		155628		184
717		134		155830		186
718		132		156043		188
719		140		156257		183
720		144		156463		190
721		142		156669		188
722		146		156872		188
723		135		157086		188
724		139		157282		188
725		143		157500		184
726		123		157714		190
727		135		157924		189
728		133		158140		188
729		133		158353		189
730		131		158559		189
731		132		158769		190
732		130		158971		192
733		134		159186		192
734		131		159399		189
735		138		159605		189
736		143		159804		188
737		141		160010		188
738		120		160216		187
739		124		160428		185
740		121		160643		185
741		119		160858		186
742		115		161056		187
743		112		161260		186
744		112		161471		186
745		112		161669		186
746		114		161879		187
747		116		162081		187
748		117		162290		187
749		119		162492		189
750		113		162698		187
751		112		162905		186
752		116		163105		187
753		122		163306		191
754		120		163506		190
755		120		163720		189
756		116		163932		186
757		114		164150		187
758		120		164362		189
759		130		164568		190
760		130		164770		186
761		136		164985		188
762		134		165193		187
763		125		165402		187
764		122		165605		189
765		126		165809		187
766		125		166027		187
767		135		166239		190
768		140		166445		188
769		125		166648		184
770		115		166855		188
771		116		167058		187
772		116		167271		187
773		122		167482		187
774		124		167696		191
775		117		167910		190
776		115		168115		190
777		118		168316		188
778		124		168534		188
779		115		168749		190
780		112		168949		192
781		103		169144		190
782		108		169345		187
783		106		169555		186
784		109		169756		188
785		104		169973		188
786		104		170192		187
787		103		170399		187
788		107		170604		187
789		113		170801		185
790		113		171003		188
791		108		171214		190
792		108		171413		189
793		107		171613		192
794		111		171819		190
795		104		172021		188
796		111		172233		188
797		111		172436		187
798		107		172646		188
799		109		172853		189
800		110		173061		189
801		110		173261		189
802		115		173466		191
803		115		173675		190
804		114		173880		188
805		110		174069		188
806		108		174270		186
807		108		174480		188
808		105		174692		189
809		105		174891		187
810		104		175091		187
811		104		175295		187
812		105		175499		187
813		108		175707		187
814		108		175917		187
815		109		176122		188
816		107		176328		190
817		107		176529		191
818		107		176740		191
819		104		176936		190
820		107		177145		191
821		106		177362		190
822		106		177570		190
823		106		177780		190
824		116		177993		190
825		119		178198		190
826		114		178419		189
827		118		178633		189
828		111		178832		187
829		114		179028		189
830		105		179240		188
831		113		179445		189
832		112		179653		190
833		111		179866		192
834		112		180078		191
835		109		180290		190
836		111		180499		189
837		110		180702		189
838		102		180907		189
839		100		181105		190
840		90		181303		190
841		90		181517		188
842		89		181726		188
843		89		181926		188
844		89		182131		188
845		90		182328		190
846		87		182529		190
847		89		182725		191
848		89		182936		191
849		91		183153		191
850		91		183369		191
851		91		183583		191
852		93		183790		191
853		93		183999		191
854		94		184193		190
855		92		184400		191
856		94		184610		191
857		98		184816		191
858		98		185025		191
859		98		185230		191
860		98		185429		191
861		99		185640		190
862		101		185844		189
863		96		186054		190
864		93		186254		190
865		97		186468		189
866		97		186677		189
867		97		186874		189
868		97		187086		189
869		97		187299		189
870		100		187500		190
871		103		187712		187
872		105		187918		187
873		100		188132		187
874		100		188339		187
875		100		188542		187
876		102		188750		188
877		102		188953		188
878		103		189157		189
879		103		189352		189
880		103		189559		189
881		102		189765		188
882		95		189968		188
883		95		190172		188
884		95		190384		188
885		96		190591		188
886		93		190802		189
887		93		191014		189
888		93		191218		189
889		95		191428		188
890		93		191626		188
891		95		191830		189
892		95		192039		189
893		95		192244		189
894		95		192453		189
895		95		192658		189
896		99		192866		188
897		99		193069		188
898		99		193281		188
899		97		193482		187
900		95		193688		190
901		95		193884		190
902		95		194095		190
903		98		194301		189
904		99		194515		190
905		100		194731		190
906		100		194942		190
907		100		195151		190
908		100		195357		189
909		93		195568		188
910		93		195783		188
911		95		195987		188
912		99		196190		189
913		99		196391		189
914		99		196597		189
915		99		196794		189
916		99		197000		189
917		99		197215		189
918		99		197419		189
919		98		197629		186
920		99		197839		185
921		103		198045		186
922		103		198249		186
923		105		198456		187
924		105		198656		187
925		107		198867		186
926		107		199080		186
927		107		199293		186
928		107		199504		186
929		107		199711		186
930		107		199922		186
931		107		200137		186
932		107		200337		186
933		107		200547		186
934		102		200754		186
935		99		200960		188
936		100		201154		187
937		99		201361		187
938		99		201573		187
939		99		201785		187
940		101		201984		186
941		103		202195		186
942		103		202401		186
943		103		202607		186
944		103		202807		186
945		103		203009		186
946		103		203210		186
947		105		203419		187
948		105		203610		187
949		105		203814		187
950		101		204023		188
951		100		204234		189
952		100		204448		189
953		101		204648		189
954		99		204865		189
955		101		205074		189
956		101		205272		189
957		95		205470		189
958		96		205679		189
959		96		205895		189
960		96		206095		189
961		96		206301		189
962		98		206498		188
963		99		206707		188
964		99		206923		188
965		99		207133		190
966		99		207339		189
967		99		207542		189
968		99		207743		189
969		98		207947		189
970		98		208145		189
971		97		208349		187
972		98		208544		187
973		98		208741		187
974		99		208950		189
975		99		209161		189
976		99		209382		189
977		99		209577		189
978		99		209782		189
979		89		209985		190
980		89		210195		190
981		89		210403		190
982		89		210616		190
983		89		210819		190
984		91		211030		188
985		91		211232		188
986		92		211442		188
987		92		211635		188
988		92		211832		188
989		94		212043		186
990		94		212242		186
991		94		212449		186
992		91		212649		188
993		91		212849		188
994		91		213054		188
995		91		213266		188
996		91		213463		188
997		91		213668		188
998		91		213878		188
999		91		214085		188
