# Migration is number of nodes that have changed color.

Round		Edge-Cut		Swaps		Migrations		Skipped
0		504		248		164
1		440		489		169
2		397		724		180
3		341		961		185
4		339		1186		185
5		307		1410		190
6		277		1627		183
7		281		1858		183
8		283		2080		185
9		310		2306		181
10		354		2539		183
11		292		2760		188
12		315		2993		183
13		281		3225		184
14		286		3447		188
15		295		3672		187
16		312		3903		186
17		310		4128		186
18		272		4354		179
19		304		4583		181
20		326		4812		184
21		335		5041		195
22		292		5265		183
23		274		5497		187
24		252		5719		185
25		264		5939		189
26		227		6165		187
27		249		6388		182
28		263		6605		183
29		264		6827		193
30		255		7050		188
31		247		7276		192
32		218		7495		190
33		200		7711		184
34		188		7929		183
35		185		8149		189
36		222		8371		186
37		216		8598		187
38		205		8825		183
39		210		9049		184
40		208		9271		185
41		199		9489		186
42		215		9712		187
43		239		9924		184
44		231		10145		185
45		230		10364		185
46		237		10587		190
47		228		10809		193
48		187		11025		192
49		199		11238		185
50		212		11449		190
51		211		11659		189
52		237		11884		189
53		210		12111		189
54		212		12323		186
55		201		12542		188
56		214		12754		187
57		236		12981		192
58		253		13198		186
59		222		13422		191
60		223		13642		184
61		231		13865		187
62		244		14087		186
63		247		14306		185
64		246		14521		189
65		262		14749		182
66		278		14978		181
67		267		15204		179
68		246		15425		181
69		251		15651		187
70		278		15877		192
71		242		16101		190
72		264		16323		183
73		253		16542		184
74		214		16762		184
75		209		16983		189
76		234		17199		191
77		238		17409		189
78		194		17623		189
79		186		17831		188
80		211		18051		184
81		227		18270		186
82		230		18499		191
83		214		18712		190
84		205		18931		187
85		196		19147		181
86		204		19362		188
87		192		19578		188
88		154		19796		189
89		140		20005		191
90		129		20217		190
91		126		20419		190
92		129		20621		191
93		135		20828		190
94		129		21042		191
95		150		21245		188
96		138		21451		189
97		155		21661		186
98		156		21880		186
99		150		22091		186
100		158		22300		188
101		156		22506		186
102		162		22719		186
103		156		22921		185
104		172		23135		187
105		172		23340		188
106		177		23553		194
107		180		23766		193
108		189		23980		189
109		185		24186		188
110		176		24403		187
111		174		24617		183
112		182		24836		189
113		191		25057		188
114		182		25277		187
115		188		25489		190
116		172		25701		189
117		184		25908		188
118		159		26115		188
119		152		26321		185
120		135		26527		188
121		150		26726		188
122		116		26939		189
123		124		27135		189
124		126		27346		187
125		125		27559		188
126		128		27762		189
127		143		27972		189
128		141		28180		191
129		150		28381		190
130		143		28598		189
131		152		28812		189
132		164		29029		188
133		164		29247		189
134		167		29458		188
135		174		29671		186
136		184		29897		181
137		171		30106		182
138		181		30322		185
139		190		30536		184
140		176		30746		184
141		151		30957		186
142		140		31170		187
143		150		31386		187
144		153		31593		188
145		155		31802		188
146		153		32017		190
147		155		32236		185
148		148		32447		190
149		144		32666		185
150		140		32873		186
151		133		33093		186
152		141		33294		186
153		137		33487		184
154		133		33702		183
155		132		33925		184
156		123		34136		182
157		141		34343		183
158		127		34547		188
159		127		34759		186
160		142		34973		186
161		139		35188		189
162		122		35400		188
163		125		35617		190
164		108		35831		190
165		113		36040		189
166		115		36250		186
167		123		36467		186
168		114		36683		187
169		119		36890		189
170		115		37092		186
171		117		37305		186
172		122		37513		188
173		136		37726		183
174		126		37935		185
175		127		38147		187
176		130		38352		187
177		127		38561		187
178		125		38777		187
179		129		38994		188
180		122		39202		187
181		122		39407		188
182		105		39612		190
183		101		39819		189
184		93		40025		188
185		95		40225		190
186		100		40437		190
187		96		40652		190
188		96		40868		188
189		96		41075		188
190		96		41287		188
191		109		41499		189
192		98		41702		188
193		97		41912		187
194		97		42110		187
195		101		42311		186
196		99		42508		185
197		97		42717		187
198		101		42936		186
199		102		43148		188
200		98		43350		188
201		100		43556		187
202		105		43758		187
203		105		43974		187
204		105		44189		186
205		106		44398		185
206		108		44604		187
207		108		44815		187
208		112		45017		185
209		110		45229		186
210		107		45447		185
211		107		45664		186
212		107		45872		186
213		109		46094		186
214		116		46304		188
215		116		46505		188
216		114		46707		189
217		116		46911		190
218		114		47122		189
219		108		47323		190
220		104		47527		188
221		104		47720		188
222		104		47925		188
223		103		48120		187
224		99		48325		189
225		99		48532		189
226		95		48729		188
227		97		48936		188
228		95		49145		188
229		95		49348		188
230		95		49545		188
231		95		49755		188
232		97		49954		187
233		97		50160		187
234		102		50375		188
235		100		50582		189
236		99		50795		187
237		94		50996		186
238		94		51192		186
239		94		51401		186
240		94		51598		187
241		98		51800		186
242		98		52013		186
243		98		52218		186
244		93		52424		189
245		93		52620		189
246		93		52828		189
247		93		53036		189
248		96		53249		189
249		96		53455		189
250		96		53655		189
251		97		53858		189
252		97		54074		189
253		97		54289		189
254		97		54490		189
255		97		54699		189
256		97		54911		189
257		97		55117		189
258		96		55315		189
259		99		55526		188
260		100		55737		189
261		100		55942		189
262		100		56148		189
263		98		56354		190
264		98		56567		190
265		100		56767		189
266		96		56967		189
267		96		57171		189
268		96		57378		189
269		98		57592		189
270		96		57804		188
271		96		58010		188
272		96		58208		188
273		98		58413		188
274		98		58622		188
275		98		58829		188
276		98		59031		188
277		98		59241		188
278		96		59445		187
279		96		59640		187
280		96		59836		187
281		96		60045		188
282		96		60256		188
283		96		60461		188
284		88		60463		188
285		88		60463		188
286		88		60463		188
287		88		60463		188
288		88		60463		188
289		88		60463		188
290		88		60463		188
291		87		60464		189
292		87		60464		189
293		87		60464		189
294		87		60464		189
295		87		60464		189
296		87		60464		189
297		87		60464		189
298		87		60464		189
299		87		60464		189
300		87		60464		189
301		87		60464		189
302		87		60464		189
303		88		60465		188
304		88		60465		188
305		88		60465		188
306		87		60466		189
307		87		60466		189
308		87		60466		189
309		87		60466		189
310		87		60466		189
311		87		60466		189
312		87		60466		189
313		87		60466		189
314		87		60466		189
315		87		60466		189
316		87		60466		189
317		87		60466		189
318		87		60466		189
319		87		60466		189
320		87		60466		189
321		87		60466		189
322		83		60467		189
323		83		60467		189
324		83		60467		189
325		83		60467		189
326		83		60467		189
327		83		60467		189
328		83		60467		189
329		83		60467		189
330		83		60467		189
331		83		60467		189
332		83		60467		189
333		83		60467		189
334		83		60467		189
335		83		60467		189
336		83		60467		189
337		83		60467		189
338		83		60467		189
339		83		60467		189
340		83		60467		189
341		83		60467		189
342		83		60467		189
343		83		60467		189
344		83		60467		189
345		83		60467		189
346		83		60467		189
347		83		60467		189
348		83		60467		189
349		83		60467		189
350		83		60467		189
351		83		60467		189
352		83		60467		189
353		83		60467		189
354		83		60467		189
355		83		60467		189
356		83		60467		189
357		83		60467		189
358		83		60467		189
359		83		60467		189
360		83		60467		189
361		83		60467		189
362		83		60467		189
363		83		60467		189
364		83		60467		189
365		83		60467		189
366		83		60467		189
367		83		60467		189
368		83		60467		189
369		83		60467		189
370		83		60467		189
371		83		60467		189
372		83		60467		189
373		83		60467		189
374		83		60467		189
375		83		60467		189
376		83		60467		189
377		83		60467		189
378		83		60467		189
379		83		60467		189
380		83		60467		189
381		83		60467		189
382		83		60467		189
383		83		60467		189
384		83		60467		189
385		83		60467		189
386		83		60467		189
387		83		60467		189
388		83		60467		189
389		83		60467		189
390		83		60467		189
391		83		60467		189
392		83		60467		189
393		83		60467		189
394		83		60467		189
395		83		60467		189
396		83		60467		189
397		83		60467		189
398		83		60467		189
399		83		60467		189
400		83		60467		189
401		83		60467		189
402		83		60467		189
403		83		60467		189
404		83		60467		189
405		83		60467		189
406		83		60467		189
407		83		60467		189
408		83		60467		189
409		83		60467		189
410		83		60467		189
411		83		60467		189
412		83		60467		189
413		83		60467		189
414		83		60467		189
415		83		60467		189
416		83		60467		189
417		83		60467		189
418		83		60467		189
419		83		60467		189
420		83		60467		189
421		83		60467		189
422		83		60467		189
423		83		60467		189
424		83		60467		189
425		83		60467		189
426		83		60467		189
427		83		60467		189
428		83		60467		189
429		83		60467		189
430		83		60467		189
431		83		60467		189
432		83		60467		189
433		83		60467		189
434		83		60467		189
435		83		60467		189
436		83		60467		189
437		83		60467		189
438		83		60467		189
439		83		60467		189
440		83		60467		189
441		83		60467		189
442		83		60467		189
443		83		60467		189
444		83		60467		189
445		83		60467		189
446		83		60467		189
447		83		60467		189
448		83		60467		189
449		83		60467		189
450		83		60467		189
451		83		60467		189
452		83		60467		189
453		83		60467		189
454		83		60467		189
455		83		60467		189
456		83		60467		189
457		83		60467		189
458		83		60467		189
459		83		60467		189
460		83		60467		189
461		83		60467		189
462		83		60467		189
463		83		60467		189
464		83		60467		189
465		83		60467		189
466		83		60467		189
467		83		60467		189
468		83		60467		189
469		83		60467		189
470		83		60467		189
471		83		60467		189
472		83		60467		189
473		83		60467		189
474		83		60467		189
475		83		60467		189
476		83		60467		189
477		83		60467		189
478		83		60467		189
479		83		60467		189
480		83		60467		189
481		83		60467		189
482		83		60467		189
483		83		60467		189
484		83		60467		189
485		83		60467		189
486		83		60467		189
487		83		60467		189
488		83		60467		189
489		83		60467		189
490		83		60467		189
491		83		60467		189
492		83		60467		189
493		83		60467		189
494		83		60467		189
495		83		60467		189
496		83		60467		189
497		83		60467		189
498		83		60467		189
499		83		60467		189
500		83		60467		189
501		83		60467		189
502		83		60467		189
503		83		60467		189
504		83		60467		189
505		83		60467		189
506		83		60467		189
507		83		60467		189
508		83		60467		189
509		83		60467		189
510		83		60467		189
511		83		60467		189
512		83		60467		189
513		83		60467		189
514		83		60467		189
515		83		60467		189
516		83		60467		189
517		83		60467		189
518		83		60467		189
519		83		60467		189
520		83		60467		189
521		83		60467		189
522		83		60467		189
523		83		60467		189
524		83		60467		189
525		83		60467		189
526		83		60467		189
527		83		60467		189
528		83		60467		189
529		83		60467		189
530		83		60467		189
531		83		60467		189
532		83		60467		189
533		83		60467		189
534		83		60467		189
535		83		60467		189
536		83		60467		189
537		83		60467		189
538		83		60467		189
539		83		60467		189
540		83		60467		189
541		83		60467		189
542		83		60467		189
543		83		60467		189
544		83		60467		189
545		83		60467		189
546		83		60467		189
547		83		60467		189
548		83		60467		189
549		83		60467		189
550		83		60467		189
551		83		60467		189
552		83		60467		189
553		83		60467		189
554		83		60467		189
555		83		60467		189
556		83		60467		189
557		83		60467		189
558		83		60467		189
559		83		60467		189
560		83		60467		189
561		83		60467		189
562		83		60467		189
563		83		60467		189
564		83		60467		189
565		83		60467		189
566		83		60467		189
567		83		60467		189
568		83		60467		189
569		83		60467		189
570		83		60467		189
571		83		60467		189
572		83		60467		189
573		83		60467		189
574		83		60467		189
575		83		60467		189
576		83		60467		189
577		83		60467		189
578		83		60467		189
579		83		60467		189
580		83		60467		189
581		83		60467		189
582		83		60467		189
583		83		60467		189
584		83		60467		189
585		83		60467		189
586		83		60467		189
587		83		60467		189
588		83		60467		189
589		83		60467		189
590		83		60467		189
591		83		60467		189
592		83		60467		189
593		83		60467		189
594		83		60467		189
595		83		60467		189
596		83		60467		189
597		83		60467		189
598		83		60467		189
599		83		60467		189
600		83		60467		189
601		83		60467		189
602		83		60467		189
603		83		60467		189
604		83		60467		189
605		83		60467		189
606		83		60467		189
607		83		60467		189
608		83		60467		189
609		83		60467		189
610		83		60467		189
611		83		60467		189
612		83		60467		189
613		83		60467		189
614		83		60467		189
615		83		60467		189
616		83		60467		189
617		83		60467		189
618		83		60467		189
619		83		60467		189
620		83		60467		189
621		83		60467		189
622		83		60467		189
623		83		60467		189
624		83		60467		189
625		83		60467		189
626		83		60467		189
627		83		60467		189
628		83		60467		189
629		83		60467		189
630		83		60467		189
631		83		60467		189
632		83		60467		189
633		83		60467		189
634		83		60467		189
635		83		60467		189
636		83		60467		189
637		83		60467		189
638		83		60467		189
639		83		60467		189
640		83		60467		189
641		83		60467		189
642		83		60467		189
643		83		60467		189
644		83		60467		189
645		83		60467		189
646		83		60467		189
647		83		60467		189
648		83		60467		189
649		83		60467		189
650		83		60467		189
651		83		60467		189
652		83		60467		189
653		83		60467		189
654		83		60467		189
655		83		60467		189
656		83		60467		189
657		83		60467		189
658		83		60467		189
659		83		60467		189
660		83		60467		189
661		83		60467		189
662		83		60467		189
663		83		60467		189
664		83		60467		189
665		83		60467		189
666		83		60467		189
667		83		60467		189
668		83		60467		189
669		83		60467		189
670		83		60467		189
671		83		60467		189
672		83		60467		189
673		83		60467		189
674		83		60467		189
675		83		60467		189
676		83		60467		189
677		83		60467		189
678		83		60467		189
679		83		60467		189
680		83		60467		189
681		83		60467		189
682		83		60467		189
683		83		60467		189
684		83		60467		189
685		83		60467		189
686		83		60467		189
687		83		60467		189
688		83		60467		189
689		83		60467		189
690		83		60467		189
691		83		60467		189
692		83		60467		189
693		83		60467		189
694		83		60467		189
695		83		60467		189
696		83		60467		189
697		83		60467		189
698		83		60467		189
699		83		60467		189
700		83		60467		189
701		83		60467		189
702		83		60467		189
703		83		60467		189
704		83		60467		189
705		83		60467		189
706		83		60467		189
707		83		60467		189
708		83		60467		189
709		83		60467		189
710		83		60467		189
711		83		60467		189
712		83		60467		189
713		83		60467		189
714		83		60467		189
715		83		60467		189
716		83		60467		189
717		83		60467		189
718		83		60467		189
719		83		60467		189
720		83		60467		189
721		83		60467		189
722		83		60467		189
723		83		60467		189
724		83		60467		189
725		83		60467		189
726		83		60467		189
727		83		60467		189
728		83		60467		189
729		83		60467		189
730		83		60467		189
731		83		60467		189
732		83		60467		189
733		83		60467		189
734		83		60467		189
735		83		60467		189
736		83		60467		189
737		83		60467		189
738		83		60467		189
739		83		60467		189
740		83		60467		189
741		83		60467		189
742		83		60467		189
743		83		60467		189
744		83		60467		189
745		83		60467		189
746		83		60467		189
747		83		60467		189
748		83		60467		189
749		83		60467		189
750		83		60467		189
751		83		60467		189
752		83		60467		189
753		83		60467		189
754		83		60467		189
755		83		60467		189
756		83		60467		189
757		83		60467		189
758		83		60467		189
759		83		60467		189
760		83		60467		189
761		83		60467		189
762		83		60467		189
763		83		60467		189
764		83		60467		189
765		83		60467		189
766		83		60467		189
767		83		60467		189
768		83		60467		189
769		83		60467		189
770		83		60467		189
771		83		60467		189
772		83		60467		189
773		83		60467		189
774		83		60467		189
775		83		60467		189
776		83		60467		189
777		83		60467		189
778		83		60467		189
779		83		60467		189
780		83		60467		189
781		83		60467		189
782		83		60467		189
783		83		60467		189
784		83		60467		189
785		83		60467		189
786		83		60467		189
787		83		60467		189
788		83		60467		189
789		83		60467		189
790		83		60467		189
791		83		60467		189
792		83		60467		189
793		83		60467		189
794		83		60467		189
795		83		60467		189
796		83		60467		189
797		83		60467		189
798		83		60467		189
799		83		60467		189
800		83		60467		189
801		83		60467		189
802		83		60467		189
803		83		60467		189
804		83		60467		189
805		83		60467		189
806		83		60467		189
807		83		60467		189
808		83		60467		189
809		83		60467		189
810		83		60467		189
811		83		60467		189
812		83		60467		189
813		83		60467		189
814		83		60467		189
815		83		60467		189
816		83		60467		189
817		83		60467		189
818		83		60467		189
819		83		60467		189
820		83		60467		189
821		83		60467		189
822		83		60467		189
823		83		60467		189
824		83		60467		189
825		83		60467		189
826		83		60467		189
827		83		60467		189
828		83		60467		189
829		83		60467		189
830		83		60467		189
831		83		60467		189
832		83		60467		189
833		83		60467		189
834		83		60467		189
835		83		60467		189
836		83		60467		189
837		83		60467		189
838		83		60467		189
839		83		60467		189
840		83		60467		189
841		83		60467		189
842		83		60467		189
843		83		60467		189
844		83		60467		189
845		83		60467		189
846		83		60467		189
847		83		60467		189
848		83		60467		189
849		83		60467		189
850		83		60467		189
851		83		60467		189
852		83		60467		189
853		83		60467		189
854		83		60467		189
855		83		60467		189
856		83		60467		189
857		83		60467		189
858		83		60467		189
859		83		60467		189
860		83		60467		189
861		83		60467		189
862		83		60467		189
863		83		60467		189
864		83		60467		189
865		83		60467		189
866		83		60467		189
867		83		60467		189
868		83		60467		189
869		83		60467		189
870		83		60467		189
871		83		60467		189
872		83		60467		189
873		83		60467		189
874		83		60467		189
875		83		60467		189
876		83		60467		189
877		83		60467		189
878		83		60467		189
879		83		60467		189
880		83		60467		189
881		83		60467		189
882		83		60467		189
883		83		60467		189
884		83		60467		189
885		83		60467		189
886		83		60467		189
887		83		60467		189
888		83		60467		189
889		83		60467		189
890		83		60467		189
891		83		60467		189
892		83		60467		189
893		83		60467		189
894		83		60467		189
895		83		60467		189
896		83		60467		189
897		83		60467		189
898		83		60467		189
899		83		60467		189
900		83		60467		189
901		83		60467		189
902		83		60467		189
903		83		60467		189
904		83		60467		189
905		83		60467		189
906		83		60467		189
907		83		60467		189
908		83		60467		189
909		83		60467		189
910		83		60467		189
911		83		60467		189
912		83		60467		189
913		83		60467		189
914		83		60467		189
915		83		60467		189
916		83		60467		189
917		83		60467		189
918		83		60467		189
919		83		60467		189
920		83		60467		189
921		83		60467		189
922		83		60467		189
923		83		60467		189
924		83		60467		189
925		83		60467		189
926		83		60467		189
927		83		60467		189
928		83		60467		189
929		83		60467		189
930		83		60467		189
931		83		60467		189
932		83		60467		189
933		83		60467		189
934		83		60467		189
935		83		60467		189
936		83		60467		189
937		83		60467		189
938		83		60467		189
939		83		60467		189
940		83		60467		189
941		83		60467		189
942		83		60467		189
943		83		60467		189
944		83		60467		189
945		83		60467		189
946		83		60467		189
947		83		60467		189
948		83		60467		189
949		83		60467		189
950		83		60467		189
951		83		60467		189
952		83		60467		189
953		83		60467		189
954		83		60467		189
955		83		60467		189
956		83		60467		189
957		83		60467		189
958		83		60467		189
959		83		60467		189
960		83		60467		189
961		83		60467		189
962		83		60467		189
963		83		60467		189
964		83		60467		189
965		83		60467		189
966		83		60467		189
967		83		60467		189
968		83		60467		189
969		83		60467		189
970		83		60467		189
971		83		60467		189
972		83		60467		189
973		83		60467		189
974		83		60467		189
975		83		60467		189
976		83		60467		189
977		83		60467		189
978		83		60467		189
979		83		60467		189
980		83		60467		189
981		83		60467		189
982		83		60467		189
983		83		60467		189
984		83		60467		189
985		83		60467		189
986		83		60467		189
987		83		60467		189
988		83		60467		189
989		83		60467		189
990		83		60467		189
991		83		60467		189
992		83		60467		189
993		83		60467		189
994		83		60467		189
995		83		60467		189
996		83		60467		189
997		83		60467		189
998		83		60467		189
999		83		60467		189
