# Migration is number of nodes that have changed color.

Round		Edge-Cut		Swaps		Migrations		Skipped
0		490		249		175
1		426		489		182
2		381		719		188
3		416		952		194
4		393		1189		184
5		357		1418		186
6		337		1651		190
7		318		1883		183
8		276		2107		185
9		315		2340		188
10		311		2570		186
11		301		2797		187
12		294		3024		190
13		303		3250		188
14		296		3475		185
15		368		3702		191
16		344		3925		182
17		306		4147		187
18		266		4374		182
19		254		4603		183
20		237		4829		189
21		258		5042		191
22		292		5267		185
23		296		5501		189
24		259		5730		196
25		243		5956		184
26		263		6182		184
27		280		6409		174
28		307		6633		183
29		307		6865		187
30		317		7088		180
31		314		7318		190
32		279		7546		192
33		283		7772		192
34		292		7999		192
35		277		8217		192
36		246		8435		192
37		259		8660		192
38		247		8879		190
39		281		9102		188
40		292		9329		187
41		274		9550		187
42		279		9781		191
43		292		10007		183
44		282		10235		183
45		284		10460		185
46		304		10689		186
47		320		10918		188
48		332		11150		182
49		333		11385		187
50		350		11612		190
51		380		11846		184
52		359		12077		187
53		322		12301		177
54		358		12526		181
55		378		12762		181
56		340		12998		190
57		348		13238		190
58		323		13466		185
59		344		13696		183
60		331		13926		187
61		349		14159		186
62		348		14387		190
63		333		14611		190
64		317		14841		202
65		305		15073		193
66		308		15298		193
67		340		15530		190
68		363		15763		188
69		333		15998		191
70		340		16227		186
71		338		16465		189
72		317		16691		185
73		325		16923		192
74		317		17157		193
75		341		17391		189
76		329		17619		185
77		345		17851		186
78		376		18085		183
79		386		18316		185
80		355		18544		183
81		382		18777		191
82		323		19012		187
83		310		19245		189
84		366		19478		186
85		346		19707		184
86		345		19939		186
87		340		20169		183
88		316		20394		187
89		302		20622		186
90		334		20843		189
91		326		21064		182
92		315		21290		184
93		313		21508		186
94		325		21741		185
95		309		21961		187
96		310		22193		186
97		298		22411		190
98		312		22643		184
99		336		22873		185
100		336		23100		194
101		313		23329		186
102		344		23558		186
103		359		23786		183
104		348		24014		190
105		339		24238		187
106		334		24465		190
107		333		24689		195
108		335		24917		185
109		314		25141		189
110		290		25371		197
111		291		25604		190
112		296		25828		194
113		303		26045		192
114		321		26282		186
115		256		26507		190
116		271		26723		186
117		264		26951		185
118		273		27177		187
119		314		27395		190
120		301		27620		192
121		291		27840		185
122		293		28072		189
123		277		28292		185
124		280		28514		185
125		303		28729		178
126		331		28958		188
127		297		29184		185
128		334		29418		192
129		337		29648		195
130		338		29877		190
131		295		30103		190
132		331		30327		187
133		353		30560		189
134		296		30783		193
135		304		31015		190
136		321		31242		185
137		328		31472		182
138		325		31700		180
139		315		31933		184
140		335		32160		178
141		327		32392		184
142		320		32616		183
143		353		32846		179
144		330		33076		189
145		336		33304		185
146		346		33528		181
147		355		33764		181
148		357		33993		185
149		344		34220		186
150		378		34448		184
151		320		34682		180
152		354		34911		184
153		298		35135		187
154		297		35366		194
155		295		35599		188
156		260		35824		184
157		261		36045		188
158		295		36269		183
159		306		36502		180
160		295		36734		181
161		318		36956		181
162		304		37184		184
163		336		37411		182
164		345		37643		193
165		336		37880		192
166		349		38107		187
167		338		38341		192
168		275		38576		185
169		274		38795		183
170		262		39017		183
171		276		39245		184
172		231		39469		184
173		226		39688		189
174		235		39897		186
175		211		40124		184
176		191		40344		184
177		240		40570		184
178		253		40790		192
179		255		41016		195
180		276		41238		187
181		247		41457		181
182		252		41687		189
183		232		41912		188
184		203		42140		188
185		226		42353		185
186		218		42579		180
187		206		42808		187
188		231		43028		189
189		261		43247		181
190		234		43475		183
191		231		43698		183
192		233		43923		181
193		232		44138		184
194		265		44345		185
195		251		44565		188
196		238		44790		187
197		225		45015		189
198		206		45241		188
199		243		45463		180
200		221		45692		179
201		245		45911		182
202		209		46131		183
203		228		46345		183
204		247		46572		184
205		268		46792		186
206		242		47015		181
207		249		47239		181
208		265		47471		183
209		252		47697		191
210		249		47917		178
211		280		48145		185
212		247		48375		184
213		271		48599		185
214		256		48828		193
215		257		49053		190
216		235		49270		186
217		264		49492		186
218		258		49710		188
219		267		49932		188
220		230		50147		186
221		187		50367		187
222		207		50572		190
223		250		50790		182
224		249		51008		186
225		232		51230		191
226		235		51448		191
227		250		51676		192
228		251		51899		185
229		223		52119		185
230		226		52340		185
231		228		52559		183
232		219		52790		184
233		211		53018		182
234		222		53250		186
235		210		53468		188
236		227		53688		193
237		238		53905		187
238		206		54134		188
239		203		54354		184
240		202		54577		188
241		203		54794		183
242		194		55010		186
243		212		55216		187
244		226		55433		184
245		204		55652		187
246		209		55872		185
247		210		56097		184
248		209		56316		186
249		198		56536		185
250		194		56749		186
251		221		56969		184
252		235		57182		185
253		247		57414		188
254		233		57631		188
255		213		57851		194
256		216		58070		190
257		224		58290		189
258		188		58510		192
259		216		58736		192
260		209		58954		182
261		224		59178		182
262		222		59403		190
263		235		59631		188
264		247		59859		187
265		248		60086		191
266		249		60303		180
267		254		60521		183
268		246		60743		186
269		245		60962		190
270		246		61176		190
271		241		61401		190
272		235		61623		188
273		258		61848		190
274		260		62068		191
275		254		62288		188
276		256		62509		188
277		256		62728		190
278		273		62945		190
279		299		63164		186
280		313		63389		182
281		265		63619		198
282		294		63836		193
283		277		64067		189
284		283		64296		185
285		305		64524		189
286		273		64743		190
287		258		64967		194
288		290		65194		188
289		288		65418		192
290		295		65644		190
291		306		65871		186
292		256		66089		188
293		270		66314		182
294		246		66544		185
295		226		66766		183
296		266		66991		187
297		233		67214		187
298		276		67435		195
299		278		67653		192
300		309		67878		183
301		308		68101		187
302		303		68322		186
303		322		68548		193
304		318		68776		195
305		313		69006		191
306		235		69229		189
307		258		69445		189
308		249		69674		184
309		247		69890		190
310		270		70123		187
311		253		70343		192
312		237		70568		184
313		276		70794		185
314		259		71013		188
315		269		71234		183
316		263		71456		180
317		274		71680		190
318		298		71909		188
319		293		72136		185
320		253		72359		185
321		271		72577		184
322		265		72793		179
323		254		73010		189
324		256		73237		185
325		267		73459		181
326		246		73691		183
327		243		73907		182
328		281		74133		183
329		284		74357		188
330		276		74568		188
331		279		74800		190
332		285		75012		187
333		248		75243		190
334		248		75460		193
335		247		75679		190
336		287		75897		187
337		259		76122		184
338		287		76345		186
339		305		76566		192
340		308		76798		188
341		306		77030		186
342		259		77256		189
343		262		77480		191
344		239		77707		191
345		239		77926		194
346		262		78145		183
347		296		78378		180
348		309		78599		185
349		289		78828		184
350		285		79052		186
351		281		79273		184
352		316		79502		185
353		350		79734		178
354		333		79962		194
355		314		80188		193
356		323		80414		190
357		285		80644		188
358		284		80871		181
359		294		81095		181
360		300		81323		189
361		273		81555		187
362		272		81779		190
363		283		81998		189
364		281		82222		179
365		270		82447		183
366		243		82666		179
367		247		82891		183
368		250		83113		185
369		234		83334		185
370		266		83561		187
371		242		83776		189
372		290		83998		188
373		273		84229		189
374		243		84450		184
375		253		84666		193
376		236		84884		192
377		231		85097		190
378		239		85314		190
379		262		85535		187
380		269		85750		184
381		246		85970		185
382		237		86190		188
383		243		86416		189
384		257		86639		185
385		247		86861		185
386		255		87087		186
387		221		87307		191
388		220		87522		192
389		191		87743		189
390		195		87962		186
391		172		88178		187
392		212		88391		189
393		177		88609		187
394		177		88816		187
395		196		89034		188
396		207		89249		188
397		201		89467		190
398		204		89685		184
399		207		89906		185
400		236		90125		191
401		219		90344		191
402		222		90564		187
403		221		90781		194
404		230		91008		195
405		230		91231		190
406		259		91451		186
407		286		91674		181
408		211		91902		189
409		208		92122		186
410		233		92344		182
411		226		92560		186
412		240		92785		189
413		247		93000		187
414		275		93217		187
415		276		93435		195
416		245		93657		187
417		244		93873		188
418		245		94097		193
419		242		94313		190
420		235		94533		187
421		265		94748		186
422		247		94969		187
423		254		95192		190
424		229		95413		182
425		206		95635		187
426		225		95848		187
427		255		96070		185
428		247		96295		187
429		269		96516		191
430		238		96743		189
431		232		96964		188
432		225		97183		186
433		232		97407		187
434		217		97631		186
435		230		97849		192
436		254		98070		187
437		275		98295		193
438		260		98522		192
439		258		98742		187
440		260		98956		188
441		241		99176		192
442		250		99397		190
443		273		99613		190
444		282		99838		192
445		298		100058		188
446		288		100283		191
447		309		100507		184
448		305		100737		189
449		317		100964		186
450		277		101193		186
451		314		101429		190
452		274		101651		190
453		280		101873		185
454		272		102097		184
455		275		102325		180
456		291		102549		193
457		284		102765		187
458		292		102992		189
459		291		103218		189
460		316		103447		190
461		279		103672		183
462		261		103887		183
463		310		104127		183
464		299		104347		186
465		304		104566		185
466		325		104794		182
467		325		105023		186
468		294		105259		192
469		290		105484		190
470		282		105701		187
471		279		105922		188
472		261		106138		184
473		253		106357		193
474		291		106579		184
475		280		106802		186
476		305		107030		181
477		304		107263		182
478		290		107489		192
479		283		107711		191
480		267		107928		192
481		271		108144		187
482		272		108367		181
483		268		108593		184
484		260		108811		184
485		254		109028		187
486		268		109251		191
487		276		109480		190
488		251		109700		195
489		251		109921		185
490		255		110145		187
491		251		110367		192
492		236		110583		191
493		260		110805		181
494		244		111033		183
495		261		111240		187
496		238		111456		185
497		239		111681		189
498		261		111905		190
499		262		112118		183
500		250		112347		192
501		218		112574		190
502		237		112797		189
503		202		113021		191
504		202		113240		195
505		212		113457		187
506		188		113686		189
507		186		113905		183
508		180		114114		182
509		173		114325		186
510		184		114549		187
511		173		114765		184
512		167		114992		187
513		173		115213		190
514		176		115427		192
515		167		115649		187
516		161		115866		185
517		162		116076		184
518		157		116286		185
519		170		116491		189
520		172		116713		189
521		211		116925		192
522		251		117142		190
523		283		117362		187
524		284		117586		183
525		254		117802		184
526		241		118020		182
527		244		118236		188
528		236		118449		186
529		244		118673		190
530		218		118898		188
531		199		119122		185
532		204		119338		195
533		207		119554		193
534		206		119773		193
535		216		119992		187
536		220		120219		187
537		218		120433		189
538		214		120652		185
539		237		120876		186
540		249		121085		186
541		222		121306		187
542		226		121525		187
543		246		121733		189
544		231		121958		184
545		234		122182		185
546		236		122409		190
547		215		122625		190
548		221		122842		189
549		210		123061		184
550		184		123274		186
551		199		123492		184
552		213		123708		187
553		200		123927		193
554		218		124136		184
555		205		124357		183
556		197		124565		188
557		215		124784		187
558		215		125011		184
559		209		125235		187
560		217		125455		181
561		215		125675		185
562		219		125894		185
563		197		126112		190
564		175		126327		187
565		151		126537		189
566		187		126747		185
567		205		126958		189
568		207		127172		186
569		199		127388		189
570		179		127606		188
571		192		127820		188
572		197		128034		193
573		201		128252		188
574		185		128468		185
575		220		128691		187
576		229		128922		189
577		253		129137		180
578		262		129365		182
579		249		129580		182
580		241		129807		188
581		212		130022		188
582		196		130231		188
583		196		130455		188
584		214		130672		187
585		231		130884		190
586		245		131098		190
587		215		131322		189
588		217		131538		186
589		225		131758		185
590		181		131976		191
591		188		132193		188
592		218		132411		186
593		197		132636		187
594		187		132859		190
595		208		133080		185
596		213		133300		194
597		222		133514		195
598		249		133737		196
599		243		133957		190
600		234		134184		194
601		224		134403		189
602		215		134627		192
603		229		134846		191
604		211		135071		191
605		170		135294		185
606		176		135509		186
607		185		135731		184
608		192		135951		186
609		199		136164		183
610		198		136382		186
611		170		136607		189
612		201		136825		188
613		223		137045		188
614		209		137264		191
615		207		137487		189
616		180		137703		189
617		196		137923		186
618		225		138138		188
619		217		138357		185
620		224		138572		185
621		198		138790		185
622		251		139012		189
623		234		139234		190
624		232		139465		194
625		235		139688		189
626		262		139909		186
627		255		140128		189
628		244		140345		185
629		230		140569		191
630		237		140776		195
631		225		140999		188
632		200		141215		189
633		217		141430		188
634		218		141647		186
635		222		141864		186
636		212		142085		186
637		200		142308		190
638		208		142528		185
639		190		142754		189
640		183		142972		188
641		234		143195		191
642		221		143413		184
643		242		143635		186
644		222		143853		182
645		228		144074		186
646		240		144303		183
647		248		144520		191
648		229		144741		188
649		211		144963		186
650		211		145180		189
651		205		145392		194
652		224		145610		189
653		234		145821		186
654		228		146049		187
655		281		146268		189
656		231		146478		184
657		209		146698		187
658		202		146905		186
659		203		147121		187
660		204		147340		186
661		210		147563		192
662		217		147773		190
663		226		147986		186
664		249		148207		183
665		201		148426		184
666		178		148641		186
667		186		148869		184
668		184		149091		186
669		173		149311		188
670		175		149522		188
671		177		149747		180
672		220		149957		187
673		238		150173		191
674		225		150385		187
675		228		150599		183
676		205		150822		185
677		215		151042		186
678		227		151268		183
679		204		151493		186
680		224		151704		186
681		210		151919		187
682		208		152140		186
683		218		152355		185
684		228		152575		187
685		224		152792		182
686		221		153005		182
687		225		153229		186
688		218		153450		186
689		257		153680		189
690		248		153907		183
691		211		154133		187
692		217		154343		186
693		199		154560		185
694		198		154777		190
695		195		154981		189
696		201		155197		190
697		192		155418		191
698		211		155641		192
699		220		155854		191
700		207		156074		187
701		186		156303		185
702		193		156517		185
703		211		156715		184
704		168		156931		183
705		161		157135		186
706		168		157350		185
707		158		157567		186
708		167		157785		187
709		190		158008		186
710		177		158235		184
711		201		158454		189
712		200		158678		187
713		175		158901		185
714		161		159120		185
715		168		159341		186
716		177		159561		190
717		172		159775		182
718		169		159981		189
719		189		160196		178
720		198		160405		184
721		197		160625		188
722		189		160840		186
723		204		161048		184
724		181		161252		186
725		180		161464		183
726		192		161683		190
727		200		161901		185
728		192		162106		185
729		206		162331		186
730		225		162551		186
731		214		162765		182
732		223		162982		189
733		229		163210		188
734		251		163431		194
735		230		163654		191
736		225		163870		191
737		240		164095		183
738		248		164315		179
739		222		164531		191
740		200		164749		190
741		192		164981		186
742		200		165190		187
743		206		165409		192
744		201		165620		187
745		226		165832		185
746		223		166054		188
747		211		166264		191
748		187		166487		195
749		169		166696		192
750		151		166907		186
751		152		167118		187
752		179		167341		182
753		187		167564		190
754		196		167786		186
755		180		168010		189
756		182		168216		189
757		161		168437		186
758		163		168650		186
759		164		168864		190
760		170		169080		187
761		189		169296		188
762		209		169519		188
763		222		169736		192
764		205		169945		187
765		202		170170		185
766		190		170394		184
767		221		170609		188
768		242		170827		194
769		238		171053		189
770		208		171269		186
771		178		171484		186
772		189		171703		186
773		168		171922		185
774		161		172134		188
775		166		172345		184
776		187		172549		186
777		183		172765		180
778		201		172984		180
779		204		173207		188
780		206		173424		183
781		177		173639		183
782		190		173849		185
783		186		174069		189
784		230		174280		189
785		242		174503		186
786		232		174723		185
787		245		174941		187
788		207		175167		184
789		225		175387		193
790		198		175607		188
791		188		175829		189
792		202		176048		184
793		185		176265		185
794		172		176484		186
795		189		176689		187
796		194		176906		188
797		202		177129		189
798		182		177349		193
799		185		177563		190
800		200		177785		186
801		197		177998		185
802		185		178205		188
803		186		178421		190
804		177		178638		190
805		181		178853		189
806		181		179063		187
807		186		179269		190
808		160		179482		186
809		165		179694		186
810		153		179901		188
811		163		180105		189
812		170		180312		183
813		167		180532		182
814		172		180748		182
815		181		180966		184
816		202		181176		179
817		220		181392		179
818		186		181614		180
819		204		181822		195
820		191		182039		188
821		163		182255		190
822		159		182469		191
823		159		182685		187
824		166		182904		180
825		164		183115		183
826		142		183327		183
827		156		183537		184
828		147		183745		184
829		149		183953		191
830		170		184168		183
831		174		184382		182
832		176		184594		184
833		154		184806		182
834		163		185024		188
835		165		185244		187
836		166		185460		190
837		171		185681		183
838		174		185907		182
839		174		186130		186
840		185		186347		185
841		143		186572		183
842		128		186781		187
843		131		187003		185
844		135		187210		184
845		142		187422		187
846		122		187641		186
847		125		187844		184
848		139		188057		185
849		139		188264		187
850		137		188472		189
851		135		188687		187
852		144		188891		186
853		169		189110		189
854		180		189313		188
855		158		189535		185
856		168		189750		187
857		148		189965		187
858		139		190182		190
859		142		190391		187
860		143		190598		186
861		136		190811		190
862		132		191017		193
863		149		191233		189
864		164		191445		191
865		161		191656		189
866		150		191871		192
867		154		192083		187
868		167		192294		185
869		196		192511		187
870		205		192720		187
871		181		192945		186
872		190		193163		185
873		205		193381		188
874		177		193593		188
875		185		193815		185
876		192		194029		189
877		156		194243		191
878		138		194459		188
879		134		194669		188
880		111		194883		189
881		119		195095		189
882		104		195296		188
883		104		195514		187
884		110		195723		186
885		127		195933		190
886		126		196144		188
887		126		196358		190
888		134		196575		189
889		133		196790		188
890		131		196996		188
891		152		197212		187
892		162		197430		186
893		152		197639		193
894		169		197858		190
895		150		198073		188
896		160		198290		189
897		137		198508		189
898		156		198718		186
899		165		198924		190
900		142		199137		188
901		154		199342		189
902		142		199546		190
903		148		199762		191
904		150		199979		187
905		158		200200		189
906		163		200421		191
907		141		200635		191
908		144		200846		185
909		148		201063		186
910		150		201285		186
911		130		201488		187
912		120		201693		188
913		144		201904		187
914		164		202118		185
915		156		202331		182
916		155		202543		183
917		146		202756		184
918		150		202976		188
919		164		203192		190
920		143		203404		187
921		144		203614		183
922		171		203825		183
923		166		204038		186
924		160		204240		186
925		162		204457		186
926		140		204675		187
927		137		204889		187
928		143		205102		190
929		159		205310		185
930		152		205527		183
931		156		205753		184
932		160		205956		185
933		171		206172		187
934		185		206386		189
935		204		206590		188
936		202		206802		185
937		178		207021		193
938		178		207231		184
939		144		207445		188
940		157		207655		188
941		155		207866		183
942		148		208081		188
943		156		208296		188
944		143		208513		187
945		128		208721		188
946		107		208925		190
947		117		209131		188
948		141		209346		186
949		140		209550		187
950		137		209759		185
951		139		209963		187
952		146		210171		186
953		129		210382		188
954		127		210597		189
955		144		210812		186
956		158		211021		184
957		137		211222		185
958		151		211437		185
959		166		211662		187
960		173		211869		188
961		157		212087		188
962		148		212293		185
963		141		212507		184
964		121		212722		190
965		111		212939		188
966		110		213147		188
967		119		213357		188
968		109		213567		187
969		113		213776		185
970		116		213981		187
971		138		214182		190
972		145		214395		192
973		169		214600		186
974		174		214821		187
975		176		215034		189
976		171		215253		191
977		169		215466		190
978		197		215682		187
979		200		215910		184
980		203		216127		188
981		209		216347		186
982		183		216564		184
983		196		216779		187
984		201		217000		187
985		226		217209		188
986		236		217433		191
987		206		217650		196
988		191		217861		186
989		193		218072		187
990		203		218288		190
991		180		218507		192
992		171		218727		190
993		167		218937		191
994		178		219145		193
995		183		219360		187
996		184		219575		184
997		182		219779		187
998		191		219983		189
999		196		220206		189
