# Migration is number of nodes that have changed color.

Round		Edge-Cut		Swaps		Migrations		Skipped
0		489		248		172
1		478		494		192
2		458		736		189
3		441		980		194
4		442		1226		181
5		447		1472		189
6		408		1712		185
7		404		1953		189
8		406		2193		184
9		412		2429		193
10		365		2668		186
11		345		2908		187
12		336		3142		185
13		349		3372		188
14		370		3611		194
15		317		3848		188
16		356		4086		185
17		377		4323		184
18		316		4554		187
19		339		4788		188
20		360		5024		188
21		387		5259		189
22		393		5499		184
23		337		5737		197
24		367		5971		187
25		379		6212		185
26		442		6447		180
27		374		6687		187
28		413		6930		178
29		395		7171		188
30		410		7411		186
31		367		7652		185
32		382		7889		181
33		360		8125		192
34		363		8360		189
35		425		8601		191
36		451		8844		189
37		448		9090		175
38		461		9332		183
39		369		9571		185
40		398		9812		181
41		393		10049		191
42		402		10285		191
43		419		10524		187
44		384		10758		181
45		445		10997		185
46		462		11239		181
47		427		11485		186
48		429		11732		190
49		439		11971		193
50		449		12209		187
51		457		12451		190
52		452		12698		181
53		440		12943		180
54		438		13181		188
55		391		13423		181
56		354		13655		182
57		386		13896		191
58		360		14133		186
59		348		14366		185
60		442		14606		199
61		417		14847		190
62		388		15084		186
63		430		15324		190
64		408		15564		182
65		402		15801		194
66		424		16045		185
67		400		16287		178
68		424		16527		186
69		415		16770		191
70		382		17000		188
71		420		17243		189
72		392		17486		184
73		347		17721		182
74		344		17952		182
75		376		18192		185
76		392		18424		186
77		441		18661		188
78		450		18900		179
79		442		19138		191
80		391		19380		185
81		387		19618		178
82		328		19852		187
83		341		20075		189
84		354		20312		190
85		358		20544		184
86		375		20774		189
87		408		21007		190
88		383		21239		189
89		392		21479		190
90		401		21717		179
91		441		21955		182
92		389		22187		189
93		362		22425		190
94		364		22659		190
95		403		22890		190
96		338		23125		185
97		341		23362		184
98		375		23594		183
99		368		23833		183
100		326		24061		183
101		380		24299		189
102		434		24539		183
103		424		24780		186
104		434		25016		179
105		456		25256		183
106		470		25494		187
107		415		25734		184
108		381		25972		188
109		392		26211		189
110		415		26456		176
111		416		26699		186
112		413		26933		186
113		429		27176		188
114		370		27416		189
115		382		27654		178
116		431		27895		187
117		440		28135		194
118		420		28377		187
119		450		28613		190
120		454		28855		190
121		450		29098		186
122		415		29342		188
123		414		29580		177
124		415		29815		185
125		408		30057		188
126		423		30299		192
127		399		30541		191
128		396		30775		188
129		389		31009		191
130		368		31245		195
131		357		31486		193
132		464		31719		193
133		399		31960		192
134		366		32199		195
135		341		32434		185
136		350		32664		195
137		355		32903		196
138		331		33133		191
139		320		33362		194
140		368		33594		186
141		369		33829		184
142		381		34068		189
143		323		34304		183
144		299		34527		189
145		308		34754		198
146		318		34983		192
147		353		35213		189
148		354		35447		192
149		383		35685		190
150		352		35923		184
151		347		36153		188
152		296		36384		195
153		337		36606		189
154		354		36839		178
155		343		37071		188
156		324		37298		189
157		308		37532		187
158		291		37758		187
159		332		37978		185
160		328		38201		190
161		304		38433		192
162		309		38672		192
163		345		38903		188
164		306		39138		189
165		284		39367		193
166		284		39594		189
167		331		39829		191
168		312		40065		190
169		306		40294		195
170		250		40518		187
171		309		40747		190
172		289		40977		193
173		305		41205		189
174		312		41440		194
175		331		41670		188
176		332		41901		187
177		329		42137		188
178		361		42376		186
179		367		42607		197
180		312		42843		198
181		328		43072		188
182		311		43294		190
183		316		43526		190
184		321		43757		186
185		330		43990		187
186		322		44225		182
187		318		44451		190
188		312		44686		192
189		299		44917		191
190		297		45140		187
191		328		45367		191
192		340		45599		182
193		329		45831		181
194		358		46061		184
195		329		46299		184
196		327		46528		190
197		327		46758		184
198		312		46990		192
199		317		47218		187
200		284		47455		188
201		289		47683		188
202		292		47906		188
203		267		48127		190
204		320		48352		188
205		331		48584		188
206		363		48821		184
207		375		49051		182
208		378		49284		190
209		375		49522		183
210		354		49755		189
211		317		49980		185
212		337		50217		184
213		375		50443		182
214		387		50677		201
215		352		50908		186
216		360		51148		189
217		369		51376		188
218		321		51606		183
219		357		51842		189
220		314		52062		190
221		297		52289		178
222		316		52520		183
223		360		52756		193
224		325		52993		185
225		340		53222		193
226		321		53449		189
227		317		53681		186
228		319		53914		192
229		294		54143		190
230		288		54370		185
231		290		54598		182
232		308		54829		181
233		330		55055		175
234		317		55281		177
235		369		55511		184
236		397		55740		190
237		357		55964		192
238		349		56193		191
239		374		56427		190
240		376		56659		189
241		411		56892		180
242		377		57126		180
243		397		57351		194
244		381		57589		186
245		357		57813		192
246		327		58044		180
247		330		58275		191
248		323		58499		184
249		308		58730		185
250		288		58948		175
251		281		59160		185
252		297		59384		187
253		265		59603		190
254		267		59831		192
255		250		60058		190
256		237		60282		191
257		250		60500		192
258		253		60729		191
259		310		60958		187
260		283		61187		187
261		283		61413		185
262		298		61646		190
263		297		61868		192
264		239		62091		188
265		273		62308		190
266		264		62536		188
267		289		62765		188
268		284		62987		189
269		246		63209		182
270		257		63436		188
271		248		63655		188
272		239		63880		186
273		288		64107		182
274		261		64329		188
275		263		64557		185
276		303		64779		186
277		298		65000		181
278		272		65225		194
279		279		65451		195
280		297		65677		193
281		291		65906		193
282		313		66138		189
283		300		66368		186
284		303		66601		194
285		289		66829		186
286		287		67063		185
287		284		67295		186
288		292		67524		188
289		279		67744		187
290		285		67975		192
291		299		68200		188
292		331		68428		187
293		356		68663		188
294		352		68900		184
295		319		69131		190
296		278		69348		187
297		287		69571		191
298		299		69800		187
299		292		70028		193
300		277		70256		195
301		260		70486		187
302		302		70707		189
303		266		70935		184
304		235		71155		186
305		231		71370		185
306		231		71590		188
307		246		71805		192
308		259		72038		189
309		239		72271		191
310		259		72499		181
311		265		72713		180
312		280		72942		179
313		223		73152		185
314		235		73374		187
315		250		73600		188
316		233		73811		185
317		243		74021		187
318		240		74242		191
319		228		74464		182
320		234		74679		188
321		239		74896		182
322		193		75102		185
323		205		75309		191
324		219		75530		194
325		190		75747		192
326		183		75967		187
327		179		76186		189
328		185		76408		188
329		190		76622		189
330		189		76832		188
331		195		77051		192
332		200		77274		191
333		214		77498		190
334		217		77708		189
335		238		77930		186
336		233		78149		189
337		231		78370		185
338		225		78588		186
339		252		78809		192
340		220		79029		190
341		232		79242		194
342		223		79466		192
343		235		79686		194
344		231		79907		191
345		257		80127		190
346		249		80340		196
347		239		80564		190
348		244		80787		191
349		213		81015		183
350		219		81239		190
351		218		81462		187
352		236		81681		189
353		244		81902		190
354		256		82121		182
355		242		82343		190
356		277		82558		188
357		216		82776		188
358		215		82990		188
359		191		83208		190
360		212		83427		192
361		203		83643		193
362		190		83861		190
363		203		84073		188
364		208		84289		187
365		192		84505		187
366		204		84721		190
367		212		84934		190
368		229		85154		188
369		205		85365		190
370		207		85582		184
371		196		85798		191
372		187		86017		188
373		156		86237		182
374		165		86452		185
375		176		86667		186
376		186		86876		187
377		177		87094		189
378		192		87317		188
379		213		87522		192
380		225		87743		188
381		248		87964		187
382		222		88192		190
383		235		88406		187
384		208		88618		188
385		206		88837		190
386		235		89057		194
387		216		89277		188
388		235		89498		189
389		236		89714		187
390		244		89941		187
391		189		90155		191
392		204		90368		188
393		175		90580		181
394		178		90786		185
395		189		90999		188
396		218		91217		186
397		208		91427		184
398		251		91649		184
399		226		91869		185
400		208		92093		193
401		193		92304		191
402		211		92508		189
403		208		92727		189
404		206		92946		185
405		205		93163		183
406		208		93379		188
407		194		93592		185
408		168		93815		184
409		175		94025		187
410		186		94234		188
411		207		94435		188
412		202		94644		192
413		206		94857		192
414		211		95088		183
415		197		95303		185
416		190		95518		188
417		181		95734		189
418		183		95948		183
419		194		96150		186
420		197		96361		190
421		195		96577		189
422		204		96795		190
423		179		97012		187
424		170		97228		188
425		176		97440		190
426		180		97656		188
427		172		97870		190
428		186		98092		187
429		209		98300		186
430		206		98520		185
431		220		98740		184
432		204		98951		187
433		202		99160		191
434		204		99389		191
435		187		99610		191
436		201		99820		192
437		196		100033		187
438		174		100248		191
439		178		100458		190
440		184		100660		190
441		174		100866		188
442		174		101080		196
443		177		101285		190
444		167		101502		188
445		191		101704		190
446		191		101910		189
447		174		102115		189
448		163		102344		187
449		160		102547		187
450		162		102758		189
451		187		102976		184
452		177		103190		188
453		173		103407		184
454		162		103619		185
455		167		103812		182
456		163		104024		186
457		161		104238		189
458		167		104455		190
459		173		104665		191
460		186		104881		191
461		179		105092		186
462		179		105303		183
463		181		105512		187
464		164		105712		185
465		165		105921		186
466		175		106132		182
467		180		106340		183
468		188		106565		184
469		174		106784		183
470		171		106993		189
471		173		107203		192
472		161		107413		190
473		165		107615		189
474		166		107831		188
475		158		108039		186
476		148		108251		183
477		127		108456		185
478		121		108663		186
479		125		108865		190
480		126		109072		189
481		126		109274		189
482		130		109490		186
483		124		109704		189
484		128		109917		190
485		140		110132		191
486		128		110343		191
487		120		110552		189
488		131		110763		188
489		122		110964		188
490		122		111169		188
491		119		111375		187
492		118		111580		188
493		112		111795		189
494		114		112001		189
495		113		112212		189
496		118		112414		188
497		118		112616		188
498		125		112827		186
499		122		113037		184
500		121		113253		186
501		123		113459		186
502		122		113665		184
503		127		113873		186
504		122		114084		186
505		124		114291		185
506		127		114500		185
507		128		114711		184
508		132		114915		184
509		126		115123		185
510		124		115341		188
511		120		115543		187
512		114		115750		190
513		114		115959		189
514		106		116160		189
515		106		116364		189
516		106		116563		189
517		108		116765		187
518		108		116972		187
519		108		117175		187
520		106		117375		187
521		107		117574		186
522		108		117767		187
523		101		117962		188
524		101		118161		188
525		101		118360		188
526		105		118553		189
527		106		118755		188
528		106		118960		189
529		106		119168		189
530		106		119373		190
531		107		119582		190
532		107		119794		190
533		106		120004		191
534		100		120212		187
535		99		120408		188
536		99		120620		188
537		102		120828		188
538		105		121035		188
539		103		121244		190
540		103		121443		190
541		103		121632		190
542		98		121841		191
543		98		122046		191
544		98		122258		191
545		98		122471		191
546		98		122678		191
547		98		122889		191
548		98		123100		191
549		98		123318		190
550		98		123520		190
551		95		123728		191
552		95		123935		191
553		95		124136		191
554		95		124348		191
555		95		124558		191
556		97		124751		191
557		97		124945		191
558		97		125140		191
559		97		125346		191
560		97		125551		191
561		99		125756		191
562		99		125966		191
563		99		126173		191
564		99		126371		191
565		97		126574		191
566		97		126772		190
567		97		126956		190
568		97		126956		190
569		97		126956		190
570		97		126956		190
571		97		126956		190
572		97		126956		190
573		97		126956		190
574		97		126956		190
575		97		126956		190
576		97		126956		190
577		97		126956		190
578		97		126956		190
579		97		126956		190
580		97		126956		190
581		97		126956		190
582		98		126957		190
583		98		126957		190
584		98		126957		190
585		97		126958		190
586		97		126958		190
587		97		126958		190
588		97		126958		190
589		97		126958		190
590		97		126958		190
591		97		126958		190
592		97		126958		190
593		97		126958		190
594		97		126958		190
595		98		126959		188
596		98		126959		188
597		98		126959		188
598		97		126960		190
599		97		126960		190
600		97		126960		190
601		98		126961		190
602		98		126961		190
603		98		126961		190
604		98		126961		190
605		98		126961		190
606		98		126961		190
607		98		126961		190
608		97		126962		190
609		97		126962		190
610		97		126962		190
611		97		126962		190
612		97		126962		190
613		97		126962		190
614		97		126962		190
615		97		126962		190
616		97		126962		190
617		97		126962		190
618		97		126962		190
619		98		126963		190
620		97		126964		189
621		97		126964		189
622		97		126964		189
623		98		126965		188
624		98		126965		188
625		97		126966		189
626		97		126966		189
627		98		126967		190
628		98		126967		190
629		98		126967		190
630		98		126967		190
631		97		126968		189
632		97		126968		189
633		97		126968		189
634		97		126968		189
635		93		126969		190
636		93		126969		190
637		93		126969		190
638		93		126969		190
639		93		126969		190
640		93		126969		190
641		93		126969		190
642		93		126969		190
643		93		126969		190
644		93		126969		190
645		93		126969		190
646		93		126969		190
647		93		126969		190
648		93		126969		190
649		93		126969		190
650		93		126969		190
651		93		126969		190
652		93		126969		190
653		93		126969		190
654		93		126969		190
655		93		126969		190
656		93		126969		190
657		93		126969		190
658		93		126969		190
659		93		126969		190
660		93		126969		190
661		93		126969		190
662		93		126969		190
663		93		126969		190
664		93		126969		190
665		93		126969		190
666		93		126969		190
667		93		126969		190
668		93		126969		190
669		93		126969		190
670		93		126969		190
671		93		126969		190
672		93		126969		190
673		93		126969		190
674		93		126969		190
675		93		126969		190
676		93		126969		190
677		93		126969		190
678		93		126969		190
679		93		126969		190
680		93		126969		190
681		93		126969		190
682		93		126969		190
683		93		126969		190
684		93		126969		190
685		93		126969		190
686		93		126969		190
687		93		126969		190
688		93		126969		190
689		93		126969		190
690		93		126969		190
691		93		126969		190
692		93		126969		190
693		93		126969		190
694		93		126969		190
695		93		126969		190
696		93		126969		190
697		93		126969		190
698		93		126969		190
699		93		126969		190
700		93		126969		190
701		93		126969		190
702		93		126969		190
703		93		126969		190
704		93		126969		190
705		93		126969		190
706		93		126969		190
707		93		126969		190
708		93		126969		190
709		93		126969		190
710		93		126969		190
711		93		126969		190
712		93		126969		190
713		93		126969		190
714		93		126969		190
715		93		126969		190
716		93		126969		190
717		93		126969		190
718		93		126969		190
719		93		126969		190
720		93		126969		190
721		93		126969		190
722		93		126969		190
723		93		126969		190
724		93		126969		190
725		93		126969		190
726		93		126969		190
727		93		126969		190
728		93		126969		190
729		93		126969		190
730		93		126969		190
731		93		126969		190
732		93		126969		190
733		93		126969		190
734		93		126969		190
735		93		126969		190
736		93		126969		190
737		93		126969		190
738		93		126969		190
739		93		126969		190
740		93		126969		190
741		93		126969		190
742		93		126969		190
743		93		126969		190
744		93		126969		190
745		93		126969		190
746		93		126969		190
747		93		126969		190
748		93		126969		190
749		93		126969		190
750		93		126969		190
751		93		126969		190
752		93		126969		190
753		93		126969		190
754		93		126969		190
755		93		126969		190
756		93		126969		190
757		93		126969		190
758		93		126969		190
759		93		126969		190
760		93		126969		190
761		93		126969		190
762		93		126969		190
763		93		126969		190
764		93		126969		190
765		93		126969		190
766		93		126969		190
767		93		126969		190
768		93		126969		190
769		93		126969		190
770		93		126969		190
771		93		126969		190
772		93		126969		190
773		93		126969		190
774		93		126969		190
775		93		126969		190
776		93		126969		190
777		93		126969		190
778		93		126969		190
779		93		126969		190
780		93		126969		190
781		93		126969		190
782		93		126969		190
783		93		126969		190
784		93		126969		190
785		93		126969		190
786		93		126969		190
787		93		126969		190
788		93		126969		190
789		93		126969		190
790		93		126969		190
791		93		126969		190
792		93		126969		190
793		93		126969		190
794		93		126969		190
795		93		126969		190
796		93		126969		190
797		93		126969		190
798		93		126969		190
799		93		126969		190
800		93		126969		190
801		93		126969		190
802		93		126969		190
803		93		126969		190
804		93		126969		190
805		93		126969		190
806		93		126969		190
807		93		126969		190
808		93		126969		190
809		93		126969		190
810		93		126969		190
811		93		126969		190
812		93		126969		190
813		93		126969		190
814		93		126969		190
815		93		126969		190
816		93		126969		190
817		93		126969		190
818		93		126969		190
819		93		126969		190
820		93		126969		190
821		93		126969		190
822		93		126969		190
823		93		126969		190
824		93		126969		190
825		93		126969		190
826		93		126969		190
827		93		126969		190
828		93		126969		190
829		93		126969		190
830		93		126969		190
831		93		126969		190
832		93		126969		190
833		93		126969		190
834		93		126969		190
835		93		126969		190
836		93		126969		190
837		93		126969		190
838		93		126969		190
839		93		126969		190
840		93		126969		190
841		93		126969		190
842		93		126969		190
843		93		126969		190
844		93		126969		190
845		93		126969		190
846		93		126969		190
847		93		126969		190
848		93		126969		190
849		93		126969		190
850		93		126969		190
851		93		126969		190
852		93		126969		190
853		93		126969		190
854		93		126969		190
855		93		126969		190
856		93		126969		190
857		93		126969		190
858		93		126969		190
859		93		126969		190
860		93		126969		190
861		93		126969		190
862		93		126969		190
863		93		126969		190
864		93		126969		190
865		93		126969		190
866		93		126969		190
867		93		126969		190
868		93		126969		190
869		93		126969		190
870		93		126969		190
871		93		126969		190
872		93		126969		190
873		93		126969		190
874		93		126969		190
875		93		126969		190
876		93		126969		190
877		93		126969		190
878		93		126969		190
879		93		126969		190
880		93		126969		190
881		93		126969		190
882		93		126969		190
883		93		126969		190
884		93		126969		190
885		93		126969		190
886		93		126969		190
887		93		126969		190
888		93		126969		190
889		93		126969		190
890		93		126969		190
891		93		126969		190
892		93		126969		190
893		93		126969		190
894		93		126969		190
895		93		126969		190
896		93		126969		190
897		93		126969		190
898		93		126969		190
899		93		126969		190
900		93		126969		190
901		93		126969		190
902		93		126969		190
903		93		126969		190
904		93		126969		190
905		93		126969		190
906		93		126969		190
907		93		126969		190
908		93		126969		190
909		93		126969		190
910		93		126969		190
911		93		126969		190
912		93		126969		190
913		93		126969		190
914		93		126969		190
915		93		126969		190
916		93		126969		190
917		93		126969		190
918		93		126969		190
919		93		126969		190
920		93		126969		190
921		93		126969		190
922		93		126969		190
923		93		126969		190
924		93		126969		190
925		93		126969		190
926		93		126969		190
927		93		126969		190
928		93		126969		190
929		93		126969		190
930		93		126969		190
931		93		126969		190
932		93		126969		190
933		93		126969		190
934		93		126969		190
935		93		126969		190
936		93		126969		190
937		93		126969		190
938		93		126969		190
939		93		126969		190
940		93		126969		190
941		93		126969		190
942		93		126969		190
943		93		126969		190
944		93		126969		190
945		93		126969		190
946		93		126969		190
947		93		126969		190
948		93		126969		190
949		93		126969		190
950		93		126969		190
951		93		126969		190
952		93		126969		190
953		93		126969		190
954		93		126969		190
955		93		126969		190
956		93		126969		190
957		93		126969		190
958		93		126969		190
959		93		126969		190
960		93		126969		190
961		93		126969		190
962		93		126969		190
963		93		126969		190
964		93		126969		190
965		93		126969		190
966		93		126969		190
967		93		126969		190
968		93		126969		190
969		93		126969		190
970		93		126969		190
971		93		126969		190
972		93		126969		190
973		93		126969		190
974		93		126969		190
975		93		126969		190
976		93		126969		190
977		93		126969		190
978		93		126969		190
979		93		126969		190
980		93		126969		190
981		93		126969		190
982		93		126969		190
983		93		126969		190
984		93		126969		190
985		93		126969		190
986		93		126969		190
987		93		126969		190
988		93		126969		190
989		93		126969		190
990		93		126969		190
991		93		126969		190
992		93		126969		190
993		93		126969		190
994		93		126969		190
995		93		126969		190
996		93		126969		190
997		93		126969		190
998		93		126969		190
999		93		126969		190
