# Migration is number of nodes that have changed color.

Round		Edge-Cut		Swaps		Migrations		Skipped
0		490		249		175
1		426		489		182
2		386		722		188
3		384		953		192
4		385		1193		183
5		387		1426		181
6		360		1660		181
7		320		1887		183
8		282		2115		189
9		296		2339		183
10		288		2572		186
11		316		2788		185
12		304		3019		181
13		282		3249		186
14		294		3469		186
15		277		3696		184
16		303		3917		183
17		297		4141		180
18		296		4371		180
19		328		4601		189
20		337		4823		185
21		358		5055		188
22		350		5292		194
23		385		5530		185
24		356		5761		185
25		392		5996		188
26		385		6231		189
27		360		6461		191
28		348		6693		193
29		304		6924		187
30		329		7155		192
31		362		7384		193
32		332		7615		189
33		357		7842		196
34		291		8081		185
35		333		8306		183
36		327		8527		181
37		332		8760		188
38		282		8993		186
39		250		9219		182
40		291		9446		187
41		284		9670		187
42		269		9884		188
43		280		10100		193
44		267		10323		179
45		295		10548		180
46		316		10776		190
47		293		11010		186
48		310		11241		191
49		304		11463		187
50		333		11698		189
51		309		11917		192
52		303		12140		188
53		286		12365		193
54		330		12585		185
55		304		12810		184
56		333		13037		187
57		317		13271		181
58		328		13497		182
59		291		13735		184
60		285		13958		191
61		288		14184		181
62		286		14407		190
63		326		14625		185
64		310		14853		192
65		290		15083		187
66		262		15312		183
67		267		15545		188
68		292		15770		190
69		293		15998		184
70		288		16217		182
71		275		16442		183
72		270		16669		185
73		305		16887		191
74		317		17106		186
75		332		17332		186
76		296		17557		190
77		292		17785		187
78		272		18006		188
79		263		18220		187
80		278		18438		191
81		277		18669		187
82		269		18892		181
83		300		19114		181
84		284		19343		178
85		270		19575		186
86		301		19806		186
87		300		20029		189
88		266		20247		184
89		282		20472		181
90		254		20688		179
91		289		20907		187
92		340		21143		186
93		331		21363		186
94		310		21590		192
95		311		21810		187
96		326		22031		190
97		281		22251		190
98		291		22480		187
99		239		22702		191
100		277		22916		189
101		254		23142		190
102		259		23361		185
103		297		23585		186
104		285		23807		186
105		263		24031		187
106		292		24251		182
107		260		24467		186
108		257		24692		178
109		266		24914		184
110		263		25135		184
111		229		25362		189
112		237		25581		191
113		250		25795		191
114		253		26020		195
115		271		26238		197
116		263		26457		187
117		236		26678		192
118		231		26912		187
119		223		27131		189
120		226		27349		191
121		235		27564		194
122		237		27780		190
123		235		28004		191
124		225		28227		191
125		252		28453		189
126		237		28676		183
127		225		28896		189
128		247		29101		186
129		275		29321		188
130		278		29537		193
131		260		29763		185
132		265		29989		187
133		246		30211		191
134		247		30430		194
135		236		30640		190
136		262		30864		189
137		263		31085		190
138		249		31300		184
139		234		31524		185
140		230		31732		191
141		280		31953		193
142		282		32182		186
143		301		32405		189
144		300		32625		187
145		297		32845		185
146		277		33077		194
147		261		33302		188
148		245		33524		187
149		264		33746		180
150		271		33972		183
151		263		34202		189
152		250		34425		189
153		256		34651		186
154		268		34880		190
155		279		35095		190
156		274		35320		186
157		278		35545		184
158		268		35769		188
159		265		35991		192
160		281		36215		190
161		267		36439		182
162		256		36667		184
163		249		36892		186
164		261		37108		188
165		270		37338		189
166		282		37565		187
167		276		37795		185
168		247		38021		192
169		226		38235		189
170		239		38451		191
171		222		38673		191
172		207		38883		190
173		228		39106		188
174		212		39314		186
175		254		39539		189
176		252		39768		191
177		238		39990		184
178		229		40210		184
179		216		40430		184
180		223		40647		193
181		213		40862		192
182		210		41078		191
183		207		41287		188
184		212		41501		187
185		217		41719		184
186		217		41939		185
187		210		42166		189
188		211		42373		186
189		226		42591		188
190		244		42807		191
191		255		43025		193
192		257		43247		187
193		287		43479		190
194		233		43701		192
195		232		43921		186
196		256		44133		192
197		260		44347		193
198		255		44575		191
199		231		44796		181
200		236		45015		187
201		274		45235		193
202		281		45456		189
203		261		45679		188
204		261		45903		185
205		237		46120		185
206		241		46330		184
207		227		46548		187
208		209		46768		189
209		223		46988		185
210		207		47203		185
211		195		47424		187
212		195		47635		189
213		210		47867		191
214		186		48088		187
215		194		48301		191
216		197		48512		190
217		182		48730		190
218		209		48949		186
219		185		49162		188
220		171		49370		190
221		183		49581		185
222		186		49788		191
223		189		50002		187
224		204		50223		186
225		193		50431		191
226		208		50650		188
227		190		50862		188
228		211		51072		188
229		217		51291		190
230		194		51500		194
231		193		51713		191
232		173		51928		189
233		174		52140		185
234		172		52359		186
235		182		52570		189
236		153		52786		187
237		156		52992		187
238		144		53203		187
239		167		53412		188
240		189		53628		190
241		186		53839		189
242		191		54053		195
243		172		54265		192
244		165		54479		190
245		178		54678		188
246		188		54892		186
247		184		55113		192
248		165		55329		187
249		174		55550		187
250		161		55761		191
251		159		55964		188
252		179		56189		188
253		160		56402		193
254		161		56618		185
255		153		56829		191
256		139		57047		190
257		138		57253		188
258		131		57461		191
259		136		57672		189
260		136		57884		190
261		143		58096		189
262		145		58315		188
263		147		58531		188
264		154		58742		188
265		154		58958		188
266		169		59171		191
267		187		59385		189
268		182		59602		183
269		166		59822		188
270		170		60035		186
271		158		60241		186
272		158		60455		188
273		151		60673		189
274		132		60884		185
275		132		61102		189
276		147		61298		186
277		141		61505		186
278		143		61712		186
279		144		61916		187
280		158		62125		189
281		156		62341		190
282		156		62558		188
283		143		62771		188
284		147		62980		186
285		136		63193		190
286		124		63395		188
287		138		63617		188
288		141		63819		189
289		146		64025		191
290		137		64248		188
291		136		64470		188
292		139		64678		187
293		135		64886		186
294		131		65101		185
295		113		65317		188
296		107		65526		188
297		105		65734		188
298		110		65930		185
299		104		66135		189
300		109		66350		187
301		116		66558		189
302		124		66766		190
303		132		66976		188
304		136		67187		186
305		136		67395		188
306		133		67612		190
307		131		67820		191
308		134		68039		186
309		133		68252		185
310		132		68464		188
311		143		68656		187
312		141		68864		190
313		130		69070		189
314		136		69289		191
315		126		69504		188
316		127		69718		186
317		131		69924		184
318		120		70135		184
319		122		70334		182
320		119		70537		184
321		108		70746		185
322		113		70946		183
323		118		71156		187
324		122		71366		187
325		121		71578		189
326		114		71787		188
327		119		72000		190
328		122		72213		191
329		121		72423		191
330		106		72625		188
331		112		72832		186
332		108		73039		188
333		121		73258		186
334		114		73464		184
335		108		73682		188
336		106		73889		188
337		110		74095		188
338		113		74314		186
339		112		74517		187
340		123		74734		187
341		122		74940		187
342		126		75154		186
343		125		75359		182
344		128		75573		185
345		114		75790		186
346		118		75996		185
347		97		76214		184
348		100		76416		186
349		103		76628		187
350		104		76830		187
351		110		77039		187
352		106		77256		187
353		112		77474		188
354		112		77680		188
355		117		77895		187
356		110		78109		187
357		99		78322		189
358		102		78531		189
359		102		78732		188
360		102		78937		188
361		103		79144		189
362		112		79352		185
363		109		79561		188
364		114		79772		186
365		115		79980		187
366		113		80194		189
367		109		80399		190
368		115		80606		188
369		110		80812		187
370		108		81016		188
371		108		81230		187
372		111		81438		186
373		111		81649		187
374		110		81858		186
375		113		82062		189
376		113		82265		189
377		115		82475		188
378		108		82687		184
379		108		82892		186
380		100		83088		187
381		100		83303		187
382		99		83504		185
383		99		83708		185
384		99		83921		185
385		99		84133		185
386		96		84336		186
387		98		84552		187
388		98		84749		187
389		99		84960		186
390		101		85169		189
391		102		85368		187
392		97		85565		186
393		97		85778		186
394		99		85978		186
395		99		86190		186
396		99		86393		185
397		99		86582		185
398		97		86781		185
399		99		86983		186
400		96		87185		186
401		100		87391		184
402		100		87593		184
403		102		87794		184
404		102		88002		184
405		102		88212		184
406		96		88405		184
407		96		88601		184
408		96		88814		184
409		92		89021		184
410		92		89232		184
411		92		89436		184
412		92		89642		184
413		92		89846		184
414		93		90058		186
415		94		90267		186
416		94		90471		186
417		94		90677		186
418		94		90894		186
419		90		91094		188
420		90		91305		188
421		93		91513		188
422		95		91714		187
423		95		91925		187
424		98		92141		189
425		101		92355		188
426		102		92558		187
427		99		92759		188
428		100		92963		189
429		99		93170		188
430		99		93374		188
431		99		93577		188
432		97		93773		187
433		97		93983		187
434		97		94191		187
435		100		94400		187
436		101		94609		186
437		96		94814		186
438		98		95023		187
439		98		95224		187
440		100		95413		187
441		100		95616		187
442		100		95827		186
443		100		96032		186
444		100		96234		186
445		102		96437		185
446		100		96632		184
447		100		96843		184
448		100		97042		184
449		100		97243		185
450		100		97454		185
451		100		97661		185
452		99		97862		187
453		99		98061		187
454		99		98266		187
455		99		98467		187
456		99		98663		187
457		99		98878		187
458		99		99079		187
459		99		99283		187
460		99		99495		187
461		99		99707		187
462		99		99909		187
463		99		100113		187
464		99		100314		187
465		99		100517		187
466		98		100518		186
467		99		100520		188
468		99		100520		188
469		96		100521		188
470		96		100521		188
471		95		100522		188
472		95		100524		188
473		90		100525		188
474		90		100525		188
475		91		100526		188
476		91		100526		188
477		92		100527		187
478		92		100527		187
479		89		100528		188
480		89		100528		188
481		88		100529		188
482		88		100529		188
483		88		100529		188
484		88		100529		188
485		88		100529		188
486		88		100529		188
487		88		100529		188
488		89		100530		187
489		89		100530		187
490		89		100530		187
491		89		100530		187
492		89		100530		187
493		89		100530		187
494		89		100530		187
495		89		100530		187
496		89		100530		187
497		89		100530		187
498		89		100530		187
499		89		100530		187
500		89		100530		187
501		88		100531		188
502		88		100531		188
503		88		100531		188
504		88		100531		188
505		88		100531		188
506		88		100531		188
507		88		100531		188
508		88		100531		188
509		88		100531		188
510		88		100531		188
511		88		100531		188
512		88		100531		188
513		88		100531		188
514		88		100531		188
515		88		100531		188
516		88		100531		188
517		88		100531		188
518		88		100531		188
519		89		100532		187
520		90		100533		189
521		88		100536		188
522		88		100536		188
523		84		100537		187
524		84		100537		187
525		84		100537		187
526		84		100537		187
527		84		100537		187
528		84		100537		187
529		84		100537		187
530		84		100537		187
531		84		100537		187
532		84		100537		187
533		84		100537		187
534		84		100537		187
535		84		100537		187
536		84		100537		187
537		84		100537		187
538		84		100537		187
539		84		100537		187
540		84		100537		187
541		84		100537		187
542		84		100537		187
543		84		100537		187
544		84		100537		187
545		84		100537		187
546		84		100537		187
547		84		100537		187
548		84		100537		187
549		84		100537		187
550		84		100537		187
551		84		100537		187
552		84		100537		187
553		84		100537		187
554		84		100537		187
555		84		100537		187
556		84		100537		187
557		84		100537		187
558		84		100537		187
559		84		100537		187
560		84		100537		187
561		84		100537		187
562		84		100537		187
563		84		100537		187
564		84		100537		187
565		84		100537		187
566		84		100537		187
567		84		100537		187
568		84		100537		187
569		84		100537		187
570		84		100537		187
571		84		100537		187
572		84		100537		187
573		84		100537		187
574		84		100537		187
575		84		100537		187
576		84		100537		187
577		84		100537		187
578		84		100537		187
579		84		100537		187
580		84		100537		187
581		84		100537		187
582		84		100537		187
583		84		100537		187
584		84		100537		187
585		84		100537		187
586		84		100537		187
587		84		100537		187
588		84		100537		187
589		84		100537		187
590		84		100537		187
591		84		100537		187
592		84		100537		187
593		84		100537		187
594		84		100537		187
595		84		100537		187
596		84		100537		187
597		84		100537		187
598		84		100537		187
599		84		100537		187
600		84		100537		187
601		84		100537		187
602		84		100537		187
603		84		100537		187
604		84		100537		187
605		84		100537		187
606		84		100537		187
607		84		100537		187
608		84		100537		187
609		84		100537		187
610		84		100537		187
611		84		100537		187
612		84		100537		187
613		84		100537		187
614		84		100537		187
615		84		100537		187
616		84		100537		187
617		84		100537		187
618		84		100537		187
619		84		100537		187
620		84		100537		187
621		84		100537		187
622		84		100537		187
623		84		100537		187
624		84		100537		187
625		84		100537		187
626		84		100537		187
627		84		100537		187
628		84		100537		187
629		84		100537		187
630		84		100537		187
631		84		100537		187
632		84		100537		187
633		84		100537		187
634		84		100537		187
635		84		100537		187
636		84		100537		187
637		84		100537		187
638		84		100537		187
639		84		100537		187
640		84		100537		187
641		84		100537		187
642		84		100537		187
643		84		100537		187
644		84		100537		187
645		84		100537		187
646		84		100537		187
647		84		100537		187
648		84		100537		187
649		84		100537		187
650		84		100537		187
651		84		100537		187
652		84		100537		187
653		84		100537		187
654		84		100537		187
655		84		100537		187
656		84		100537		187
657		84		100537		187
658		84		100537		187
659		84		100537		187
660		84		100537		187
661		84		100537		187
662		84		100537		187
663		84		100537		187
664		84		100537		187
665		84		100537		187
666		84		100537		187
667		84		100537		187
668		84		100537		187
669		84		100537		187
670		84		100537		187
671		84		100537		187
672		84		100537		187
673		84		100537		187
674		84		100537		187
675		84		100537		187
676		84		100537		187
677		84		100537		187
678		84		100537		187
679		84		100537		187
680		84		100537		187
681		84		100537		187
682		84		100537		187
683		84		100537		187
684		84		100537		187
685		84		100537		187
686		84		100537		187
687		84		100537		187
688		84		100537		187
689		84		100537		187
690		84		100537		187
691		84		100537		187
692		84		100537		187
693		84		100537		187
694		84		100537		187
695		84		100537		187
696		84		100537		187
697		84		100537		187
698		84		100537		187
699		84		100537		187
700		84		100537		187
701		84		100537		187
702		84		100537		187
703		84		100537		187
704		84		100537		187
705		84		100537		187
706		84		100537		187
707		84		100537		187
708		84		100537		187
709		84		100537		187
710		84		100537		187
711		84		100537		187
712		84		100537		187
713		84		100537		187
714		84		100537		187
715		84		100537		187
716		84		100537		187
717		84		100537		187
718		84		100537		187
719		84		100537		187
720		84		100537		187
721		84		100537		187
722		84		100537		187
723		84		100537		187
724		84		100537		187
725		84		100537		187
726		84		100537		187
727		84		100537		187
728		84		100537		187
729		84		100537		187
730		84		100537		187
731		84		100537		187
732		84		100537		187
733		84		100537		187
734		84		100537		187
735		84		100537		187
736		84		100537		187
737		84		100537		187
738		84		100537		187
739		84		100537		187
740		84		100537		187
741		84		100537		187
742		84		100537		187
743		84		100537		187
744		84		100537		187
745		84		100537		187
746		84		100537		187
747		84		100537		187
748		84		100537		187
749		84		100537		187
750		84		100537		187
751		84		100537		187
752		84		100537		187
753		84		100537		187
754		84		100537		187
755		84		100537		187
756		84		100537		187
757		84		100537		187
758		84		100537		187
759		84		100537		187
760		84		100537		187
761		84		100537		187
762		84		100537		187
763		84		100537		187
764		84		100537		187
765		84		100537		187
766		84		100537		187
767		84		100537		187
768		84		100537		187
769		84		100537		187
770		84		100537		187
771		84		100537		187
772		84		100537		187
773		84		100537		187
774		84		100537		187
775		84		100537		187
776		84		100537		187
777		84		100537		187
778		84		100537		187
779		84		100537		187
780		84		100537		187
781		84		100537		187
782		84		100537		187
783		84		100537		187
784		84		100537		187
785		84		100537		187
786		84		100537		187
787		84		100537		187
788		84		100537		187
789		84		100537		187
790		84		100537		187
791		84		100537		187
792		84		100537		187
793		84		100537		187
794		84		100537		187
795		84		100537		187
796		84		100537		187
797		84		100537		187
798		84		100537		187
799		84		100537		187
800		84		100537		187
801		84		100537		187
802		84		100537		187
803		84		100537		187
804		84		100537		187
805		84		100537		187
806		84		100537		187
807		84		100537		187
808		84		100537		187
809		84		100537		187
810		84		100537		187
811		84		100537		187
812		84		100537		187
813		84		100537		187
814		84		100537		187
815		84		100537		187
816		84		100537		187
817		84		100537		187
818		84		100537		187
819		84		100537		187
820		84		100537		187
821		84		100537		187
822		84		100537		187
823		84		100537		187
824		84		100537		187
825		84		100537		187
826		84		100537		187
827		84		100537		187
828		84		100537		187
829		84		100537		187
830		84		100537		187
831		84		100537		187
832		84		100537		187
833		84		100537		187
834		84		100537		187
835		84		100537		187
836		84		100537		187
837		84		100537		187
838		84		100537		187
839		84		100537		187
840		84		100537		187
841		84		100537		187
842		84		100537		187
843		84		100537		187
844		84		100537		187
845		84		100537		187
846		84		100537		187
847		84		100537		187
848		84		100537		187
849		84		100537		187
850		84		100537		187
851		84		100537		187
852		84		100537		187
853		84		100537		187
854		84		100537		187
855		84		100537		187
856		84		100537		187
857		84		100537		187
858		84		100537		187
859		84		100537		187
860		84		100537		187
861		84		100537		187
862		84		100537		187
863		84		100537		187
864		84		100537		187
865		84		100537		187
866		84		100537		187
867		84		100537		187
868		84		100537		187
869		84		100537		187
870		84		100537		187
871		84		100537		187
872		84		100537		187
873		84		100537		187
874		84		100537		187
875		84		100537		187
876		84		100537		187
877		84		100537		187
878		84		100537		187
879		84		100537		187
880		84		100537		187
881		84		100537		187
882		84		100537		187
883		84		100537		187
884		84		100537		187
885		84		100537		187
886		84		100537		187
887		84		100537		187
888		84		100537		187
889		84		100537		187
890		84		100537		187
891		84		100537		187
892		84		100537		187
893		84		100537		187
894		84		100537		187
895		84		100537		187
896		84		100537		187
897		84		100537		187
898		84		100537		187
899		84		100537		187
900		84		100537		187
901		84		100537		187
902		84		100537		187
903		84		100537		187
904		84		100537		187
905		84		100537		187
906		84		100537		187
907		84		100537		187
908		84		100537		187
909		84		100537		187
910		84		100537		187
911		84		100537		187
912		84		100537		187
913		84		100537		187
914		84		100537		187
915		84		100537		187
916		84		100537		187
917		84		100537		187
918		84		100537		187
919		84		100537		187
920		84		100537		187
921		84		100537		187
922		84		100537		187
923		84		100537		187
924		84		100537		187
925		84		100537		187
926		84		100537		187
927		84		100537		187
928		84		100537		187
929		84		100537		187
930		84		100537		187
931		84		100537		187
932		84		100537		187
933		84		100537		187
934		84		100537		187
935		84		100537		187
936		84		100537		187
937		84		100537		187
938		84		100537		187
939		84		100537		187
940		84		100537		187
941		84		100537		187
942		84		100537		187
943		84		100537		187
944		84		100537		187
945		84		100537		187
946		84		100537		187
947		84		100537		187
948		84		100537		187
949		84		100537		187
950		84		100537		187
951		84		100537		187
952		84		100537		187
953		84		100537		187
954		84		100537		187
955		84		100537		187
956		84		100537		187
957		84		100537		187
958		84		100537		187
959		84		100537		187
960		84		100537		187
961		84		100537		187
962		84		100537		187
963		84		100537		187
964		84		100537		187
965		84		100537		187
966		84		100537		187
967		84		100537		187
968		84		100537		187
969		84		100537		187
970		84		100537		187
971		84		100537		187
972		84		100537		187
973		84		100537		187
974		84		100537		187
975		84		100537		187
976		84		100537		187
977		84		100537		187
978		84		100537		187
979		84		100537		187
980		84		100537		187
981		84		100537		187
982		84		100537		187
983		84		100537		187
984		84		100537		187
985		84		100537		187
986		84		100537		187
987		84		100537		187
988		84		100537		187
989		84		100537		187
990		84		100537		187
991		84		100537		187
992		84		100537		187
993		84		100537		187
994		84		100537		187
995		84		100537		187
996		84		100537		187
997		84		100537		187
998		84		100537		187
999		84		100537		187
