# Migration is number of nodes that have changed color.

Round		Edge-Cut		Swaps		Migrations		Skipped
0		504		248		164
1		440		489		169
2		397		724		180
3		341		961		185
4		339		1186		185
5		306		1409		189
6		293		1627		182
7		268		1857		187
8		277		2075		187
9		294		2306		179
10		323		2537		181
11		310		2761		181
12		277		2992		183
13		275		3215		186
14		277		3444		181
15		277		3669		187
16		290		3895		191
17		269		4121		192
18		258		4345		191
19		262		4568		186
20		273		4790		177
21		293		5016		185
22		275		5240		185
23		256		5468		183
24		269		5678		184
25		285		5899		180
26		268		6119		180
27		259		6337		189
28		295		6563		185
29		253		6786		187
30		275		7010		179
31		272		7234		185
32		283		7455		184
33		253		7669		188
34		257		7893		191
35		255		8122		184
36		281		8342		183
37		287		8572		181
38		266		8798		186
39		283		9027		191
40		257		9262		186
41		266		9483		190
42		223		9700		195
43		242		9919		191
44		243		10142		187
45		233		10362		186
46		208		10583		186
47		224		10801		189
48		223		11012		191
49		244		11228		185
50		221		11449		181
51		233		11667		180
52		218		11875		181
53		210		12097		187
54		230		12307		190
55		214		12526		186
56		182		12736		187
57		189		12946		188
58		188		13160		189
59		214		13381		188
60		217		13597		186
61		205		13813		188
62		203		14031		187
63		188		14254		189
64		172		14473		186
65		184		14694		190
66		195		14916		191
67		204		15128		191
68		215		15342		189
69		208		15564		195
70		188		15775		193
71		188		15989		187
72		193		16204		188
73		174		16414		188
74		191		16628		188
75		200		16848		183
76		201		17062		186
77		198		17280		183
78		202		17500		186
79		223		17721		189
80		225		17942		190
81		202		18166		184
82		186		18381		180
83		165		18592		186
84		180		18809		187
85		179		19020		184
86		158		19236		190
87		163		19442		192
88		167		19664		189
89		166		19879		188
90		169		20089		190
91		179		20294		187
92		201		20511		185
93		186		20729		189
94		175		20941		185
95		192		21150		186
96		187		21354		182
97		168		21568		185
98		149		21785		189
99		132		22002		187
100		145		22205		189
101		139		22424		189
102		126		22622		189
103		128		22833		189
104		136		23046		185
105		138		23255		187
106		144		23455		187
107		158		23660		183
108		145		23879		182
109		151		24080		183
110		163		24284		187
111		143		24501		189
112		132		24705		188
113		123		24914		189
114		129		25129		189
115		128		25345		188
116		127		25545		189
117		124		25763		188
118		121		25976		186
119		124		26189		187
120		132		26401		189
121		140		26610		190
122		138		26831		193
123		137		27051		190
124		123		27260		188
125		123		27474		189
126		130		27691		187
127		148		27892		189
128		144		28096		188
129		133		28298		187
130		125		28507		188
131		121		28716		187
132		120		28933		186
133		119		29147		187
134		111		29356		188
135		118		29550		187
136		121		29754		186
137		122		29962		184
138		114		30155		185
139		117		30362		186
140		119		30569		188
141		115		30779		188
142		125		30989		187
143		116		31197		186
144		116		31401		185
145		121		31597		183
146		125		31799		184
147		123		32008		184
148		123		32220		186
149		131		32431		188
150		136		32647		189
151		140		32863		189
152		134		33069		189
153		128		33271		190
154		128		33481		190
155		130		33689		187
156		134		33898		188
157		136		34109		189
158		141		34311		186
159		131		34514		187
160		127		34716		190
161		127		34927		190
162		124		35142		189
163		116		35346		189
164		117		35541		190
165		116		35748		189
166		116		35951		189
167		115		36171		189
168		110		36381		190
169		110		36592		189
170		106		36797		189
171		106		36998		189
172		107		37208		190
173		100		37410		189
174		89		37606		189
175		89		37823		189
176		89		38029		189
177		89		38231		189
178		91		38442		189
179		91		38653		189
180		91		38852		189
181		93		39054		188
182		93		39258		188
183		91		39466		187
184		91		39683		187
185		91		39890		187
186		91		40106		187
187		91		40307		187
188		91		40515		187
189		89		40716		186
190		89		40912		186
191		89		41113		186
192		89		41319		186
193		89		41524		186
194		89		41736		186
195		89		41736		186
196		89		41736		186
197		89		41736		186
198		85		41737		187
199		85		41737		187
200		85		41737		187
201		85		41737		187
202		85		41737		187
203		85		41737		187
204		85		41737		187
205		85		41737		187
206		85		41737		187
207		85		41737		187
208		85		41737		187
209		85		41737		187
210		85		41737		187
211		85		41737		187
212		85		41737		187
213		85		41737		187
214		85		41737		187
215		85		41737		187
216		85		41737		187
217		85		41737		187
218		85		41737		187
219		85		41737		187
220		85		41737		187
221		85		41737		187
222		85		41737		187
223		85		41737		187
224		85		41737		187
225		85		41737		187
226		85		41737		187
227		85		41737		187
228		85		41737		187
229		85		41737		187
230		85		41737		187
231		85		41737		187
232		85		41737		187
233		85		41737		187
234		85		41737		187
235		85		41737		187
236		85		41737		187
237		85		41737		187
238		85		41737		187
239		85		41737		187
240		85		41737		187
241		85		41737		187
242		85		41737		187
243		85		41737		187
244		85		41737		187
245		85		41737		187
246		85		41737		187
247		85		41737		187
248		85		41737		187
249		85		41737		187
250		85		41737		187
251		85		41737		187
252		85		41737		187
253		85		41737		187
254		85		41737		187
255		85		41737		187
256		85		41737		187
257		85		41737		187
258		85		41737		187
259		85		41737		187
260		85		41737		187
261		85		41737		187
262		85		41737		187
263		85		41737		187
264		85		41737		187
265		85		41737		187
266		85		41737		187
267		85		41737		187
268		85		41737		187
269		85		41737		187
270		85		41737		187
271		85		41737		187
272		85		41737		187
273		85		41737		187
274		85		41737		187
275		85		41737		187
276		85		41737		187
277		85		41737		187
278		85		41737		187
279		85		41737		187
280		85		41737		187
281		85		41737		187
282		85		41737		187
283		85		41737		187
284		85		41737		187
285		85		41737		187
286		85		41737		187
287		85		41737		187
288		85		41737		187
289		85		41737		187
290		85		41737		187
291		85		41737		187
292		85		41737		187
293		85		41737		187
294		85		41737		187
295		85		41737		187
296		85		41737		187
297		85		41737		187
298		85		41737		187
299		85		41737		187
300		85		41737		187
301		85		41737		187
302		85		41737		187
303		85		41737		187
304		85		41737		187
305		85		41737		187
306		85		41737		187
307		85		41737		187
308		85		41737		187
309		85		41737		187
310		85		41737		187
311		85		41737		187
312		85		41737		187
313		85		41737		187
314		85		41737		187
315		85		41737		187
316		85		41737		187
317		85		41737		187
318		85		41737		187
319		85		41737		187
320		85		41737		187
321		85		41737		187
322		85		41737		187
323		85		41737		187
324		85		41737		187
325		85		41737		187
326		85		41737		187
327		85		41737		187
328		85		41737		187
329		85		41737		187
330		85		41737		187
331		85		41737		187
332		85		41737		187
333		85		41737		187
334		85		41737		187
335		85		41737		187
336		85		41737		187
337		85		41737		187
338		85		41737		187
339		85		41737		187
340		85		41737		187
341		85		41737		187
342		85		41737		187
343		85		41737		187
344		85		41737		187
345		85		41737		187
346		85		41737		187
347		85		41737		187
348		85		41737		187
349		85		41737		187
350		85		41737		187
351		85		41737		187
352		85		41737		187
353		85		41737		187
354		85		41737		187
355		85		41737		187
356		85		41737		187
357		85		41737		187
358		85		41737		187
359		85		41737		187
360		85		41737		187
361		85		41737		187
362		85		41737		187
363		85		41737		187
364		85		41737		187
365		85		41737		187
366		85		41737		187
367		85		41737		187
368		85		41737		187
369		85		41737		187
370		85		41737		187
371		85		41737		187
372		85		41737		187
373		85		41737		187
374		85		41737		187
375		85		41737		187
376		85		41737		187
377		85		41737		187
378		85		41737		187
379		85		41737		187
380		85		41737		187
381		85		41737		187
382		85		41737		187
383		85		41737		187
384		85		41737		187
385		85		41737		187
386		85		41737		187
387		85		41737		187
388		85		41737		187
389		85		41737		187
390		85		41737		187
391		85		41737		187
392		85		41737		187
393		85		41737		187
394		85		41737		187
395		85		41737		187
396		85		41737		187
397		85		41737		187
398		85		41737		187
399		85		41737		187
400		85		41737		187
401		85		41737		187
402		85		41737		187
403		85		41737		187
404		85		41737		187
405		85		41737		187
406		85		41737		187
407		85		41737		187
408		85		41737		187
409		85		41737		187
410		85		41737		187
411		85		41737		187
412		85		41737		187
413		85		41737		187
414		85		41737		187
415		85		41737		187
416		85		41737		187
417		85		41737		187
418		85		41737		187
419		85		41737		187
420		85		41737		187
421		85		41737		187
422		85		41737		187
423		85		41737		187
424		85		41737		187
425		85		41737		187
426		85		41737		187
427		85		41737		187
428		85		41737		187
429		85		41737		187
430		85		41737		187
431		85		41737		187
432		85		41737		187
433		85		41737		187
434		85		41737		187
435		85		41737		187
436		85		41737		187
437		85		41737		187
438		85		41737		187
439		85		41737		187
440		85		41737		187
441		85		41737		187
442		85		41737		187
443		85		41737		187
444		85		41737		187
445		85		41737		187
446		85		41737		187
447		85		41737		187
448		85		41737		187
449		85		41737		187
450		85		41737		187
451		85		41737		187
452		85		41737		187
453		85		41737		187
454		85		41737		187
455		85		41737		187
456		85		41737		187
457		85		41737		187
458		85		41737		187
459		85		41737		187
460		85		41737		187
461		85		41737		187
462		85		41737		187
463		85		41737		187
464		85		41737		187
465		85		41737		187
466		85		41737		187
467		85		41737		187
468		85		41737		187
469		85		41737		187
470		85		41737		187
471		85		41737		187
472		85		41737		187
473		85		41737		187
474		85		41737		187
475		85		41737		187
476		85		41737		187
477		85		41737		187
478		85		41737		187
479		85		41737		187
480		85		41737		187
481		85		41737		187
482		85		41737		187
483		85		41737		187
484		85		41737		187
485		85		41737		187
486		85		41737		187
487		85		41737		187
488		85		41737		187
489		85		41737		187
490		85		41737		187
491		85		41737		187
492		85		41737		187
493		85		41737		187
494		85		41737		187
495		85		41737		187
496		85		41737		187
497		85		41737		187
498		85		41737		187
499		85		41737		187
500		85		41737		187
501		85		41737		187
502		85		41737		187
503		85		41737		187
504		85		41737		187
505		85		41737		187
506		85		41737		187
507		85		41737		187
508		85		41737		187
509		85		41737		187
510		85		41737		187
511		85		41737		187
512		85		41737		187
513		85		41737		187
514		85		41737		187
515		85		41737		187
516		85		41737		187
517		85		41737		187
518		85		41737		187
519		85		41737		187
520		85		41737		187
521		85		41737		187
522		85		41737		187
523		85		41737		187
524		85		41737		187
525		85		41737		187
526		85		41737		187
527		85		41737		187
528		85		41737		187
529		85		41737		187
530		85		41737		187
531		85		41737		187
532		85		41737		187
533		85		41737		187
534		85		41737		187
535		85		41737		187
536		85		41737		187
537		85		41737		187
538		85		41737		187
539		85		41737		187
540		85		41737		187
541		85		41737		187
542		85		41737		187
543		85		41737		187
544		85		41737		187
545		85		41737		187
546		85		41737		187
547		85		41737		187
548		85		41737		187
549		85		41737		187
550		85		41737		187
551		85		41737		187
552		85		41737		187
553		85		41737		187
554		85		41737		187
555		85		41737		187
556		85		41737		187
557		85		41737		187
558		85		41737		187
559		85		41737		187
560		85		41737		187
561		85		41737		187
562		85		41737		187
563		85		41737		187
564		85		41737		187
565		85		41737		187
566		85		41737		187
567		85		41737		187
568		85		41737		187
569		85		41737		187
570		85		41737		187
571		85		41737		187
572		85		41737		187
573		85		41737		187
574		85		41737		187
575		85		41737		187
576		85		41737		187
577		85		41737		187
578		85		41737		187
579		85		41737		187
580		85		41737		187
581		85		41737		187
582		85		41737		187
583		85		41737		187
584		85		41737		187
585		85		41737		187
586		85		41737		187
587		85		41737		187
588		85		41737		187
589		85		41737		187
590		85		41737		187
591		85		41737		187
592		85		41737		187
593		85		41737		187
594		85		41737		187
595		85		41737		187
596		85		41737		187
597		85		41737		187
598		85		41737		187
599		85		41737		187
600		85		41737		187
601		85		41737		187
602		85		41737		187
603		85		41737		187
604		85		41737		187
605		85		41737		187
606		85		41737		187
607		85		41737		187
608		85		41737		187
609		85		41737		187
610		85		41737		187
611		85		41737		187
612		85		41737		187
613		85		41737		187
614		85		41737		187
615		85		41737		187
616		85		41737		187
617		85		41737		187
618		85		41737		187
619		85		41737		187
620		85		41737		187
621		85		41737		187
622		85		41737		187
623		85		41737		187
624		85		41737		187
625		85		41737		187
626		85		41737		187
627		85		41737		187
628		85		41737		187
629		85		41737		187
630		85		41737		187
631		85		41737		187
632		85		41737		187
633		85		41737		187
634		85		41737		187
635		85		41737		187
636		85		41737		187
637		85		41737		187
638		85		41737		187
639		85		41737		187
640		85		41737		187
641		85		41737		187
642		85		41737		187
643		85		41737		187
644		85		41737		187
645		85		41737		187
646		85		41737		187
647		85		41737		187
648		85		41737		187
649		85		41737		187
650		85		41737		187
651		85		41737		187
652		85		41737		187
653		85		41737		187
654		85		41737		187
655		85		41737		187
656		85		41737		187
657		85		41737		187
658		85		41737		187
659		85		41737		187
660		85		41737		187
661		85		41737		187
662		85		41737		187
663		85		41737		187
664		85		41737		187
665		85		41737		187
666		85		41737		187
667		85		41737		187
668		85		41737		187
669		85		41737		187
670		85		41737		187
671		85		41737		187
672		85		41737		187
673		85		41737		187
674		85		41737		187
675		85		41737		187
676		85		41737		187
677		85		41737		187
678		85		41737		187
679		85		41737		187
680		85		41737		187
681		85		41737		187
682		85		41737		187
683		85		41737		187
684		85		41737		187
685		85		41737		187
686		85		41737		187
687		85		41737		187
688		85		41737		187
689		85		41737		187
690		85		41737		187
691		85		41737		187
692		85		41737		187
693		85		41737		187
694		85		41737		187
695		85		41737		187
696		85		41737		187
697		85		41737		187
698		85		41737		187
699		85		41737		187
700		85		41737		187
701		85		41737		187
702		85		41737		187
703		85		41737		187
704		85		41737		187
705		85		41737		187
706		85		41737		187
707		85		41737		187
708		85		41737		187
709		85		41737		187
710		85		41737		187
711		85		41737		187
712		85		41737		187
713		85		41737		187
714		85		41737		187
715		85		41737		187
716		85		41737		187
717		85		41737		187
718		85		41737		187
719		85		41737		187
720		85		41737		187
721		85		41737		187
722		85		41737		187
723		85		41737		187
724		85		41737		187
725		85		41737		187
726		85		41737		187
727		85		41737		187
728		85		41737		187
729		85		41737		187
730		85		41737		187
731		85		41737		187
732		85		41737		187
733		85		41737		187
734		85		41737		187
735		85		41737		187
736		85		41737		187
737		85		41737		187
738		85		41737		187
739		85		41737		187
740		85		41737		187
741		85		41737		187
742		85		41737		187
743		85		41737		187
744		85		41737		187
745		85		41737		187
746		85		41737		187
747		85		41737		187
748		85		41737		187
749		85		41737		187
750		85		41737		187
751		85		41737		187
752		85		41737		187
753		85		41737		187
754		85		41737		187
755		85		41737		187
756		85		41737		187
757		85		41737		187
758		85		41737		187
759		85		41737		187
760		85		41737		187
761		85		41737		187
762		85		41737		187
763		85		41737		187
764		85		41737		187
765		85		41737		187
766		85		41737		187
767		85		41737		187
768		85		41737		187
769		85		41737		187
770		85		41737		187
771		85		41737		187
772		85		41737		187
773		85		41737		187
774		85		41737		187
775		85		41737		187
776		85		41737		187
777		85		41737		187
778		85		41737		187
779		85		41737		187
780		85		41737		187
781		85		41737		187
782		85		41737		187
783		85		41737		187
784		85		41737		187
785		85		41737		187
786		85		41737		187
787		85		41737		187
788		85		41737		187
789		85		41737		187
790		85		41737		187
791		85		41737		187
792		85		41737		187
793		85		41737		187
794		85		41737		187
795		85		41737		187
796		85		41737		187
797		85		41737		187
798		85		41737		187
799		85		41737		187
800		85		41737		187
801		85		41737		187
802		85		41737		187
803		85		41737		187
804		85		41737		187
805		85		41737		187
806		85		41737		187
807		85		41737		187
808		85		41737		187
809		85		41737		187
810		85		41737		187
811		85		41737		187
812		85		41737		187
813		85		41737		187
814		85		41737		187
815		85		41737		187
816		85		41737		187
817		85		41737		187
818		85		41737		187
819		85		41737		187
820		85		41737		187
821		85		41737		187
822		85		41737		187
823		85		41737		187
824		85		41737		187
825		85		41737		187
826		85		41737		187
827		85		41737		187
828		85		41737		187
829		85		41737		187
830		85		41737		187
831		85		41737		187
832		85		41737		187
833		85		41737		187
834		85		41737		187
835		85		41737		187
836		85		41737		187
837		85		41737		187
838		85		41737		187
839		85		41737		187
840		85		41737		187
841		85		41737		187
842		85		41737		187
843		85		41737		187
844		85		41737		187
845		85		41737		187
846		85		41737		187
847		85		41737		187
848		85		41737		187
849		85		41737		187
850		85		41737		187
851		85		41737		187
852		85		41737		187
853		85		41737		187
854		85		41737		187
855		85		41737		187
856		85		41737		187
857		85		41737		187
858		85		41737		187
859		85		41737		187
860		85		41737		187
861		85		41737		187
862		85		41737		187
863		85		41737		187
864		85		41737		187
865		85		41737		187
866		85		41737		187
867		85		41737		187
868		85		41737		187
869		85		41737		187
870		85		41737		187
871		85		41737		187
872		85		41737		187
873		85		41737		187
874		85		41737		187
875		85		41737		187
876		85		41737		187
877		85		41737		187
878		85		41737		187
879		85		41737		187
880		85		41737		187
881		85		41737		187
882		85		41737		187
883		85		41737		187
884		85		41737		187
885		85		41737		187
886		85		41737		187
887		85		41737		187
888		85		41737		187
889		85		41737		187
890		85		41737		187
891		85		41737		187
892		85		41737		187
893		85		41737		187
894		85		41737		187
895		85		41737		187
896		85		41737		187
897		85		41737		187
898		85		41737		187
899		85		41737		187
900		85		41737		187
901		85		41737		187
902		85		41737		187
903		85		41737		187
904		85		41737		187
905		85		41737		187
906		85		41737		187
907		85		41737		187
908		85		41737		187
909		85		41737		187
910		85		41737		187
911		85		41737		187
912		85		41737		187
913		85		41737		187
914		85		41737		187
915		85		41737		187
916		85		41737		187
917		85		41737		187
918		85		41737		187
919		85		41737		187
920		85		41737		187
921		85		41737		187
922		85		41737		187
923		85		41737		187
924		85		41737		187
925		85		41737		187
926		85		41737		187
927		85		41737		187
928		85		41737		187
929		85		41737		187
930		85		41737		187
931		85		41737		187
932		85		41737		187
933		85		41737		187
934		85		41737		187
935		85		41737		187
936		85		41737		187
937		85		41737		187
938		85		41737		187
939		85		41737		187
940		85		41737		187
941		85		41737		187
942		85		41737		187
943		85		41737		187
944		85		41737		187
945		85		41737		187
946		85		41737		187
947		85		41737		187
948		85		41737		187
949		85		41737		187
950		85		41737		187
951		85		41737		187
952		85		41737		187
953		85		41737		187
954		85		41737		187
955		85		41737		187
956		85		41737		187
957		85		41737		187
958		85		41737		187
959		85		41737		187
960		85		41737		187
961		85		41737		187
962		85		41737		187
963		85		41737		187
964		85		41737		187
965		85		41737		187
966		85		41737		187
967		85		41737		187
968		85		41737		187
969		85		41737		187
970		85		41737		187
971		85		41737		187
972		85		41737		187
973		85		41737		187
974		85		41737		187
975		85		41737		187
976		85		41737		187
977		85		41737		187
978		85		41737		187
979		85		41737		187
980		85		41737		187
981		85		41737		187
982		85		41737		187
983		85		41737		187
984		85		41737		187
985		85		41737		187
986		85		41737		187
987		85		41737		187
988		85		41737		187
989		85		41737		187
990		85		41737		187
991		85		41737		187
992		85		41737		187
993		85		41737		187
994		85		41737		187
995		85		41737		187
996		85		41737		187
997		85		41737		187
998		85		41737		187
999		85		41737		187
