# Migration is number of nodes that have changed color.

Round		Edge-Cut		Swaps		Migrations		Skipped
0		504		248		164
1		448		488		172
2		438		719		189
3		411		957		195
4		391		1187		185
5		366		1415		182
6		358		1645		189
7		321		1875		191
8		309		2099		191
9		324		2331		188
10		319		2563		187
11		344		2789		183
12		326		3016		191
13		338		3234		190
14		328		3461		183
15		304		3693		184
16		279		3908		182
17		311		4128		183
18		331		4348		187
19		330		4578		189
20		329		4804		190
21		298		5027		189
22		276		5254		188
23		325		5476		185
24		297		5696		188
25		279		5926		184
26		256		6149		181
27		269		6363		178
28		251		6589		189
29		269		6813		186
30		264		7033		185
31		249		7256		183
32		265		7474		186
33		254		7699		191
34		253		7923		184
35		261		8146		181
36		285		8364		188
37		248		8594		189
38		254		8814		183
39		285		9037		182
40		270		9255		192
41		241		9477		188
42		265		9694		185
43		263		9911		183
44		254		10135		182
45		260		10357		184
46		261		10578		185
47		248		10795		188
48		199		11007		190
49		229		11216		184
50		249		11434		185
51		257		11650		187
52		249		11864		192
53		228		12085		189
54		239		12300		191
55		254		12521		188
56		275		12743		187
57		257		12966		194
58		212		13185		187
59		210		13397		186
60		219		13601		185
61		206		13813		187
62		208		14031		187
63		218		14246		190
64		204		14472		194
65		196		14694		189
66		191		14908		190
67		201		15123		190
68		171		15336		187
69		183		15553		188
70		195		15774		185
71		176		15999		189
72		171		16218		193
73		165		16433		187
74		165		16637		191
75		172		16851		185
76		164		17068		185
77		167		17286		184
78		153		17496		185
79		138		17701		188
80		157		17910		185
81		154		18126		186
82		154		18346		185
83		157		18548		182
84		161		18763		182
85		148		18974		185
86		143		19190		188
87		147		19397		188
88		144		19610		189
89		158		19820		187
90		146		20021		187
91		159		20226		190
92		156		20441		188
93		156		20641		185
94		171		20852		186
95		173		21055		184
96		192		21260		192
97		194		21480		191
98		194		21694		194
99		217		21916		191
100		212		22127		194
101		205		22347		187
102		197		22568		184
103		197		22783		181
104		198		23007		182
105		199		23213		181
106		196		23427		184
107		193		23636		189
108		189		23857		190
109		202		24076		188
110		184		24299		191
111		179		24516		182
112		185		24726		181
113		181		24945		182
114		183		25163		185
115		169		25380		186
116		178		25582		192
117		166		25795		184
118		170		26014		187
119		190		26222		186
120		166		26440		186
121		146		26649		186
122		163		26866		185
123		172		27080		187
124		147		27286		188
125		154		27492		189
126		146		27710		189
127		149		27916		184
128		151		28124		188
129		144		28340		184
130		150		28543		184
131		140		28754		186
132		141		28964		187
133		145		29179		188
134		151		29389		186
135		149		29595		185
136		154		29799		190
137		153		30013		189
138		163		30226		188
139		174		30435		189
140		169		30652		184
141		157		30866		185
142		157		31081		190
143		136		31291		189
144		126		31498		189
145		130		31708		190
146		138		31914		190
147		137		32129		188
148		136		32338		189
149		134		32550		190
150		139		32768		187
151		149		32981		190
152		149		33188		183
153		146		33392		184
154		148		33611		187
155		141		33811		189
156		130		34016		188
157		132		34229		186
158		124		34441		184
159		134		34651		184
160		127		34860		183
161		126		35075		183
162		141		35286		187
163		141		35494		187
164		144		35703		186
165		129		35913		188
166		128		36108		188
167		126		36321		185
168		128		36532		186
169		130		36737		188
170		136		36946		184
171		131		37153		187
172		132		37363		186
173		118		37566		189
174		122		37768		187
175		120		37974		189
176		117		38179		188
177		115		38385		188
178		120		38602		187
179		130		38813		183
180		142		39023		187
181		142		39229		185
182		145		39434		188
183		147		39649		189
184		144		39867		184
185		145		40072		183
186		140		40288		185
187		147		40504		185
188		156		40724		185
189		145		40937		186
190		152		41134		188
191		141		41348		189
192		151		41559		190
193		148		41770		190
194		148		41968		186
195		153		42180		185
196		136		42383		187
197		146		42602		183
198		141		42813		190
199		142		43026		191
200		151		43228		193
201		154		43442		193
202		161		43658		190
203		163		43861		187
204		163		44075		184
205		166		44280		185
206		171		44489		186
207		141		44702		186
208		143		44921		190
209		149		45129		187
210		136		45347		186
211		135		45554		187
212		135		45756		186
213		137		45965		186
214		139		46178		186
215		138		46387		186
216		132		46597		185
217		128		46808		186
218		128		47027		187
219		135		47235		182
220		135		47445		183
221		131		47656		183
222		134		47859		181
223		140		48073		185
224		131		48280		185
225		117		48488		187
226		124		48700		185
227		111		48914		188
228		115		49125		185
229		122		49342		185
230		122		49552		185
231		107		49756		186
232		111		49976		186
233		115		50193		186
234		96		50401		185
235		96		50613		186
236		93		50816		185
237		87		51029		188
238		88		51232		187
239		90		51442		186
240		90		51654		186
241		90		51861		186
242		90		52073		186
243		94		52273		184
244		93		52473		185
245		93		52678		185
246		98		52886		184
247		99		53092		185
248		96		53300		187
249		96		53506		185
250		95		53711		186
251		98		53914		186
252		94		54123		185
253		98		54337		186
254		104		54559		185
255		106		54767		186
256		110		54982		187
257		105		55186		186
258		104		55398		185
259		105		55604		187
260		109		55804		186
261		107		56012		189
262		105		56221		190
263		97		56430		190
264		97		56647		191
265		96		56850		191
266		95		57052		190
267		93		57249		189
268		93		57453		189
269		93		57657		189
270		92		57849		188
271		87		58047		186
272		87		58252		187
273		88		58459		187
274		84		58662		188
275		84		58870		189
276		84		59060		189
277		84		59274		189
278		84		59476		189
279		84		59674		189
280		84		59886		189
281		84		60086		189
282		89		60299		189
283		89		60517		188
284		90		60730		189
285		89		60932		187
286		89		61144		187
287		89		61351		187
288		91		61553		189
289		91		61770		189
290		91		61970		189
291		91		62193		189
292		91		62402		189
293		91		62605		189
294		91		62812		189
295		88		63017		188
296		88		63223		189
297		88		63426		188
298		88		63628		188
299		88		63837		188
300		90		64047		188
301		90		64260		188
302		90		64470		188
303		90		64674		188
304		90		64880		188
305		88		65085		188
306		88		65297		188
307		88		65495		188
308		92		65713		188
309		88		65926		188
310		86		66133		189
311		86		66331		189
312		86		66543		189
313		86		66745		189
314		86		66942		189
315		86		67149		189
316		87		67150		190
317		87		67150		190
318		87		67150		190
319		85		67151		189
320		85		67151		189
321		84		67153		189
322		84		67153		189
323		84		67154		189
324		82		67155		188
325		82		67155		188
326		82		67155		188
327		82		67155		188
328		80		67156		189
329		78		67157		188
330		78		67157		188
331		78		67157		188
332		78		67157		188
333		78		67157		188
334		76		67158		188
335		76		67158		188
336		76		67158		188
337		76		67158		188
338		76		67158		188
339		77		67159		189
340		77		67159		189
341		77		67159		189
342		77		67159		189
343		74		67161		187
344		70		67162		187
345		70		67162		187
346		70		67162		187
347		70		67162		187
348		70		67162		187
349		70		67162		187
350		70		67162		187
351		71		67163		188
352		71		67163		188
353		70		67164		187
354		70		67164		187
355		70		67164		187
356		70		67164		187
357		70		67164		187
358		70		67164		187
359		70		67164		187
360		71		67165		188
361		66		67166		188
362		66		67166		188
363		66		67166		188
364		66		67166		188
365		66		67166		188
366		66		67166		188
367		66		67166		188
368		66		67166		188
369		66		67166		188
370		66		67166		188
371		66		67166		188
372		66		67166		188
373		66		67166		188
374		66		67166		188
375		66		67166		188
376		66		67166		188
377		66		67166		188
378		66		67166		188
379		66		67166		188
380		66		67166		188
381		66		67166		188
382		66		67166		188
383		66		67166		188
384		66		67166		188
385		66		67166		188
386		66		67166		188
387		66		67166		188
388		66		67166		188
389		66		67166		188
390		66		67166		188
391		66		67166		188
392		66		67166		188
393		66		67166		188
394		66		67166		188
395		66		67166		188
396		66		67166		188
397		66		67166		188
398		66		67166		188
399		66		67166		188
400		66		67166		188
401		66		67166		188
402		66		67166		188
403		66		67166		188
404		66		67166		188
405		66		67166		188
406		66		67166		188
407		66		67166		188
408		66		67166		188
409		66		67166		188
410		66		67166		188
411		66		67166		188
412		66		67166		188
413		66		67166		188
414		66		67166		188
415		66		67166		188
416		66		67166		188
417		66		67166		188
418		66		67166		188
419		66		67166		188
420		66		67166		188
421		66		67166		188
422		66		67166		188
423		66		67166		188
424		66		67166		188
425		66		67166		188
426		66		67166		188
427		66		67166		188
428		66		67166		188
429		66		67166		188
430		66		67166		188
431		66		67166		188
432		66		67166		188
433		66		67166		188
434		66		67166		188
435		66		67166		188
436		66		67166		188
437		66		67166		188
438		66		67166		188
439		66		67166		188
440		66		67166		188
441		66		67166		188
442		66		67166		188
443		66		67166		188
444		66		67166		188
445		66		67166		188
446		66		67166		188
447		66		67166		188
448		66		67166		188
449		66		67166		188
450		66		67166		188
451		66		67166		188
452		66		67166		188
453		66		67166		188
454		66		67166		188
455		66		67166		188
456		66		67166		188
457		66		67166		188
458		66		67166		188
459		66		67166		188
460		66		67166		188
461		66		67166		188
462		66		67166		188
463		66		67166		188
464		66		67166		188
465		66		67166		188
466		66		67166		188
467		66		67166		188
468		66		67166		188
469		66		67166		188
470		66		67166		188
471		66		67166		188
472		66		67166		188
473		66		67166		188
474		66		67166		188
475		66		67166		188
476		66		67166		188
477		66		67166		188
478		66		67166		188
479		66		67166		188
480		66		67166		188
481		66		67166		188
482		66		67166		188
483		66		67166		188
484		66		67166		188
485		66		67166		188
486		66		67166		188
487		66		67166		188
488		66		67166		188
489		66		67166		188
490		66		67166		188
491		66		67166		188
492		66		67166		188
493		66		67166		188
494		66		67166		188
495		66		67166		188
496		66		67166		188
497		66		67166		188
498		66		67166		188
499		66		67166		188
500		66		67166		188
501		66		67166		188
502		66		67166		188
503		66		67166		188
504		66		67166		188
505		66		67166		188
506		66		67166		188
507		66		67166		188
508		66		67166		188
509		66		67166		188
510		66		67166		188
511		66		67166		188
512		66		67166		188
513		66		67166		188
514		66		67166		188
515		66		67166		188
516		66		67166		188
517		66		67166		188
518		66		67166		188
519		66		67166		188
520		66		67166		188
521		66		67166		188
522		66		67166		188
523		66		67166		188
524		66		67166		188
525		66		67166		188
526		66		67166		188
527		66		67166		188
528		66		67166		188
529		66		67166		188
530		66		67166		188
531		66		67166		188
532		66		67166		188
533		66		67166		188
534		66		67166		188
535		66		67166		188
536		66		67166		188
537		66		67166		188
538		66		67166		188
539		66		67166		188
540		66		67166		188
541		66		67166		188
542		66		67166		188
543		66		67166		188
544		66		67166		188
545		66		67166		188
546		66		67166		188
547		66		67166		188
548		66		67166		188
549		66		67166		188
550		66		67166		188
551		66		67166		188
552		66		67166		188
553		66		67166		188
554		66		67166		188
555		66		67166		188
556		66		67166		188
557		66		67166		188
558		66		67166		188
559		66		67166		188
560		66		67166		188
561		66		67166		188
562		66		67166		188
563		66		67166		188
564		66		67166		188
565		66		67166		188
566		66		67166		188
567		66		67166		188
568		66		67166		188
569		66		67166		188
570		66		67166		188
571		66		67166		188
572		66		67166		188
573		66		67166		188
574		66		67166		188
575		66		67166		188
576		66		67166		188
577		66		67166		188
578		66		67166		188
579		66		67166		188
580		66		67166		188
581		66		67166		188
582		66		67166		188
583		66		67166		188
584		66		67166		188
585		66		67166		188
586		66		67166		188
587		66		67166		188
588		66		67166		188
589		66		67166		188
590		66		67166		188
591		66		67166		188
592		66		67166		188
593		66		67166		188
594		66		67166		188
595		66		67166		188
596		66		67166		188
597		66		67166		188
598		66		67166		188
599		66		67166		188
600		66		67166		188
601		66		67166		188
602		66		67166		188
603		66		67166		188
604		66		67166		188
605		66		67166		188
606		66		67166		188
607		66		67166		188
608		66		67166		188
609		66		67166		188
610		66		67166		188
611		66		67166		188
612		66		67166		188
613		66		67166		188
614		66		67166		188
615		66		67166		188
616		66		67166		188
617		66		67166		188
618		66		67166		188
619		66		67166		188
620		66		67166		188
621		66		67166		188
622		66		67166		188
623		66		67166		188
624		66		67166		188
625		66		67166		188
626		66		67166		188
627		66		67166		188
628		66		67166		188
629		66		67166		188
630		66		67166		188
631		66		67166		188
632		66		67166		188
633		66		67166		188
634		66		67166		188
635		66		67166		188
636		66		67166		188
637		66		67166		188
638		66		67166		188
639		66		67166		188
640		66		67166		188
641		66		67166		188
642		66		67166		188
643		66		67166		188
644		66		67166		188
645		66		67166		188
646		66		67166		188
647		66		67166		188
648		66		67166		188
649		66		67166		188
650		66		67166		188
651		66		67166		188
652		66		67166		188
653		66		67166		188
654		66		67166		188
655		66		67166		188
656		66		67166		188
657		66		67166		188
658		66		67166		188
659		66		67166		188
660		66		67166		188
661		66		67166		188
662		66		67166		188
663		66		67166		188
664		66		67166		188
665		66		67166		188
666		66		67166		188
667		66		67166		188
668		66		67166		188
669		66		67166		188
670		66		67166		188
671		66		67166		188
672		66		67166		188
673		66		67166		188
674		66		67166		188
675		66		67166		188
676		66		67166		188
677		66		67166		188
678		66		67166		188
679		66		67166		188
680		66		67166		188
681		66		67166		188
682		66		67166		188
683		66		67166		188
684		66		67166		188
685		66		67166		188
686		66		67166		188
687		66		67166		188
688		66		67166		188
689		66		67166		188
690		66		67166		188
691		66		67166		188
692		66		67166		188
693		66		67166		188
694		66		67166		188
695		66		67166		188
696		66		67166		188
697		66		67166		188
698		66		67166		188
699		66		67166		188
700		66		67166		188
701		66		67166		188
702		66		67166		188
703		66		67166		188
704		66		67166		188
705		66		67166		188
706		66		67166		188
707		66		67166		188
708		66		67166		188
709		66		67166		188
710		66		67166		188
711		66		67166		188
712		66		67166		188
713		66		67166		188
714		66		67166		188
715		66		67166		188
716		66		67166		188
717		66		67166		188
718		66		67166		188
719		66		67166		188
720		66		67166		188
721		66		67166		188
722		66		67166		188
723		66		67166		188
724		66		67166		188
725		66		67166		188
726		66		67166		188
727		66		67166		188
728		66		67166		188
729		66		67166		188
730		66		67166		188
731		66		67166		188
732		66		67166		188
733		66		67166		188
734		66		67166		188
735		66		67166		188
736		66		67166		188
737		66		67166		188
738		66		67166		188
739		66		67166		188
740		66		67166		188
741		66		67166		188
742		66		67166		188
743		66		67166		188
744		66		67166		188
745		66		67166		188
746		66		67166		188
747		66		67166		188
748		66		67166		188
749		66		67166		188
750		66		67166		188
751		66		67166		188
752		66		67166		188
753		66		67166		188
754		66		67166		188
755		66		67166		188
756		66		67166		188
757		66		67166		188
758		66		67166		188
759		66		67166		188
760		66		67166		188
761		66		67166		188
762		66		67166		188
763		66		67166		188
764		66		67166		188
765		66		67166		188
766		66		67166		188
767		66		67166		188
768		66		67166		188
769		66		67166		188
770		66		67166		188
771		66		67166		188
772		66		67166		188
773		66		67166		188
774		66		67166		188
775		66		67166		188
776		66		67166		188
777		66		67166		188
778		66		67166		188
779		66		67166		188
780		66		67166		188
781		66		67166		188
782		66		67166		188
783		66		67166		188
784		66		67166		188
785		66		67166		188
786		66		67166		188
787		66		67166		188
788		66		67166		188
789		66		67166		188
790		66		67166		188
791		66		67166		188
792		66		67166		188
793		66		67166		188
794		66		67166		188
795		66		67166		188
796		66		67166		188
797		66		67166		188
798		66		67166		188
799		66		67166		188
800		66		67166		188
801		66		67166		188
802		66		67166		188
803		66		67166		188
804		66		67166		188
805		66		67166		188
806		66		67166		188
807		66		67166		188
808		66		67166		188
809		66		67166		188
810		66		67166		188
811		66		67166		188
812		66		67166		188
813		66		67166		188
814		66		67166		188
815		66		67166		188
816		66		67166		188
817		66		67166		188
818		66		67166		188
819		66		67166		188
820		66		67166		188
821		66		67166		188
822		66		67166		188
823		66		67166		188
824		66		67166		188
825		66		67166		188
826		66		67166		188
827		66		67166		188
828		66		67166		188
829		66		67166		188
830		66		67166		188
831		66		67166		188
832		66		67166		188
833		66		67166		188
834		66		67166		188
835		66		67166		188
836		66		67166		188
837		66		67166		188
838		66		67166		188
839		66		67166		188
840		66		67166		188
841		66		67166		188
842		66		67166		188
843		66		67166		188
844		66		67166		188
845		66		67166		188
846		66		67166		188
847		66		67166		188
848		66		67166		188
849		66		67166		188
850		66		67166		188
851		66		67166		188
852		66		67166		188
853		66		67166		188
854		66		67166		188
855		66		67166		188
856		66		67166		188
857		66		67166		188
858		66		67166		188
859		66		67166		188
860		66		67166		188
861		66		67166		188
862		66		67166		188
863		66		67166		188
864		66		67166		188
865		66		67166		188
866		66		67166		188
867		66		67166		188
868		66		67166		188
869		66		67166		188
870		66		67166		188
871		66		67166		188
872		66		67166		188
873		66		67166		188
874		66		67166		188
875		66		67166		188
876		66		67166		188
877		66		67166		188
878		66		67166		188
879		66		67166		188
880		66		67166		188
881		66		67166		188
882		66		67166		188
883		66		67166		188
884		66		67166		188
885		66		67166		188
886		66		67166		188
887		66		67166		188
888		66		67166		188
889		66		67166		188
890		66		67166		188
891		66		67166		188
892		66		67166		188
893		66		67166		188
894		66		67166		188
895		66		67166		188
896		66		67166		188
897		66		67166		188
898		66		67166		188
899		66		67166		188
900		66		67166		188
901		66		67166		188
902		66		67166		188
903		66		67166		188
904		66		67166		188
905		66		67166		188
906		66		67166		188
907		66		67166		188
908		66		67166		188
909		66		67166		188
910		66		67166		188
911		66		67166		188
912		66		67166		188
913		66		67166		188
914		66		67166		188
915		66		67166		188
916		66		67166		188
917		66		67166		188
918		66		67166		188
919		66		67166		188
920		66		67166		188
921		66		67166		188
922		66		67166		188
923		66		67166		188
924		66		67166		188
925		66		67166		188
926		66		67166		188
927		66		67166		188
928		66		67166		188
929		66		67166		188
930		66		67166		188
931		66		67166		188
932		66		67166		188
933		66		67166		188
934		66		67166		188
935		66		67166		188
936		66		67166		188
937		66		67166		188
938		66		67166		188
939		66		67166		188
940		66		67166		188
941		66		67166		188
942		66		67166		188
943		66		67166		188
944		66		67166		188
945		66		67166		188
946		66		67166		188
947		66		67166		188
948		66		67166		188
949		66		67166		188
950		66		67166		188
951		66		67166		188
952		66		67166		188
953		66		67166		188
954		66		67166		188
955		66		67166		188
956		66		67166		188
957		66		67166		188
958		66		67166		188
959		66		67166		188
960		66		67166		188
961		66		67166		188
962		66		67166		188
963		66		67166		188
964		66		67166		188
965		66		67166		188
966		66		67166		188
967		66		67166		188
968		66		67166		188
969		66		67166		188
970		66		67166		188
971		66		67166		188
972		66		67166		188
973		66		67166		188
974		66		67166		188
975		66		67166		188
976		66		67166		188
977		66		67166		188
978		66		67166		188
979		66		67166		188
980		66		67166		188
981		66		67166		188
982		66		67166		188
983		66		67166		188
984		66		67166		188
985		66		67166		188
986		66		67166		188
987		66		67166		188
988		66		67166		188
989		66		67166		188
990		66		67166		188
991		66		67166		188
992		66		67166		188
993		66		67166		188
994		66		67166		188
995		66		67166		188
996		66		67166		188
997		66		67166		188
998		66		67166		188
999		66		67166		188
