# Migration is number of nodes that have changed color.

Round		Edge-Cut		Swaps		Migrations		Skipped
0		504		248		164
1		440		489		169
2		397		724		180
3		341		961		185
4		339		1186		185
5		306		1409		189
6		293		1627		182
7		281		1858		188
8		308		2083		184
9		264		2312		182
10		268		2542		186
11		252		2763		179
12		232		2986		186
13		250		3210		185
14		200		3426		188
15		193		3645		183
16		203		3860		185
17		237		4086		185
18		195		4301		183
19		215		4519		185
20		198		4735		187
21		209		4966		187
22		217		5186		189
23		240		5409		188
24		267		5626		185
25		253		5851		183
26		257		6077		191
27		221		6296		187
28		245		6511		191
29		233		6732		188
30		257		6948		187
31		272		7180		179
32		246		7399		185
33		283		7617		188
34		275		7842		185
35		246		8067		185
36		275		8289		188
37		242		8511		189
38		240		8730		189
39		227		8953		191
40		218		9177		188
41		240		9404		182
42		210		9625		186
43		227		9844		192
44		197		10058		188
45		192		10271		186
46		211		10491		188
47		201		10714		189
48		191		10915		190
49		217		11132		188
50		220		11343		186
51		208		11570		187
52		221		11786		191
53		244		12002		189
54		220		12218		183
55		232		12438		188
56		236		12659		188
57		206		12879		190
58		227		13101		192
59		230		13326		195
60		194		13543		188
61		176		13753		191
62		163		13966		189
63		169		14182		189
64		178		14398		188
65		184		14622		190
66		191		14840		187
67		177		15056		188
68		169		15269		187
69		184		15489		186
70		181		15697		191
71		164		15915		189
72		183		16137		188
73		190		16352		184
74		200		16557		184
75		194		16771		187
76		208		16991		180
77		204		17217		185
78		193		17430		186
79		168		17642		187
80		163		17851		192
81		167		18073		186
82		177		18289		190
83		185		18508		187
84		199		18727		184
85		176		18947		188
86		177		19168		187
87		182		19382		187
88		181		19595		186
89		183		19816		190
90		209		20031		187
91		209		20239		185
92		191		20452		186
93		166		20656		190
94		172		20871		187
95		198		21071		190
96		200		21284		189
97		167		21497		193
98		169		21717		188
99		188		21934		187
100		201		22157		187
101		202		22367		187
102		172		22584		184
103		172		22795		184
104		164		23009		182
105		161		23223		187
106		166		23433		187
107		163		23645		188
108		155		23860		189
109		149		24067		189
110		148		24279		189
111		143		24490		189
112		145		24697		187
113		145		24914		184
114		163		25128		189
115		171		25344		192
116		165		25551		189
117		155		25767		186
118		177		25987		184
119		183		26202		181
120		176		26417		184
121		160		26624		186
122		168		26837		187
123		178		27047		188
124		164		27261		194
125		173		27472		189
126		190		27691		185
127		198		27909		195
128		179		28117		188
129		179		28334		186
130		188		28541		189
131		190		28755		186
132		186		28978		185
133		203		29196		184
134		183		29409		188
135		182		29624		182
136		175		29835		182
137		164		30043		186
138		169		30252		185
139		164		30458		187
140		172		30668		187
141		153		30878		188
142		179		31103		191
143		198		31316		190
144		200		31529		189
145		184		31740		189
146		156		31952		186
147		160		32167		184
148		157		32383		185
149		165		32599		192
150		161		32815		192
151		157		33033		190
152		152		33240		188
153		159		33450		190
154		143		33660		189
155		140		33867		188
156		149		34086		185
157		143		34302		187
158		144		34514		186
159		151		34731		189
160		145		34945		191
161		137		35163		187
162		142		35376		185
163		132		35584		187
164		126		35793		187
165		128		36010		186
166		119		36214		188
167		129		36435		187
168		129		36647		186
169		136		36852		184
170		143		37057		188
171		143		37269		188
172		134		37475		186
173		134		37680		187
174		133		37886		189
175		136		38107		191
176		136		38316		187
177		143		38526		187
178		137		38740		189
179		130		38955		186
180		131		39164		186
181		114		39367		187
182		108		39570		188
183		120		39791		190
184		127		40007		185
185		135		40217		186
186		122		40425		185
187		114		40645		186
188		121		40858		184
189		111		41073		186
190		115		41275		187
191		117		41482		189
192		107		41688		185
193		106		41900		187
194		108		42107		186
195		113		42319		187
196		113		42524		186
197		112		42737		188
198		114		42949		184
199		128		43166		187
200		121		43373		184
201		107		43582		184
202		103		43794		183
203		96		44000		186
204		96		44220		184
205		96		44424		186
206		96		44637		187
207		97		44850		184
208		91		45064		184
209		98		45273		182
210		101		45484		183
211		92		45694		184
212		101		45897		185
213		105		46110		184
214		108		46323		183
215		103		46536		185
216		107		46743		187
217		114		46959		184
218		112		47174		184
219		114		47381		187
220		106		47590		186
221		97		47795		185
222		110		47993		186
223		116		48202		186
224		111		48406		187
225		114		48610		186
226		111		48823		187
227		119		49032		189
228		115		49237		188
229		120		49443		187
230		114		49655		183
231		116		49861		184
232		114		50076		185
233		112		50284		186
234		115		50493		185
235		109		50698		187
236		115		50899		187
237		103		51095		187
238		103		51301		187
239		103		51509		189
240		109		51715		188
241		107		51925		186
242		107		52125		189
243		108		52312		189
244		99		52517		187
245		101		52724		186
246		104		52935		186
247		103		53161		186
248		105		53370		185
249		108		53575		186
250		104		53782		188
251		103		53990		187
252		100		54202		189
253		99		54406		191
254		102		54622		190
255		106		54830		188
256		117		55047		187
257		135		55259		186
258		139		55477		190
259		132		55695		187
260		134		55907		187
261		140		56111		185
262		136		56325		183
263		138		56537		183
264		127		56746		187
265		124		56955		187
266		115		57154		189
267		113		57359		189
268		120		57568		186
269		119		57778		191
270		121		57970		189
271		120		58167		190
272		113		58377		190
273		105		58585		188
274		108		58789		187
275		111		59001		186
276		108		59190		188
277		108		59398		187
278		100		59607		186
279		103		59813		186
280		104		60022		187
281		102		60227		187
282		101		60438		187
283		101		60645		185
284		95		60856		185
285		95		61060		185
286		99		61269		187
287		102		61475		187
288		91		61674		186
289		91		61885		186
290		88		62097		184
291		94		62313		188
292		94		62518		188
293		98		62725		185
294		96		62926		186
295		95		63137		186
296		91		63342		185
297		93		63551		184
298		86		63754		185
299		86		63969		185
300		86		64183		185
301		87		64393		187
302		87		64598		187
303		87		64812		187
304		87		65016		187
305		87		65222		187
306		87		65429		187
307		87		65628		187
308		87		65841		188
309		88		66050		189
310		87		66264		189
311		87		66461		189
312		87		66666		189
313		87		66870		189
314		88		67083		188
315		88		67288		188
316		88		67502		188
317		88		67707		188
318		89		67916		190
319		89		68127		190
320		89		68330		190
321		89		68543		190
322		89		68754		190
323		89		68955		190
324		91		69168		190
325		91		69371		190
326		91		69577		190
327		91		69780		190
328		91		69993		190
329		91		70195		190
330		91		70387		190
331		91		70594		189
332		82		70798		189
333		82		71011		189
334		82		71215		189
335		82		71424		189
336		82		71626		189
337		82		71827		189
338		79		71828		189
339		79		71828		189
340		79		71828		189
341		79		71828		189
342		79		71828		189
343		79		71828		189
344		77		71829		187
345		77		71829		187
346		77		71829		187
347		77		71829		187
348		77		71829		187
349		77		71829		187
350		77		71829		187
351		77		71829		187
352		77		71829		187
353		77		71829		187
354		73		71831		186
355		73		71831		186
356		73		71831		186
357		73		71831		186
358		73		71831		186
359		73		71831		186
360		73		71831		186
361		73		71831		186
362		73		71831		186
363		73		71831		186
364		73		71831		186
365		73		71831		186
366		73		71831		186
367		73		71831		186
368		73		71831		186
369		73		71831		186
370		73		71831		186
371		73		71831		186
372		73		71831		186
373		73		71831		186
374		73		71831		186
375		73		71831		186
376		73		71831		186
377		73		71831		186
378		73		71831		186
379		73		71831		186
380		73		71831		186
381		73		71831		186
382		73		71831		186
383		73		71831		186
384		73		71831		186
385		73		71831		186
386		73		71831		186
387		73		71831		186
388		73		71831		186
389		73		71831		186
390		73		71831		186
391		73		71831		186
392		73		71831		186
393		73		71831		186
394		73		71831		186
395		73		71831		186
396		73		71831		186
397		73		71831		186
398		73		71831		186
399		73		71831		186
400		73		71831		186
401		73		71831		186
402		73		71831		186
403		73		71831		186
404		73		71831		186
405		73		71831		186
406		73		71831		186
407		73		71831		186
408		73		71831		186
409		73		71831		186
410		73		71831		186
411		73		71831		186
412		73		71831		186
413		73		71831		186
414		73		71831		186
415		73		71831		186
416		73		71831		186
417		73		71831		186
418		73		71831		186
419		73		71831		186
420		73		71831		186
421		73		71831		186
422		73		71831		186
423		73		71831		186
424		73		71831		186
425		73		71831		186
426		73		71831		186
427		73		71831		186
428		73		71831		186
429		73		71831		186
430		73		71831		186
431		73		71831		186
432		73		71831		186
433		73		71831		186
434		73		71831		186
435		73		71831		186
436		73		71831		186
437		73		71831		186
438		73		71831		186
439		73		71831		186
440		73		71831		186
441		73		71831		186
442		73		71831		186
443		73		71831		186
444		73		71831		186
445		73		71831		186
446		73		71831		186
447		73		71831		186
448		73		71831		186
449		73		71831		186
450		73		71831		186
451		73		71831		186
452		73		71831		186
453		73		71831		186
454		73		71831		186
455		73		71831		186
456		73		71831		186
457		73		71831		186
458		73		71831		186
459		73		71831		186
460		73		71831		186
461		73		71831		186
462		73		71831		186
463		73		71831		186
464		73		71831		186
465		73		71831		186
466		73		71831		186
467		73		71831		186
468		73		71831		186
469		73		71831		186
470		73		71831		186
471		73		71831		186
472		73		71831		186
473		73		71831		186
474		73		71831		186
475		73		71831		186
476		73		71831		186
477		73		71831		186
478		73		71831		186
479		73		71831		186
480		73		71831		186
481		73		71831		186
482		73		71831		186
483		73		71831		186
484		73		71831		186
485		73		71831		186
486		73		71831		186
487		73		71831		186
488		73		71831		186
489		73		71831		186
490		73		71831		186
491		73		71831		186
492		73		71831		186
493		73		71831		186
494		73		71831		186
495		73		71831		186
496		73		71831		186
497		73		71831		186
498		73		71831		186
499		73		71831		186
500		73		71831		186
501		73		71831		186
502		73		71831		186
503		73		71831		186
504		73		71831		186
505		73		71831		186
506		73		71831		186
507		73		71831		186
508		73		71831		186
509		73		71831		186
510		73		71831		186
511		73		71831		186
512		73		71831		186
513		73		71831		186
514		73		71831		186
515		73		71831		186
516		73		71831		186
517		73		71831		186
518		73		71831		186
519		73		71831		186
520		73		71831		186
521		73		71831		186
522		73		71831		186
523		73		71831		186
524		73		71831		186
525		73		71831		186
526		73		71831		186
527		73		71831		186
528		73		71831		186
529		73		71831		186
530		73		71831		186
531		73		71831		186
532		73		71831		186
533		73		71831		186
534		73		71831		186
535		73		71831		186
536		73		71831		186
537		73		71831		186
538		73		71831		186
539		73		71831		186
540		73		71831		186
541		73		71831		186
542		73		71831		186
543		73		71831		186
544		73		71831		186
545		73		71831		186
546		73		71831		186
547		73		71831		186
548		73		71831		186
549		73		71831		186
550		73		71831		186
551		73		71831		186
552		73		71831		186
553		73		71831		186
554		73		71831		186
555		73		71831		186
556		73		71831		186
557		73		71831		186
558		73		71831		186
559		73		71831		186
560		73		71831		186
561		73		71831		186
562		73		71831		186
563		73		71831		186
564		73		71831		186
565		73		71831		186
566		73		71831		186
567		73		71831		186
568		73		71831		186
569		73		71831		186
570		73		71831		186
571		73		71831		186
572		73		71831		186
573		73		71831		186
574		73		71831		186
575		73		71831		186
576		73		71831		186
577		73		71831		186
578		73		71831		186
579		73		71831		186
580		73		71831		186
581		73		71831		186
582		73		71831		186
583		73		71831		186
584		73		71831		186
585		73		71831		186
586		73		71831		186
587		73		71831		186
588		73		71831		186
589		73		71831		186
590		73		71831		186
591		73		71831		186
592		73		71831		186
593		73		71831		186
594		73		71831		186
595		73		71831		186
596		73		71831		186
597		73		71831		186
598		73		71831		186
599		73		71831		186
600		73		71831		186
601		73		71831		186
602		73		71831		186
603		73		71831		186
604		73		71831		186
605		73		71831		186
606		73		71831		186
607		73		71831		186
608		73		71831		186
609		73		71831		186
610		73		71831		186
611		73		71831		186
612		73		71831		186
613		73		71831		186
614		73		71831		186
615		73		71831		186
616		73		71831		186
617		73		71831		186
618		73		71831		186
619		73		71831		186
620		73		71831		186
621		73		71831		186
622		73		71831		186
623		73		71831		186
624		73		71831		186
625		73		71831		186
626		73		71831		186
627		73		71831		186
628		73		71831		186
629		73		71831		186
630		73		71831		186
631		73		71831		186
632		73		71831		186
633		73		71831		186
634		73		71831		186
635		73		71831		186
636		73		71831		186
637		73		71831		186
638		73		71831		186
639		73		71831		186
640		73		71831		186
641		73		71831		186
642		73		71831		186
643		73		71831		186
644		73		71831		186
645		73		71831		186
646		73		71831		186
647		73		71831		186
648		73		71831		186
649		73		71831		186
650		73		71831		186
651		73		71831		186
652		73		71831		186
653		73		71831		186
654		73		71831		186
655		73		71831		186
656		73		71831		186
657		73		71831		186
658		73		71831		186
659		73		71831		186
660		73		71831		186
661		73		71831		186
662		73		71831		186
663		73		71831		186
664		73		71831		186
665		73		71831		186
666		73		71831		186
667		73		71831		186
668		73		71831		186
669		73		71831		186
670		73		71831		186
671		73		71831		186
672		73		71831		186
673		73		71831		186
674		73		71831		186
675		73		71831		186
676		73		71831		186
677		73		71831		186
678		73		71831		186
679		73		71831		186
680		73		71831		186
681		73		71831		186
682		73		71831		186
683		73		71831		186
684		73		71831		186
685		73		71831		186
686		73		71831		186
687		73		71831		186
688		73		71831		186
689		73		71831		186
690		73		71831		186
691		73		71831		186
692		73		71831		186
693		73		71831		186
694		73		71831		186
695		73		71831		186
696		73		71831		186
697		73		71831		186
698		73		71831		186
699		73		71831		186
700		73		71831		186
701		73		71831		186
702		73		71831		186
703		73		71831		186
704		73		71831		186
705		73		71831		186
706		73		71831		186
707		73		71831		186
708		73		71831		186
709		73		71831		186
710		73		71831		186
711		73		71831		186
712		73		71831		186
713		73		71831		186
714		73		71831		186
715		73		71831		186
716		73		71831		186
717		73		71831		186
718		73		71831		186
719		73		71831		186
720		73		71831		186
721		73		71831		186
722		73		71831		186
723		73		71831		186
724		73		71831		186
725		73		71831		186
726		73		71831		186
727		73		71831		186
728		73		71831		186
729		73		71831		186
730		73		71831		186
731		73		71831		186
732		73		71831		186
733		73		71831		186
734		73		71831		186
735		73		71831		186
736		73		71831		186
737		73		71831		186
738		73		71831		186
739		73		71831		186
740		73		71831		186
741		73		71831		186
742		73		71831		186
743		73		71831		186
744		73		71831		186
745		73		71831		186
746		73		71831		186
747		73		71831		186
748		73		71831		186
749		73		71831		186
750		73		71831		186
751		73		71831		186
752		73		71831		186
753		73		71831		186
754		73		71831		186
755		73		71831		186
756		73		71831		186
757		73		71831		186
758		73		71831		186
759		73		71831		186
760		73		71831		186
761		73		71831		186
762		73		71831		186
763		73		71831		186
764		73		71831		186
765		73		71831		186
766		73		71831		186
767		73		71831		186
768		73		71831		186
769		73		71831		186
770		73		71831		186
771		73		71831		186
772		73		71831		186
773		73		71831		186
774		73		71831		186
775		73		71831		186
776		73		71831		186
777		73		71831		186
778		73		71831		186
779		73		71831		186
780		73		71831		186
781		73		71831		186
782		73		71831		186
783		73		71831		186
784		73		71831		186
785		73		71831		186
786		73		71831		186
787		73		71831		186
788		73		71831		186
789		73		71831		186
790		73		71831		186
791		73		71831		186
792		73		71831		186
793		73		71831		186
794		73		71831		186
795		73		71831		186
796		73		71831		186
797		73		71831		186
798		73		71831		186
799		73		71831		186
800		73		71831		186
801		73		71831		186
802		73		71831		186
803		73		71831		186
804		73		71831		186
805		73		71831		186
806		73		71831		186
807		73		71831		186
808		73		71831		186
809		73		71831		186
810		73		71831		186
811		73		71831		186
812		73		71831		186
813		73		71831		186
814		73		71831		186
815		73		71831		186
816		73		71831		186
817		73		71831		186
818		73		71831		186
819		73		71831		186
820		73		71831		186
821		73		71831		186
822		73		71831		186
823		73		71831		186
824		73		71831		186
825		73		71831		186
826		73		71831		186
827		73		71831		186
828		73		71831		186
829		73		71831		186
830		73		71831		186
831		73		71831		186
832		73		71831		186
833		73		71831		186
834		73		71831		186
835		73		71831		186
836		73		71831		186
837		73		71831		186
838		73		71831		186
839		73		71831		186
840		73		71831		186
841		73		71831		186
842		73		71831		186
843		73		71831		186
844		73		71831		186
845		73		71831		186
846		73		71831		186
847		73		71831		186
848		73		71831		186
849		73		71831		186
850		73		71831		186
851		73		71831		186
852		73		71831		186
853		73		71831		186
854		73		71831		186
855		73		71831		186
856		73		71831		186
857		73		71831		186
858		73		71831		186
859		73		71831		186
860		73		71831		186
861		73		71831		186
862		73		71831		186
863		73		71831		186
864		73		71831		186
865		73		71831		186
866		73		71831		186
867		73		71831		186
868		73		71831		186
869		73		71831		186
870		73		71831		186
871		73		71831		186
872		73		71831		186
873		73		71831		186
874		73		71831		186
875		73		71831		186
876		73		71831		186
877		73		71831		186
878		73		71831		186
879		73		71831		186
880		73		71831		186
881		73		71831		186
882		73		71831		186
883		73		71831		186
884		73		71831		186
885		73		71831		186
886		73		71831		186
887		73		71831		186
888		73		71831		186
889		73		71831		186
890		73		71831		186
891		73		71831		186
892		73		71831		186
893		73		71831		186
894		73		71831		186
895		73		71831		186
896		73		71831		186
897		73		71831		186
898		73		71831		186
899		73		71831		186
900		73		71831		186
901		73		71831		186
902		73		71831		186
903		73		71831		186
904		73		71831		186
905		73		71831		186
906		73		71831		186
907		73		71831		186
908		73		71831		186
909		73		71831		186
910		73		71831		186
911		73		71831		186
912		73		71831		186
913		73		71831		186
914		73		71831		186
915		73		71831		186
916		73		71831		186
917		73		71831		186
918		73		71831		186
919		73		71831		186
920		73		71831		186
921		73		71831		186
922		73		71831		186
923		73		71831		186
924		73		71831		186
925		73		71831		186
926		73		71831		186
927		73		71831		186
928		73		71831		186
929		73		71831		186
930		73		71831		186
931		73		71831		186
932		73		71831		186
933		73		71831		186
934		73		71831		186
935		73		71831		186
936		73		71831		186
937		73		71831		186
938		73		71831		186
939		73		71831		186
940		73		71831		186
941		73		71831		186
942		73		71831		186
943		73		71831		186
944		73		71831		186
945		73		71831		186
946		73		71831		186
947		73		71831		186
948		73		71831		186
949		73		71831		186
950		73		71831		186
951		73		71831		186
952		73		71831		186
953		73		71831		186
954		73		71831		186
955		73		71831		186
956		73		71831		186
957		73		71831		186
958		73		71831		186
959		73		71831		186
960		73		71831		186
961		73		71831		186
962		73		71831		186
963		73		71831		186
964		73		71831		186
965		73		71831		186
966		73		71831		186
967		73		71831		186
968		73		71831		186
969		73		71831		186
970		73		71831		186
971		73		71831		186
972		73		71831		186
973		73		71831		186
974		73		71831		186
975		73		71831		186
976		73		71831		186
977		73		71831		186
978		73		71831		186
979		73		71831		186
980		73		71831		186
981		73		71831		186
982		73		71831		186
983		73		71831		186
984		73		71831		186
985		73		71831		186
986		73		71831		186
987		73		71831		186
988		73		71831		186
989		73		71831		186
990		73		71831		186
991		73		71831		186
992		73		71831		186
993		73		71831		186
994		73		71831		186
995		73		71831		186
996		73		71831		186
997		73		71831		186
998		73		71831		186
999		73		71831		186
