# Migration is number of nodes that have changed color.

Round		Edge-Cut		Swaps		Migrations		Skipped
0		489		248		172
1		478		494		192
2		461		736		190
3		474		981		194
4		406		1227		196
5		383		1466		195
6		412		1704		196
7		383		1946		183
8		440		2188		179
9		463		2432		182
10		435		2674		191
11		450		2916		182
12		439		3161		176
13		433		3405		186
14		407		3644		191
15		475		3883		189
16		446		4130		184
17		440		4372		189
18		427		4607		187
19		415		4852		185
20		365		5091		188
21		406		5329		189
22		430		5572		184
23		422		5810		184
24		405		6054		184
25		364		6295		195
26		366		6530		188
27		370		6762		191
28		389		6992		192
29		424		7232		184
30		430		7471		191
31		468		7717		197
32		436		7958		180
33		383		8194		183
34		387		8427		188
35		418		8667		183
36		432		8908		169
37		473		9151		186
38		468		9394		188
39		467		9637		186
40		438		9882		182
41		421		10125		185
42		418		10370		185
43		491		10612		179
44		509		10854		181
45		450		11098		193
46		407		11340		193
47		437		11582		188
48		440		11819		185
49		421		12060		185
50		438		12302		182
51		427		12543		183
52		372		12783		179
53		394		13023		181
54		370		13260		189
55		338		13494		189
56		403		13734		198
57		392		13977		190
58		437		14216		188
59		389		14457		182
60		409		14697		193
61		404		14939		188
62		404		15176		187
63		399		15411		187
64		383		15648		188
65		413		15886		182
66		396		16127		181
67		433		16366		191
68		379		16599		188
69		333		16835		182
70		331		17063		186
71		374		17299		192
72		354		17540		190
73		407		17777		193
74		429		18013		188
75		419		18252		188
76		461		18494		187
77		416		18738		187
78		432		18980		183
79		412		19219		183
80		360		19457		191
81		413		19698		191
82		362		19931		190
83		315		20167		187
84		366		20408		191
85		370		20640		191
86		410		20880		195
87		417		21120		189
88		395		21363		198
89		363		21599		185
90		410		21839		193
91		415		22078		185
92		416		22321		186
93		409		22564		195
94		344		22797		186
95		343		23026		191
96		387		23263		191
97		346		23499		187
98		406		23738		189
99		413		23979		189
100		368		24218		186
101		379		24458		185
102		397		24695		184
103		464		24929		181
104		403		25171		185
105		458		25412		193
106		454		25658		187
107		460		25899		185
108		447		26146		184
109		429		26388		193
110		402		26628		185
111		415		26866		174
112		437		27108		187
113		437		27349		187
114		420		27593		186
115		430		27831		190
116		395		28071		180
117		402		28308		185
118		397		28550		193
119		396		28789		183
120		399		29024		189
121		441		29267		188
122		380		29508		189
123		387		29745		193
124		364		29982		193
125		354		30214		186
126		357		30449		189
127		344		30681		195
128		337		30917		192
129		380		31147		191
130		349		31389		196
131		375		31626		187
132		347		31864		200
133		352		32100		197
134		426		32348		187
135		455		32589		187
136		424		32825		182
137		435		33068		183
138		407		33310		185
139		430		33555		180
140		412		33797		183
141		444		34042		190
142		385		34286		192
143		380		34521		187
144		408		34759		187
145		415		34999		182
146		433		35240		195
147		433		35477		184
148		451		35721		178
149		451		35958		187
150		388		36198		184
151		402		36435		189
152		399		36669		185
153		423		36910		180
154		365		37148		183
155		409		37391		182
156		438		37629		186
157		423		37869		187
158		435		38109		186
159		439		38344		189
160		415		38585		198
161		366		38816		183
162		372		39048		177
163		373		39288		184
164		366		39527		177
165		369		39767		182
166		375		40005		182
167		366		40247		184
168		384		40489		184
169		387		40730		191
170		423		40975		194
171		401		41212		186
172		411		41447		182
173		415		41681		190
174		414		41913		186
175		388		42151		186
176		388		42393		187
177		396		42635		189
178		402		42877		191
179		426		43120		182
180		402		43357		187
181		428		43599		181
182		383		43839		181
183		398		44079		185
184		396		44317		186
185		464		44561		187
186		431		44801		188
187		449		45040		187
188		387		45281		190
189		390		45523		185
190		405		45766		186
191		386		46002		185
192		417		46239		197
193		390		46482		188
194		362		46718		189
195		372		46953		188
196		380		47183		192
197		396		47425		185
198		423		47664		189
199		413		47898		185
200		383		48139		195
201		395		48374		195
202		378		48614		182
203		311		48846		185
204		273		49077		187
205		356		49302		190
206		371		49532		190
207		326		49768		193
208		328		49999		179
209		352		50226		187
210		334		50461		184
211		364		50691		184
212		368		50922		187
213		423		51155		188
214		417		51398		184
215		364		51634		190
216		349		51873		181
217		369		52110		177
218		383		52346		178
219		387		52580		193
220		382		52818		187
221		373		53056		186
222		338		53294		196
223		393		53532		185
224		378		53771		191
225		393		54002		186
226		416		54245		186
227		428		54484		187
228		418		54725		185
229		420		54967		181
230		410		55202		187
231		372		55436		185
232		365		55672		189
233		377		55911		181
234		354		56145		189
235		374		56373		185
236		393		56610		195
237		414		56834		189
238		445		57075		177
239		402		57318		180
240		426		57558		187
241		405		57799		194
242		412		58037		184
243		406		58281		194
244		437		58516		191
245		448		58754		190
246		436		58998		189
247		416		59234		189
248		397		59471		185
249		418		59710		185
250		390		59949		185
251		354		60189		188
252		345		60426		192
253		381		60664		193
254		372		60902		190
255		365		61139		183
256		413		61381		189
257		402		61624		187
258		406		61863		190
259		398		62101		190
260		393		62334		174
261		424		62569		182
262		457		62811		180
263		473		63052		190
264		450		63290		189
265		424		63529		189
266		459		63768		182
267		471		64009		189
268		421		64246		194
269		454		64491		185
270		444		64737		199
271		438		64981		185
272		445		65223		185
273		431		65460		192
274		444		65704		199
275		380		65943		192
276		379		66182		192
277		406		66420		192
278		437		66660		190
279		402		66899		188
280		435		67143		179
281		439		67384		188
282		424		67625		185
283		410		67858		181
284		429		68096		190
285		431		68336		193
286		452		68580		189
287		410		68824		192
288		387		69058		178
289		379		69291		184
290		368		69529		189
291		358		69772		185
292		382		70002		191
293		372		70236		192
294		365		70480		195
295		357		70713		193
296		362		70954		192
297		341		71184		189
298		310		71420		181
299		342		71654		190
300		325		71882		189
301		366		72119		181
302		377		72360		191
303		349		72598		186
304		368		72835		180
305		392		73065		187
306		360		73295		190
307		414		73534		182
308		411		73769		192
309		355		74005		183
310		351		74236		184
311		370		74470		196
312		389		74705		189
313		376		74946		186
314		342		75184		193
315		349		75417		185
316		359		75650		185
317		359		75877		188
318		352		76122		190
319		327		76353		189
320		301		76584		189
321		327		76817		193
322		374		77057		188
323		366		77291		189
324		315		77524		188
325		361		77758		196
326		342		77995		192
327		361		78223		194
328		348		78459		187
329		390		78700		196
330		367		78940		194
331		348		79173		183
332		357		79403		196
333		347		79634		188
334		348		79866		187
335		343		80102		187
336		357		80334		195
337		344		80563		193
338		352		80797		186
339		371		81035		186
340		399		81274		185
341		345		81495		186
342		384		81735		186
343		411		81969		188
344		351		82202		186
345		355		82438		187
346		331		82666		186
347		316		82897		189
348		320		83130		190
349		308		83359		184
350		325		83589		189
351		337		83821		192
352		332		84055		186
353		349		84281		185
354		362		84511		185
355		342		84745		186
356		347		84981		187
357		321		85207		193
358		369		85439		193
359		329		85677		197
360		358		85915		196
361		352		86144		192
362		398		86381		189
363		388		86612		188
364		440		86852		179
365		409		87091		188
366		397		87330		190
367		420		87572		190
368		408		87809		192
369		365		88045		192
370		404		88285		195
371		377		88522		192
372		371		88757		195
373		376		88997		190
374		390		89225		193
375		334		89461		184
376		356		89690		184
377		331		89928		182
378		321		90165		186
379		344		90392		187
380		370		90628		186
381		333		90862		182
382		326		91092		187
383		332		91323		179
384		340		91553		187
385		358		91789		186
386		331		92022		188
387		352		92255		187
388		363		92481		192
389		368		92712		182
390		363		92954		183
391		349		93186		191
392		347		93420		190
393		323		93656		198
394		300		93878		189
395		298		94118		186
396		362		94347		185
397		361		94587		180
398		336		94823		189
399		359		95053		189
400		353		95288		191
401		347		95523		192
402		371		95759		186
403		385		95995		185
404		390		96231		183
405		389		96468		183
406		390		96702		184
407		371		96940		181
408		369		97179		194
409		418		97412		190
410		417		97645		192
411		403		97878		190
412		386		98120		194
413		371		98349		189
414		368		98582		191
415		365		98817		189
416		409		99054		181
417		364		99287		179
418		354		99528		178
419		360		99762		192
420		316		99997		190
421		332		100219		183
422		342		100440		183
423		336		100674		183
424		344		100908		182
425		306		101136		185
426		334		101370		189
427		329		101600		191
428		289		101833		188
429		331		102061		189
430		331		102289		186
431		318		102526		179
432		321		102755		187
433		320		102988		188
434		314		103218		187
435		332		103451		188
436		326		103683		191
437		321		103910		184
438		313		104137		188
439		345		104374		190
440		309		104607		185
441		329		104832		190
442		315		105066		186
443		312		105300		186
444		315		105534		181
445		297		105763		186
446		322		105995		175
447		325		106235		183
448		322		106467		179
449		308		106693		185
450		311		106925		177
451		321		107156		193
452		346		107398		190
453		349		107627		185
454		341		107859		185
455		389		108100		193
456		396		108338		193
457		375		108573		186
458		381		108802		179
459		355		109038		180
460		309		109260		182
461		322		109490		195
462		304		109717		184
463		288		109945		186
464		276		110169		181
465		333		110388		184
466		341		110624		179
467		332		110849		188
468		311		111080		187
469		296		111302		191
470		285		111533		185
471		285		111758		179
472		280		111983		180
473		285		112211		184
474		313		112440		183
475		321		112667		182
476		339		112905		185
477		325		113140		186
478		340		113370		193
479		326		113604		186
480		317		113835		184
481		330		114062		181
482		341		114289		184
483		297		114526		190
484		313		114752		191
485		301		114981		181
486		267		115201		181
487		256		115419		186
488		230		115643		187
489		242		115860		187
490		251		116083		184
491		290		116318		188
492		263		116545		187
493		262		116772		192
494		315		116997		195
495		293		117215		193
496		285		117446		190
497		275		117671		191
498		291		117901		186
499		273		118126		188
500		245		118355		191
501		250		118580		184
502		252		118814		183
503		246		119042		190
504		244		119260		193
505		251		119488		188
506		258		119715		183
507		270		119941		183
508		290		120160		187
509		334		120386		176
510		322		120626		191
511		302		120854		184
512		279		121074		183
513		298		121309		187
514		300		121535		184
515		317		121763		187
516		338		121989		189
517		356		122216		189
518		341		122446		185
519		341		122680		190
520		395		122908		193
521		350		123140		195
522		327		123369		187
523		311		123612		190
524		319		123842		185
525		304		124071		181
526		262		124294		185
527		284		124531		187
528		254		124759		188
529		228		124974		190
530		286		125193		190
531		261		125413		190
532		284		125644		185
533		265		125869		181
534		265		126095		188
535		268		126313		190
536		286		126540		193
537		319		126771		189
538		342		127003		186
539		336		127230		185
540		326		127456		187
541		317		127685		194
542		299		127909		190
543		314		128134		190
544		317		128365		194
545		321		128598		185
546		286		128826		191
547		284		129046		181
548		308		129271		180
549		324		129507		184
550		335		129739		190
551		345		129962		192
552		344		130191		187
553		327		130426		188
554		325		130653		187
555		328		130884		191
556		304		131115		189
557		334		131350		190
558		363		131584		184
559		334		131819		187
560		365		132054		190
561		345		132288		179
562		337		132520		194
563		303		132750		192
564		378		132984		189
565		360		133224		186
566		388		133454		178
567		357		133684		176
568		394		133917		194
569		384		134158		194
570		418		134400		188
571		382		134640		188
572		387		134871		189
573		323		135107		187
574		350		135337		186
575		336		135564		190
576		342		135799		188
577		309		136029		188
578		312		136260		194
579		320		136488		196
580		332		136724		188
581		329		136955		186
582		362		137185		191
583		340		137417		185
584		297		137641		187
585		321		137875		187
586		349		138102		180
587		326		138335		186
588		364		138566		183
589		371		138798		178
590		388		139037		188
591		363		139272		189
592		340		139497		190
593		372		139731		187
594		352		139966		193
595		326		140194		191
596		370		140423		191
597		404		140650		180
598		330		140886		186
599		322		141114		182
600		297		141343		183
601		278		141562		184
602		291		141795		185
603		302		142021		180
604		270		142255		185
605		342		142484		187
606		335		142712		192
607		310		142936		192
608		321		143161		188
609		310		143384		190
610		321		143609		191
611		282		143835		188
612		294		144057		192
613		311		144287		189
614		315		144517		184
615		340		144747		191
616		373		144983		182
617		319		145209		187
618		342		145437		194
619		329		145664		193
620		350		145898		186
621		312		146128		188
622		299		146357		190
623		317		146583		185
624		344		146821		180
625		334		147050		187
626		321		147282		185
627		303		147520		183
628		313		147741		186
629		307		147957		181
630		306		148174		184
631		317		148406		193
632		360		148638		192
633		315		148866		194
634		338		149093		193
635		344		149330		187
636		360		149567		175
637		334		149802		179
638		327		150039		184
639		326		150273		189
640		285		150495		192
641		307		150725		190
642		323		150954		187
643		306		151187		187
644		331		151417		195
645		286		151641		189
646		285		151866		181
647		320		152093		190
648		296		152317		191
649		314		152545		186
650		269		152771		188
651		244		152988		187
652		237		153207		190
653		232		153431		190
654		280		153654		192
655		319		153886		193
656		304		154107		191
657		276		154327		189
658		275		154552		186
659		290		154776		186
660		294		154999		186
661		308		155221		184
662		280		155443		187
663		272		155663		190
664		303		155887		183
665		299		156109		189
666		291		156336		189
667		289		156557		185
668		327		156794		186
669		262		157023		182
670		295		157237		182
671		263		157455		182
672		276		157681		183
673		267		157905		184
674		299		158132		189
675		336		158363		185
676		378		158596		186
677		358		158828		178
678		345		159059		185
679		339		159289		190
680		316		159519		192
681		334		159750		189
682		338		159984		177
683		350		160213		192
684		310		160446		191
685		290		160673		191
686		237		160902		190
687		242		161132		190
688		274		161357		193
689		261		161577		191
690		280		161795		191
691		252		162019		190
692		278		162244		187
693		295		162465		186
694		304		162687		190
695		299		162915		193
696		307		163151		186
697		293		163374		189
698		287		163599		191
699		286		163822		183
700		266		164048		183
701		289		164273		185
702		276		164487		186
703		288		164705		179
704		297		164932		182
705		299		165146		191
706		284		165380		189
707		305		165609		187
708		324		165834		187
709		319		166062		186
710		330		166292		188
711		338		166517		184
712		337		166751		187
713		271		166974		178
714		262		167203		184
715		285		167421		185
716		265		167654		187
717		305		167880		188
718		253		168111		184
719		269		168334		189
720		268		168556		187
721		290		168777		185
722		257		169002		184
723		291		169227		186
724		296		169446		189
725		300		169670		191
726		266		169895		183
727		255		170114		181
728		251		170333		187
729		256		170563		184
730		268		170785		187
731		295		171012		196
732		302		171241		190
733		287		171474		184
734		311		171702		182
735		305		171930		189
736		284		172154		185
737		319		172380		188
738		277		172606		180
739		306		172828		192
740		288		173050		188
741		284		173277		180
742		270		173494		184
743		280		173722		189
744		236		173938		191
745		253		174154		189
746		236		174381		192
747		235		174600		194
748		261		174822		191
749		255		175041		195
750		219		175262		189
751		217		175479		192
752		231		175702		190
753		219		175924		190
754		235		176149		186
755		238		176372		187
756		222		176593		196
757		233		176819		193
758		226		177042		189
759		248		177253		184
760		248		177471		187
761		228		177687		190
762		235		177899		188
763		250		178118		188
764		250		178333		189
765		240		178548		188
766		272		178770		188
767		245		178988		188
768		241		179207		191
769		260		179432		189
770		271		179654		186
771		268		179869		188
772		254		180101		182
773		223		180320		187
774		218		180535		187
775		242		180760		192
776		252		180980		186
777		254		181203		192
778		247		181427		189
779		196		181647		189
780		209		181862		186
781		207		182080		183
782		245		182297		188
783		247		182523		190
784		240		182749		188
785		241		182967		192
786		257		183194		188
787		265		183413		182
788		258		183637		191
789		257		183862		181
790		248		184085		188
791		223		184299		189
792		230		184521		193
793		231		184740		192
794		208		184955		193
795		233		185175		192
796		239		185390		191
797		211		185606		185
798		201		185835		190
799		200		186048		192
800		187		186265		190
801		197		186485		189
802		236		186704		191
803		256		186921		194
804		258		187142		191
805		234		187360		190
806		237		187576		184
807		273		187783		190
808		283		188007		193
809		250		188230		191
810		280		188445		189
811		288		188677		191
812		286		188901		183
813		299		189124		186
814		284		189352		184
815		280		189578		185
816		279		189803		185
817		287		190027		181
818		247		190248		182
819		267		190465		183
820		246		190687		184
821		237		190916		190
822		215		191135		190
823		225		191354		188
824		232		191565		193
825		212		191783		186
826		230		192009		193
827		203		192223		188
828		234		192454		187
829		226		192666		186
830		239		192884		188
831		234		193109		184
832		228		193328		184
833		220		193549		194
834		207		193773		188
835		242		193996		190
836		232		194221		190
837		216		194441		188
838		197		194667		187
839		184		194885		183
840		186		195100		186
841		193		195315		188
842		187		195529		182
843		184		195744		189
844		194		195954		187
845		180		196174		186
846		191		196383		183
847		173		196603		186
848		194		196805		188
849		200		197018		185
850		192		197233		191
851		175		197446		190
852		171		197658		188
853		171		197887		187
854		184		198096		188
855		181		198310		188
856		172		198525		192
857		182		198744		189
858		186		198963		185
859		191		199180		185
860		194		199388		186
861		200		199614		187
862		200		199835		192
863		207		200053		185
864		194		200273		185
865		167		200494		187
866		177		200714		188
867		194		200924		188
868		195		201145		184
869		204		201360		187
870		183		201576		188
871		214		201799		186
872		181		202010		190
873		168		202218		187
874		182		202434		184
875		156		202646		188
876		159		202853		192
877		170		203071		189
878		163		203278		189
879		179		203487		190
880		164		203706		190
881		176		203928		192
882		177		204136		191
883		174		204355		189
884		159		204571		189
885		165		204788		189
886		161		205008		188
887		172		205225		186
888		190		205433		184
889		146		205647		192
890		156		205856		192
891		172		206068		191
892		186		206288		192
893		187		206504		190
894		197		206717		193
895		184		206933		190
896		181		207150		187
897		167		207375		189
898		139		207591		189
899		132		207794		189
900		133		208000		188
901		135		208209		188
902		136		208429		187
903		124		208630		192
904		123		208843		189
905		120		209062		191
906		144		209275		188
907		136		209483		185
908		148		209689		185
909		145		209889		183
910		145		210100		193
911		144		210301		193
912		167		210515		188
913		165		210739		184
914		180		210954		181
915		159		211170		183
916		135		211377		185
917		143		211591		185
918		132		211800		181
919		135		212016		184
920		116		212237		185
921		135		212450		188
922		145		212664		188
923		159		212882		186
924		164		213096		187
925		148		213309		186
926		138		213526		183
927		128		213725		186
928		113		213935		185
929		117		214149		185
930		123		214354		184
931		127		214569		184
932		125		214782		184
933		126		214990		185
934		135		215201		186
935		148		215400		188
936		158		215597		187
937		154		215802		187
938		163		216020		189
939		162		216234		193
940		172		216453		191
941		159		216662		190
942		160		216876		189
943		149		217093		188
944		148		217310		186
945		160		217521		188
946		150		217734		186
947		155		217952		187
948		138		218165		186
949		139		218371		187
950		146		218590		185
951		127		218803		185
952		133		219024		186
953		133		219235		186
954		134		219454		189
955		151		219678		191
956		153		219900		186
957		160		220113		184
958		158		220317		186
959		150		220521		186
960		150		220727		185
961		155		220940		187
962		149		221156		186
963		150		221369		187
964		155		221584		188
965		164		221803		183
966		156		222005		182
967		144		222224		181
968		150		222426		181
969		142		222641		185
970		146		222849		186
971		150		223054		190
972		138		223263		191
973		128		223471		190
974		123		223672		189
975		129		223877		190
976		148		224087		184
977		138		224299		187
978		139		224507		186
979		135		224724		188
980		139		224937		188
981		136		225141		186
982		132		225356		185
983		141		225558		183
984		129		225773		188
985		117		225977		186
986		122		226183		184
987		109		226391		186
988		106		226605		185
989		102		226815		188
990		107		227028		188
991		101		227244		188
992		102		227459		187
993		102		227658		187
994		104		227871		187
995		107		228086		185
996		112		228302		183
997		125		228521		183
998		130		228741		185
999		125		228945		186
