# Migration is number of nodes that have changed color.

Round		Edge-Cut		Swaps		Migrations		Skipped
0		489		248		172
1		478		494		192
2		458		736		189
3		441		980		194
4		442		1226		181
5		447		1472		189
6		408		1712		185
7		404		1953		189
8		374		2192		184
9		366		2420		192
10		378		2657		195
11		379		2899		188
12		366		3141		184
13		380		3379		189
14		360		3616		185
15		351		3853		190
16		418		4094		188
17		349		4328		186
18		383		4568		180
19		388		4802		189
20		425		5043		190
21		442		5284		184
22		396		5524		194
23		394		5759		195
24		388		6002		190
25		413		6243		188
26		417		6487		181
27		412		6723		184
28		433		6968		181
29		440		7215		187
30		403		7459		186
31		419		7700		177
32		453		7943		187
33		415		8184		192
34		403		8424		184
35		403		8667		190
36		345		8914		187
37		369		9151		190
38		402		9392		189
39		416		9633		186
40		437		9875		184
41		435		10122		178
42		424		10363		172
43		441		10602		185
44		456		10842		191
45		459		11080		182
46		497		11326		185
47		418		11566		190
48		390		11801		190
49		430		12035		175
50		407		12277		190
51		443		12520		182
52		435		12760		186
53		390		13002		187
54		386		13242		181
55		453		13482		192
56		428		13720		188
57		434		13960		186
58		449		14198		188
59		441		14440		183
60		397		14685		195
61		432		14928		184
62		417		15168		188
63		359		15414		186
64		358		15651		190
65		339		15891		191
66		373		16129		198
67		367		16369		194
68		389		16609		187
69		360		16845		189
70		353		17080		191
71		360		17313		190
72		382		17551		189
73		412		17794		193
74		410		18034		192
75		416		18276		176
76		387		18516		185
77		393		18752		189
78		350		18993		186
79		348		19229		186
80		353		19461		191
81		349		19693		188
82		320		19928		181
83		359		20166		187
84		384		20405		184
85		420		20647		182
86		416		20885		186
87		361		21112		191
88		377		21350		193
89		381		21589		188
90		411		21832		190
91		492		22073		184
92		434		22318		181
93		522		22563		181
94		449		22804		182
95		435		23050		177
96		420		23293		185
97		433		23531		189
98		383		23770		187
99		396		24009		201
100		398		24244		193
101		414		24486		191
102		420		24729		193
103		465		24972		195
104		409		25212		185
105		391		25448		181
106		399		25692		185
107		422		25933		181
108		418		26174		177
109		429		26416		182
110		456		26661		194
111		482		26905		187
112		468		27148		184
113		421		27392		184
114		367		27635		189
115		419		27869		187
116		432		28112		187
117		435		28348		190
118		416		28592		185
119		415		28830		185
120		410		29064		196
121		425		29298		201
122		414		29535		189
123		372		29777		194
124		377		30013		194
125		364		30242		185
126		399		30471		183
127		396		30711		181
128		353		30949		188
129		379		31185		191
130		399		31424		185
131		357		31670		187
132		384		31901		191
133		376		32136		187
134		402		32371		180
135		418		32610		183
136		425		32849		189
137		441		33093		184
138		380		33335		189
139		385		33570		187
140		412		33812		198
141		400		34049		182
142		402		34293		199
143		467		34535		192
144		468		34775		192
145		427		35016		181
146		428		35254		182
147		409		35491		188
148		391		35723		193
149		333		35961		194
150		315		36192		183
151		338		36426		184
152		333		36657		188
153		348		36888		179
154		334		37119		188
155		335		37348		183
156		312		37583		190
157		298		37814		192
158		323		38041		178
159		319		38268		186
160		342		38494		184
161		352		38736		187
162		367		38973		185
163		406		39212		184
164		360		39453		189
165		366		39691		189
166		337		39924		186
167		347		40152		184
168		424		40381		186
169		346		40621		186
170		339		40854		184
171		315		41079		185
172		356		41311		187
173		383		41547		194
174		353		41778		193
175		325		42016		186
176		339		42246		190
177		312		42475		186
178		297		42709		188
179		325		42933		196
180		326		43161		196
181		353		43401		190
182		357		43639		189
183		350		43877		190
184		299		44109		189
185		284		44340		184
186		342		44568		189
187		352		44799		183
188		373		45040		185
189		385		45277		190
190		385		45514		185
191		414		45748		196
192		456		45987		188
193		439		46233		174
194		451		46476		178
195		414		46716		185
196		404		46962		189
197		433		47201		194
198		409		47435		199
199		424		47671		178
200		435		47906		183
201		435		48145		191
202		410		48389		193
203		410		48625		188
204		416		48863		186
205		412		49099		195
206		411		49339		185
207		379		49575		187
208		385		49815		190
209		382		50051		189
210		378		50287		197
211		347		50524		189
212		315		50751		188
213		335		50983		190
214		414		51216		187
215		393		51456		186
216		413		51691		188
217		342		51932		192
218		385		52168		194
219		389		52405		192
220		406		52646		190
221		380		52884		186
222		434		53123		186
223		422		53366		189
224		426		53606		188
225		418		53843		189
226		397		54080		191
227		441		54326		190
228		416		54564		184
229		399		54805		183
230		405		55039		186
231		391		55279		186
232		422		55518		191
233		393		55757		192
234		391		55995		185
235		436		56235		186
236		412		56479		191
237		404		56720		191
238		406		56954		184
239		379		57193		190
240		363		57427		192
241		405		57662		192
242		406		57899		178
243		414		58136		192
244		425		58376		186
245		412		58607		188
246		409		58844		187
247		386		59081		186
248		429		59324		195
249		390		59563		185
250		378		59803		190
251		393		60040		182
252		367		60276		183
253		371		60514		181
254		346		60753		185
255		351		60989		184
256		338		61225		186
257		367		61453		186
258		358		61684		193
259		302		61910		194
260		293		62142		187
261		319		62376		184
262		338		62603		187
263		342		62837		181
264		359		63065		188
265		375		63301		182
266		359		63532		183
267		335		63761		184
268		332		63990		192
269		362		64221		188
270		387		64453		176
271		366		64683		187
272		339		64921		189
273		326		65150		190
274		322		65377		188
275		312		65607		196
276		287		65827		190
277		294		66057		192
278		266		66283		191
279		304		66508		185
280		275		66737		184
281		304		66966		185
282		308		67198		182
283		339		67428		187
284		312		67661		186
285		279		67883		180
286		248		68105		184
287		240		68331		189
288		206		68550		188
289		215		68774		188
290		230		69004		189
291		235		69231		192
292		275		69454		191
293		257		69680		188
294		282		69902		187
295		276		70131		185
296		222		70360		189
297		251		70594		189
298		271		70804		186
299		265		71029		188
300		250		71254		185
301		233		71479		188
302		224		71706		190
303		256		71933		189
304		254		72156		187
305		270		72377		189
306		281		72603		190
307		328		72832		196
308		294		73063		199
309		304		73290		189
310		304		73513		184
311		312		73743		186
312		277		73973		193
313		313		74201		191
314		349		74426		188
315		347		74661		194
316		300		74893		187
317		286		75122		188
318		299		75353		185
319		292		75579		188
320		295		75808		192
321		347		76031		196
322		309		76262		185
323		270		76485		190
324		297		76717		183
325		321		76948		189
326		296		77181		191
327		304		77415		194
328		304		77650		191
329		304		77876		191
330		301		78104		192
331		336		78341		191
332		301		78570		189
333		289		78809		186
334		247		79029		186
335		250		79253		189
336		249		79477		187
337		247		79704		193
338		222		79925		195
339		240		80141		191
340		244		80365		188
341		249		80582		187
342		231		80812		187
343		263		81034		190
344		222		81264		189
345		248		81483		189
346		287		81711		187
347		258		81939		183
348		310		82169		187
349		253		82400		183
350		264		82623		187
351		245		82841		184
352		257		83067		183
353		266		83291		189
354		273		83517		191
355		269		83740		192
356		294		83967		190
357		295		84193		191
358		286		84413		187
359		296		84646		184
360		291		84878		188
361		248		85100		188
362		245		85315		183
363		244		85539		193
364		264		85752		193
365		306		85975		186
366		321		86209		190
367		327		86437		189
368		326		86669		185
369		320		86895		186
370		284		87124		184
371		308		87352		182
372		312		87583		186
373		355		87815		191
374		363		88052		188
375		399		88291		189
376		353		88521		193
377		354		88753		187
378		367		88994		189
379		358		89226		200
380		375		89458		188
381		400		89694		187
382		345		89928		191
383		371		90161		191
384		351		90398		177
385		377		90636		183
386		378		90870		193
387		373		91110		189
388		363		91348		185
389		341		91588		185
390		388		91820		189
391		381		92054		193
392		404		92285		187
393		358		92523		197
394		369		92757		194
395		358		92988		188
396		370		93219		193
397		389		93451		190
398		373		93687		176
399		409		93925		189
400		423		94164		187
401		424		94399		196
402		384		94624		199
403		426		94856		187
404		401		95091		183
405		411		95331		185
406		408		95570		194
407		409		95805		192
408		387		96042		184
409		371		96274		188
410		326		96506		187
411		321		96737		183
412		333		96964		194
413		318		97195		186
414		360		97428		181
415		325		97656		183
416		329		97891		188
417		342		98122		184
418		350		98357		182
419		334		98586		187
420		311		98814		191
421		326		99048		182
422		372		99282		184
423		391		99511		186
424		324		99741		189
425		335		99967		187
426		327		100199		185
427		329		100436		184
428		319		100668		187
429		353		100895		189
430		361		101124		182
431		338		101354		181
432		368		101588		181
433		362		101824		184
434		332		102058		189
435		321		102288		193
436		368		102525		182
437		396		102760		191
438		378		102995		194
439		351		103229		189
440		318		103449		186
441		344		103679		185
442		340		103910		184
443		393		104138		184
444		366		104374		186
445		312		104602		183
446		344		104833		178
447		325		105051		177
448		331		105281		182
449		292		105505		185
450		286		105738		194
451		286		105960		189
452		282		106188		188
453		309		106418		189
454		298		106648		193
455		319		106876		189
456		294		107100		186
457		276		107323		190
458		237		107550		192
459		252		107761		186
460		299		107982		188
461		314		108203		188
462		250		108429		189
463		270		108651		188
464		256		108880		188
465		234		109106		187
466		261		109328		182
467		250		109553		189
468		262		109773		187
469		276		110005		186
470		285		110231		184
471		293		110456		181
472		300		110684		186
473		292		110912		187
474		286		111142		187
475		282		111370		190
476		270		111600		186
477		276		111829		186
478		305		112049		186
479		278		112273		189
480		295		112493		184
481		313		112719		182
482		263		112941		185
483		241		113164		188
484		243		113383		190
485		271		113606		189
486		278		113825		184
487		306		114050		182
488		276		114281		188
489		296		114507		190
490		288		114732		191
491		296		114970		183
492		295		115202		190
493		295		115438		185
494		327		115664		196
495		313		115897		193
496		295		116128		185
497		287		116353		189
498		290		116580		187
499		259		116804		194
500		256		117026		191
501		254		117252		193
502		245		117473		190
503		268		117686		186
504		248		117906		190
505		286		118133		187
506		302		118360		180
507		311		118583		183
508		295		118809		181
509		302		119030		188
510		304		119257		192
511		282		119480		182
512		283		119699		185
513		249		119929		183
514		235		120158		182
515		261		120386		177
516		308		120613		179
517		317		120837		181
518		348		121064		186
519		317		121299		184
520		339		121529		184
521		381		121765		179
522		355		122001		181
523		365		122229		187
524		347		122455		188
525		311		122686		188
526		365		122911		186
527		341		123149		196
528		361		123380		194
529		363		123608		198
530		356		123845		190
531		329		124075		190
532		268		124302		196
533		273		124535		195
534		267		124757		188
535		273		124976		188
536		278		125206		182
537		305		125427		186
538		336		125657		181
539		339		125894		192
540		347		126119		184
541		324		126349		180
542		348		126579		189
543		340		126810		188
544		327		127037		183
545		308		127270		187
546		299		127503		187
547		260		127725		184
548		251		127946		186
549		295		128174		187
550		279		128398		185
551		279		128623		191
552		325		128850		194
553		333		129087		184
554		320		129320		189
555		344		129547		191
556		349		129781		188
557		341		130015		185
558		325		130241		189
559		305		130464		192
560		263		130684		188
561		251		130900		193
562		245		131131		185
563		271		131354		191
564		269		131576		194
565		300		131798		188
566		281		132027		188
567		310		132244		193
568		295		132477		188
569		307		132704		186
570		292		132939		191
571		285		133162		194
572		291		133390		191
573		284		133621		188
574		301		133856		191
575		313		134084		189
576		330		134318		184
577		322		134548		183
578		301		134778		184
579		307		135001		188
580		289		135225		192
581		314		135449		183
582		256		135675		187
583		288		135912		191
584		310		136131		186
585		317		136363		187
586		304		136584		190
587		293		136821		191
588		330		137050		192
589		326		137272		188
590		320		137506		189
591		318		137737		187
592		322		137964		192
593		352		138197		192
594		344		138421		193
595		322		138647		186
596		325		138879		184
597		337		139111		178
598		311		139341		187
599		309		139578		187
600		327		139806		191
601		341		140033		190
602		309		140261		192
603		309		140492		193
604		335		140720		188
605		323		140949		189
606		335		141172		189
607		329		141409		189
608		308		141643		186
609		325		141872		180
610		312		142096		186
611		300		142312		174
612		317		142540		190
613		293		142765		183
614		295		142996		188
615		301		143218		187
616		297		143447		186
617		298		143676		189
618		294		143906		192
619		295		144131		190
620		281		144360		193
621		291		144591		185
622		269		144826		189
623		289		145055		196
624		300		145288		183
625		264		145514		189
626		270		145742		185
627		279		145972		187
628		252		146188		186
629		257		146410		188
630		281		146634		186
631		296		146862		182
632		270		147087		184
633		279		147300		185
634		247		147526		188
635		260		147747		190
636		261		147966		192
637		295		148193		187
638		273		148419		181
639		284		148652		181
640		270		148878		181
641		288		149098		184
642		262		149321		193
643		257		149542		193
644		274		149764		188
645		303		149991		186
646		306		150221		188
647		262		150441		192
648		260		150660		183
649		225		150889		187
650		246		151117		189
651		279		151335		188
652		282		151558		188
653		283		151784		179
654		296		152010		183
655		306		152239		187
656		317		152468		181
657		328		152690		185
658		313		152912		180
659		309		153142		182
660		313		153365		186
661		314		153590		187
662		318		153816		188
663		281		154050		185
664		265		154261		186
665		240		154487		186
666		286		154717		183
667		236		154944		187
668		230		155162		187
669		238		155379		189
670		293		155603		181
671		270		155831		187
672		283		156056		183
673		320		156283		186
674		318		156511		186
675		305		156742		191
676		294		156970		191
677		287		157192		192
678		280		157416		187
679		255		157640		185
680		258		157862		191
681		269		158085		187
682		242		158312		188
683		291		158538		186
684		324		158772		190
685		340		159005		192
686		327		159232		192
687		310		159464		187
688		295		159693		183
689		290		159919		184
690		267		160143		181
691		301		160373		190
692		278		160593		190
693		269		160809		191
694		253		161034		192
695		254		161251		193
696		266		161479		189
697		261		161706		188
698		292		161925		184
699		271		162147		190
700		233		162364		190
701		259		162586		197
702		244		162802		190
703		266		163016		193
704		250		163239		184
705		270		163458		189
706		251		163677		186
707		261		163904		182
708		304		164121		184
709		293		164347		190
710		301		164578		189
711		264		164801		190
712		268		165028		186
713		271		165249		191
714		275		165475		190
715		281		165710		192
716		273		165932		189
717		288		166155		187
718		280		166380		187
719		343		166607		183
720		361		166827		187
721		354		167050		186
722		367		167283		190
723		369		167519		193
724		336		167758		184
725		337		167985		190
726		315		168214		188
727		307		168438		187
728		293		168664		190
729		324		168894		192
730		271		169117		186
731		291		169344		183
732		280		169567		186
733		260		169784		184
734		250		170005		187
735		262		170217		183
736		268		170437		181
737		270		170655		185
738		269		170880		187
739		275		171108		187
740		270		171342		187
741		249		171564		184
742		261		171786		182
743		288		172011		183
744		282		172236		187
745		284		172452		184
746		315		172675		184
747		261		172892		188
748		284		173123		196
749		259		173340		190
750		264		173565		188
751		285		173791		190
752		263		174011		192
753		274		174235		190
754		256		174465		182
755		264		174689		186
756		252		174923		180
757		255		175144		185
758		237		175359		191
759		208		175578		187
760		228		175799		190
761		262		176024		189
762		266		176244		191
763		256		176466		182
764		258		176686		188
765		232		176909		188
766		228		177129		187
767		246		177351		186
768		231		177566		188
769		247		177786		186
770		232		177999		189
771		255		178220		186
772		277		178447		187
773		291		178676		192
774		287		178895		184
775		267		179115		184
776		257		179339		189
777		262		179560		190
778		258		179781		179
779		271		179995		188
780		254		180219		191
781		231		180433		191
782		246		180648		183
783		244		180866		186
784		238		181092		192
785		273		181313		199
786		287		181540		192
787		264		181762		185
788		262		181982		185
789		245		182208		189
790		232		182431		186
791		243		182658		187
792		232		182879		184
793		222		183099		182
794		244		183319		190
795		248		183538		186
796		262		183767		184
797		256		183991		187
798		295		184215		189
799		287		184445		187
800		270		184679		185
801		242		184898		184
802		283		185115		187
803		276		185339		189
804		291		185565		187
805		274		185794		188
806		274		186018		190
807		243		186231		192
808		237		186446		193
809		232		186667		190
810		214		186882		194
811		212		187097		192
812		233		187314		190
813		216		187532		187
814		225		187747		188
815		231		187966		193
816		264		188190		181
817		225		188405		193
818		235		188626		192
819		237		188844		188
820		233		189061		182
821		224		189284		181
822		228		189509		188
823		232		189732		183
824		223		189951		185
825		215		190171		180
826		244		190396		185
827		232		190622		188
828		248		190837		192
829		236		191054		194
830		246		191280		195
831		255		191495		190
832		255		191721		190
833		258		191936		182
834		237		192158		181
835		240		192380		183
836		253		192599		186
837		248		192832		182
838		242		193050		186
839		227		193279		185
840		208		193492		189
841		202		193706		190
842		202		193934		183
843		216		194157		190
844		213		194369		193
845		208		194585		193
846		220		194796		194
847		203		195014		188
848		200		195218		185
849		208		195430		188
850		213		195656		191
851		203		195878		189
852		218		196101		187
853		226		196320		185
854		235		196532		187
855		211		196743		190
856		200		196958		189
857		190		197172		186
858		205		197386		191
859		211		197607		186
860		201		197823		189
861		202		198044		188
862		206		198260		183
863		235		198469		187
864		251		198681		186
865		234		198917		186
866		237		199143		182
867		230		199357		187
868		235		199572		190
869		271		199793		192
870		255		200012		188
871		249		200236		189
872		240		200458		189
873		240		200670		191
874		236		200893		191
875		251		201117		190
876		226		201336		191
877		220		201551		188
878		224		201761		188
879		196		201977		190
880		209		202186		188
881		214		202409		187
882		220		202623		183
883		221		202845		184
884		239		203057		183
885		229		203270		189
886		260		203481		189
887		228		203704		190
888		248		203918		192
889		261		204143		194
890		268		204368		194
891		253		204590		194
892		236		204818		189
893		206		205033		189
894		218		205244		190
895		219		205465		188
896		232		205691		184
897		259		205910		180
898		232		206127		178
899		224		206344		179
900		251		206556		186
901		257		206778		188
902		212		207000		195
903		218		207218		189
904		209		207435		192
905		211		207648		183
906		211		207866		188
907		231		208077		184
908		212		208286		192
909		227		208499		192
910		249		208723		185
911		253		208942		183
912		262		209169		185
913		266		209391		185
914		197		209614		193
915		204		209831		197
916		213		210053		190
917		220		210276		190
918		222		210489		185
919		221		210718		190
920		232		210937		182
921		196		211147		182
922		199		211358		184
923		215		211582		188
924		183		211786		194
925		180		211998		188
926		173		212201		189
927		189		212420		187
928		188		212635		183
929		181		212856		186
930		169		213067		188
931		167		213292		190
932		181		213502		191
933		189		213718		189
934		182		213938		191
935		173		214152		188
936		169		214349		189
937		176		214563		188
938		176		214779		184
939		157		214996		185
940		155		215210		190
941		162		215428		191
942		191		215649		188
943		192		215868		191
944		227		216084		183
945		239		216305		187
946		232		216530		191
947		218		216754		184
948		209		216980		186
949		222		217193		188
950		220		217415		188
951		217		217613		186
952		197		217830		187
953		183		218052		192
954		176		218276		187
955		191		218490		183
956		181		218704		185
957		170		218919		187
958		192		219127		187
959		184		219342		188
960		180		219558		188
961		161		219765		186
962		151		219978		187
963		159		220191		189
964		155		220398		191
965		166		220619		191
966		184		220827		192
967		194		221045		193
968		192		221254		190
969		174		221472		190
970		167		221684		190
971		159		221897		192
972		162		222107		189
973		170		222316		189
974		162		222530		187
975		176		222735		186
976		177		222951		187
977		159		223161		189
978		171		223383		193
979		176		223601		184
980		181		223808		191
981		171		224023		190
982		174		224240		188
983		182		224448		187
984		179		224662		185
985		178		224882		183
986		168		225095		188
987		162		225310		188
988		138		225531		190
989		148		225747		184
990		175		225962		190
991		160		226172		191
992		155		226390		187
993		150		226606		191
994		157		226816		193
995		138		227032		190
996		126		227243		190
997		135		227450		194
998		145		227666		193
999		142		227875		192
