# Migration is number of nodes that have changed color.

Round		Edge-Cut		Swaps		Migrations		Skipped
0		489		248		172
1		478		494		192
2		458		736		189
3		441		980		194
4		442		1226		181
5		447		1472		189
6		408		1712		185
7		404		1953		189
8		374		2192		184
9		366		2420		192
10		378		2657		195
11		379		2899		188
12		366		3141		184
13		380		3379		189
14		360		3616		185
15		356		3853		186
16		409		4093		187
17		343		4330		184
18		370		4566		187
19		340		4796		184
20		369		5032		193
21		258		5265		188
22		338		5496		190
23		375		5736		189
24		366		5973		192
25		426		6213		195
26		405		6447		197
27		350		6677		193
28		335		6909		197
29		314		7145		196
30		330		7373		197
31		341		7613		191
32		363		7842		187
33		374		8078		185
34		363		8314		180
35		369		8554		192
36		350		8786		181
37		376		9021		177
38		406		9256		175
39		356		9497		185
40		374		9734		186
41		378		9974		190
42		374		10210		194
43		357		10449		190
44		367		10683		180
45		376		10917		180
46		392		11152		187
47		423		11396		186
48		449		11630		187
49		470		11872		190
50		487		12120		188
51		468		12364		183
52		462		12605		187
53		503		12850		185
54		445		13090		187
55		406		13328		194
56		392		13566		190
57		371		13800		196
58		398		14039		189
59		364		14277		188
60		390		14520		188
61		405		14761		181
62		429		15005		188
63		410		15243		187
64		395		15483		184
65		344		15720		189
66		412		15954		184
67		420		16191		193
68		432		16425		193
69		433		16664		188
70		415		16905		188
71		385		17142		181
72		409		17381		186
73		421		17620		190
74		418		17859		183
75		378		18096		191
76		342		18332		184
77		367		18568		184
78		400		18805		190
79		391		19042		186
80		415		19278		190
81		369		19516		185
82		454		19757		190
83		421		20001		191
84		382		20241		181
85		416		20482		189
86		456		20722		180
87		492		20969		188
88		455		21214		183
89		439		21454		189
90		429		21693		185
91		417		21935		183
92		454		22180		182
93		422		22424		183
94		414		22661		181
95		398		22901		189
96		431		23138		186
97		415		23380		184
98		375		23621		186
99		417		23866		193
100		455		24108		179
101		441		24342		181
102		440		24575		186
103		394		24814		189
104		435		25055		186
105		438		25291		182
106		450		25531		186
107		447		25772		188
108		450		26015		193
109		395		26254		188
110		394		26496		187
111		382		26735		182
112		395		26975		188
113		391		27215		194
114		357		27453		187
115		421		27687		193
116		365		27923		184
117		382		28159		192
118		362		28395		187
119		374		28632		191
120		382		28863		187
121		388		29097		189
122		414		29335		189
123		442		29579		190
124		410		29815		189
125		383		30059		183
126		369		30300		186
127		381		30536		181
128		366		30774		191
129		369		31011		180
130		372		31244		183
131		382		31484		181
132		406		31719		190
133		375		31960		189
134		424		32197		185
135		360		32434		196
136		365		32663		193
137		371		32899		195
138		372		33136		190
139		371		33368		191
140		386		33598		192
141		372		33835		190
142		414		34070		187
143		398		34313		185
144		411		34556		178
145		422		34789		179
146		387		35029		179
147		447		35271		179
148		447		35511		182
149		406		35752		184
150		418		35997		189
151		441		36237		187
152		419		36479		180
153		400		36720		192
154		411		36957		189
155		398		37189		180
156		418		37428		187
157		380		37669		189
158		428		37915		199
159		435		38157		190
160		451		38398		188
161		448		38643		199
162		438		38889		190
163		441		39124		192
164		434		39368		179
165		423		39605		187
166		409		39844		180
167		423		40085		186
168		369		40325		193
169		371		40568		190
170		384		40804		192
171		418		41044		184
172		419		41288		184
173		441		41527		182
174		449		41768		187
175		433		42010		179
176		420		42246		194
177		385		42484		189
178		383		42722		195
179		399		42962		185
180		376		43197		190
181		397		43428		184
182		375		43661		186
183		429		43898		182
184		391		44141		186
185		422		44378		192
186		404		44619		188
187		386		44854		189
188		354		45098		194
189		354		45337		191
190		363		45568		193
191		388		45801		185
192		363		46036		184
193		336		46270		184
194		355		46495		178
195		392		46732		178
196		388		46969		181
197		382		47200		184
198		353		47438		187
199		351		47677		186
200		337		47909		186
201		360		48148		192
202		380		48387		187
203		363		48617		186
204		330		48850		188
205		355		49077		188
206		378		49311		191
207		385		49550		185
208		399		49786		187
209		414		50025		185
210		385		50265		184
211		380		50505		183
212		394		50743		188
213		320		50977		188
214		333		51217		190
215		401		51452		193
216		424		51691		194
217		356		51932		189
218		372		52164		184
219		332		52392		190
220		331		52619		191
221		330		52854		191
222		356		53093		190
223		391		53330		189
224		362		53570		187
225		313		53798		184
226		336		54029		191
227		311		54262		192
228		330		54495		186
229		368		54723		192
230		380		54960		194
231		349		55193		184
232		380		55427		181
233		343		55653		191
234		383		55890		189
235		361		56127		184
236		371		56356		182
237		356		56591		189
238		391		56819		192
239		340		57052		185
240		384		57289		188
241		365		57528		196
242		389		57758		185
243		373		57993		188
244		406		58227		188
245		400		58462		181
246		432		58700		186
247		391		58940		172
248		410		59181		189
249		419		59420		184
250		430		59664		187
251		398		59901		177
252		362		60145		183
253		370		60383		184
254		388		60619		190
255		330		60851		184
256		323		61085		188
257		308		61310		183
258		295		61538		183
259		300		61765		189
260		311		61993		191
261		308		62211		198
262		265		62441		188
263		300		62670		194
264		312		62903		184
265		314		63131		184
266		280		63355		198
267		267		63586		192
268		318		63814		191
269		345		64046		192
270		340		64279		184
271		282		64504		181
272		277		64724		192
273		265		64949		193
274		287		65174		193
275		319		65404		190
276		299		65637		191
277		300		65868		191
278		277		66092		190
279		288		66310		194
280		336		66533		185
281		347		66766		185
282		314		66993		190
283		305		67221		188
284		325		67454		188
285		324		67691		184
286		333		67929		185
287		303		68151		189
288		267		68381		190
289		333		68615		189
290		327		68851		187
291		336		69090		184
292		319		69323		186
293		310		69556		189
294		308		69788		182
295		330		70019		189
296		382		70252		194
297		371		70480		193
298		341		70709		192
299		328		70941		183
300		294		71160		186
301		289		71389		186
302		308		71621		185
303		266		71848		187
304		286		72074		183
305		274		72308		179
306		264		72531		183
307		307		72759		182
308		302		72996		189
309		338		73230		191
310		345		73460		180
311		337		73693		186
312		341		73918		194
313		355		74152		187
314		347		74384		191
315		360		74614		191
316		297		74844		195
317		320		75067		184
318		294		75294		188
319		296		75514		187
320		295		75746		188
321		304		75972		184
322		306		76199		190
323		288		76417		194
324		319		76655		186
325		280		76884		189
326		292		77110		189
327		340		77342		187
328		299		77576		187
329		284		77800		189
330		308		78028		186
331		263		78257		180
332		270		78479		181
333		250		78714		190
334		258		78941		191
335		248		79167		189
336		255		79388		184
337		243		79613		189
338		266		79843		185
339		290		80073		192
340		332		80299		192
341		355		80535		185
342		328		80766		188
343		336		80995		189
344		346		81227		191
345		305		81457		189
346		298		81694		184
347		292		81931		187
348		280		82164		188
349		302		82394		189
350		320		82627		191
351		305		82854		191
352		339		83084		184
353		293		83316		189
354		272		83540		190
355		286		83772		188
356		287		84006		186
357		285		84230		186
358		277		84456		191
359		282		84691		191
360		267		84920		186
361		256		85147		187
362		237		85366		182
363		250		85594		185
364		271		85812		185
365		264		86040		184
366		307		86273		186
367		299		86497		194
368		290		86728		192
369		257		86944		181
370		267		87170		183
371		272		87392		187
372		290		87617		190
373		288		87849		189
374		344		88077		180
375		364		88304		188
376		319		88532		186
377		351		88764		187
378		352		88997		186
379		360		89225		192
380		360		89460		183
381		353		89693		184
382		330		89918		188
383		350		90152		192
384		361		90383		184
385		344		90609		188
386		324		90843		197
387		338		91076		192
388		304		91302		190
389		322		91533		192
390		308		91758		189
391		297		91991		186
392		259		92221		187
393		275		92443		185
394		327		92672		190
395		311		92907		181
396		282		93125		189
397		323		93349		191
398		278		93574		187
399		276		93798		186
400		288		94030		185
401		307		94266		178
402		310		94496		185
403		348		94725		191
404		352		94956		189
405		357		95182		182
406		349		95413		185
407		357		95650		183
408		351		95880		189
409		332		96109		188
410		329		96338		184
411		325		96572		185
412		285		96797		189
413		300		97025		188
414		271		97241		186
415		250		97465		190
416		252		97689		189
417		264		97914		182
418		278		98143		190
419		272		98372		190
420		280		98598		189
421		306		98817		188
422		307		99039		190
423		296		99265		187
424		262		99490		189
425		255		99719		185
426		264		99945		187
427		245		100168		190
428		252		100385		186
429		235		100611		185
430		228		100841		190
431		218		101060		191
432		190		101286		190
433		194		101511		188
434		207		101736		189
435		217		101952		182
436		216		102176		186
437		218		102396		192
438		208		102610		188
439		205		102830		188
440		233		103053		190
441		200		103277		188
442		201		103500		187
443		188		103712		191
444		198		103931		192
445		246		104150		191
446		255		104375		189
447		238		104595		191
448		235		104825		188
449		237		105048		188
450		215		105268		183
451		230		105494		184
452		197		105722		189
453		204		105941		187
454		187		106154		187
455		198		106368		186
456		221		106584		183
457		227		106815		185
458		210		107042		185
459		207		107257		187
460		194		107470		184
461		211		107691		189
462		264		107910		192
463		265		108135		188
464		246		108358		187
465		247		108583		187
466		252		108812		186
467		260		109039		185
468		285		109272		189
469		263		109502		190
470		270		109729		182
471		256		109952		186
472		246		110177		186
473		274		110400		187
474		286		110626		187
475		291		110857		183
476		258		111081		184
477		242		111299		187
478		239		111519		186
479		225		111748		189
480		248		111965		192
481		260		112189		190
482		247		112412		192
483		288		112641		189
484		355		112868		186
485		338		113100		194
486		350		113330		186
487		322		113559		188
488		343		113791		194
489		331		114021		190
490		352		114248		187
491		318		114488		186
492		349		114718		177
493		333		114948		190
494		293		115178		189
495		269		115399		188
496		288		115624		186
497		281		115843		186
498		273		116066		186
499		300		116288		188
500		294		116510		189
501		307		116740		194
502		294		116972		191
503		305		117197		189
504		297		117423		189
505		318		117650		188
506		317		117881		185
507		298		118102		191
508		326		118325		190
509		325		118554		194
510		287		118783		185
511		256		119006		183
512		266		119226		184
513		279		119458		185
514		302		119685		188
515		281		119907		186
516		280		120137		183
517		300		120357		189
518		267		120574		189
519		263		120800		188
520		254		121019		187
521		264		121235		187
522		275		121462		191
523		294		121684		188
524		286		121915		185
525		249		122139		185
526		269		122363		190
527		267		122582		187
528		268		122803		190
529		292		123033		179
530		323		123264		188
531		319		123486		192
532		326		123710		189
533		321		123941		189
534		326		124174		188
535		339		124392		194
536		342		124628		185
537		303		124856		181
538		299		125085		193
539		272		125316		190
540		256		125537		191
541		235		125759		190
542		250		125989		191
543		226		126201		192
544		233		126422		187
545		236		126637		183
546		260		126859		187
547		238		127080		189
548		299		127304		183
549		280		127523		179
550		270		127753		180
551		240		127959		190
552		239		128189		181
553		261		128414		187
554		291		128636		193
555		291		128860		196
556		284		129086		190
557		286		129310		190
558		253		129542		192
559		242		129766		185
560		226		129981		186
561		225		130201		186
562		193		130421		189
563		202		130630		188
564		190		130844		184
565		181		131062		185
566		171		131272		189
567		184		131494		191
568		183		131718		189
569		181		131936		186
570		171		132146		193
571		169		132368		187
572		133		132588		189
573		145		132797		190
574		159		133007		186
575		166		133222		187
576		188		133445		186
577		208		133657		183
578		216		133877		182
579		213		134097		189
580		227		134315		183
581		221		134538		182
582		227		134750		186
583		224		134972		184
584		228		135187		185
585		222		135404		186
586		201		135616		189
587		177		135832		188
588		203		136055		194
589		209		136271		190
590		192		136483		191
591		212		136701		184
592		206		136921		189
593		217		137133		192
594		227		137347		190
595		219		137571		192
596		232		137788		192
597		240		138017		194
598		245		138238		190
599		241		138452		190
600		235		138669		195
601		239		138892		189
602		233		139116		194
603		246		139335		195
604		259		139561		193
605		225		139783		191
606		217		140005		189
607		220		140226		186
608		226		140441		186
609		215		140662		191
610		237		140880		196
611		240		141104		191
612		238		141317		186
613		231		141530		183
614		220		141758		181
615		224		141980		183
616		228		142197		185
617		184		142413		192
618		179		142626		187
619		198		142841		180
620		184		143055		187
621		160		143274		184
622		161		143494		185
623		192		143710		187
624		167		143927		189
625		179		144135		191
626		164		144349		189
627		172		144575		189
628		182		144790		189
629		184		145004		188
630		196		145211		186
631		200		145433		189
632		188		145647		190
633		199		145866		188
634		228		146080		186
635		239		146293		185
636		207		146517		188
637		204		146729		192
638		201		146950		188
639		184		147173		189
640		181		147376		187
641		160		147588		186
642		156		147797		187
643		160		148006		189
644		158		148222		191
645		149		148437		190
646		154		148642		192
647		170		148859		186
648		173		149073		184
649		186		149293		189
650		177		149509		190
651		170		149728		190
652		166		149947		190
653		159		150165		188
654		161		150382		190
655		147		150594		187
656		147		150804		187
657		148		151017		188
658		141		151225		189
659		145		151430		188
660		143		151631		187
661		135		151848		188
662		140		152051		188
663		151		152262		187
664		153		152478		186
665		140		152684		183
666		148		152899		188
667		140		153112		186
668		128		153327		191
669		142		153545		187
670		160		153752		187
671		152		153972		186
672		154		154176		186
673		140		154380		186
674		150		154601		184
675		143		154814		187
676		143		155025		187
677		143		155243		188
678		149		155458		187
679		138		155670		187
680		133		155878		190
681		136		156088		188
682		128		156307		187
683		127		156518		188
684		124		156725		188
685		135		156941		189
686		121		157161		188
687		129		157375		191
688		126		157587		191
689		134		157796		192
690		147		158005		189
691		163		158220		184
692		172		158438		184
693		178		158650		178
694		174		158873		185
695		166		159088		183
696		158		159303		190
697		156		159522		188
698		150		159739		193
699		149		159947		188
700		141		160162		189
701		127		160375		185
702		144		160594		185
703		150		160793		183
704		150		161006		184
705		158		161220		188
706		157		161438		186
707		159		161648		187
708		150		161857		187
709		148		162072		191
710		144		162281		193
711		150		162491		187
712		162		162707		187
713		159		162920		186
714		157		163133		184
715		150		163336		181
716		155		163559		185
717		147		163766		184
718		159		163973		189
719		149		164189		193
720		150		164399		190
721		153		164606		189
722		162		164817		188
723		152		165033		187
724		152		165240		187
725		169		165454		184
726		177		165671		188
727		150		165879		187
728		146		166094		193
729		152		166296		187
730		152		166501		185
731		149		166714		188
732		143		166928		189
733		155		167147		191
734		142		167357		188
735		140		167565		188
736		145		167764		191
737		141		167979		192
738		134		168192		192
739		120		168401		188
740		130		168618		193
741		125		168832		189
742		122		169037		189
743		112		169250		190
744		119		169459		190
745		119		169662		187
746		118		169878		189
747		116		170091		189
748		119		170306		190
749		122		170516		190
750		127		170730		192
751		101		170944		190
752		100		171154		191
753		96		171355		189
754		103		171568		189
755		114		171779		190
756		114		171985		189
757		116		172201		189
758		127		172413		192
759		126		172620		187
760		105		172828		189
761		116		173038		188
762		116		173253		189
763		121		173474		188
764		128		173692		191
765		122		173897		189
766		132		174106		188
767		139		174319		185
768		129		174537		189
769		124		174750		188
770		135		174964		191
771		121		175171		189
772		132		175385		188
773		135		175589		187
774		143		175799		186
775		157		176012		182
776		157		176219		183
777		151		176433		185
778		164		176650		188
779		160		176865		188
780		146		177087		186
781		149		177291		184
782		159		177504		187
783		163		177709		187
784		142		177915		185
785		127		178128		188
786		154		178342		189
787		162		178554		192
788		163		178772		189
789		165		178988		188
790		190		179204		186
791		172		179422		187
792		161		179635		187
793		158		179850		188
794		149		180054		189
795		151		180259		192
796		144		180475		189
797		148		180684		190
798		143		180895		187
799		146		181108		187
800		133		181323		188
801		116		181522		190
802		117		181730		190
803		122		181941		190
804		127		182143		190
805		131		182331		189
806		130		182533		192
807		135		182735		189
808		130		182953		189
809		120		183156		189
810		119		183357		190
811		116		183563		190
812		121		183763		191
813		126		183971		191
814		127		184179		190
815		127		184391		189
816		130		184599		192
817		123		184805		189
818		120		185006		186
819		120		185210		191
820		127		185422		191
821		114		185642		187
822		107		185847		186
823		106		186052		187
824		103		186263		188
825		103		186477		188
826		105		186692		188
827		105		186903		188
828		105		187118		188
829		108		187314		189
830		108		187519		189
831		111		187727		189
832		110		187936		190
833		106		188151		188
834		109		188364		187
835		107		188579		186
836		108		188791		186
837		112		189009		186
838		114		189213		187
839		111		189423		186
840		112		189620		185
841		111		189829		186
842		115		190034		187
843		121		190229		187
844		124		190445		188
845		124		190656		186
846		127		190854		187
847		126		191050		188
848		121		191259		186
849		121		191466		187
850		122		191671		185
851		122		191883		186
852		122		192092		186
853		127		192309		188
854		125		192517		186
855		119		192728		185
856		120		192938		185
857		121		193151		186
858		124		193353		186
859		119		193563		193
860		120		193763		190
861		123		193979		191
862		123		194195		191
863		122		194397		191
864		123		194602		188
865		120		194821		190
866		103		195036		192
867		113		195247		188
868		105		195464		188
869		96		195664		188
870		96		195872		189
871		94		196071		190
872		94		196276		190
873		98		196483		188
874		103		196696		190
875		103		196908		191
876		102		197111		190
877		101		197324		187
878		101		197530		188
879		101		197728		189
880		92		197942		188
881		89		198154		186
882		88		198363		187
883		88		198570		187
884		95		198777		189
885		97		198980		187
886		89		199185		187
887		89		199394		187
888		89		199606		185
889		89		199802		185
890		91		200004		186
891		93		200209		188
892		92		200418		186
893		92		200622		186
894		92		200826		186
895		94		201023		187
896		94		201226		188
897		94		201428		188
898		94		201642		188
899		96		201845		188
900		96		202047		188
901		96		202254		188
902		96		202462		189
903		96		202657		189
904		94		202860		189
905		96		203078		188
906		95		203284		188
907		95		203495		188
908		95		203708		188
909		96		203912		187
910		96		204121		188
911		96		204319		189
912		96		204519		188
913		96		204730		187
914		96		204931		187
915		96		205137		187
916		96		205343		187
917		96		205558		188
918		97		205760		184
919		94		205973		189
920		94		206181		189
921		94		206395		188
922		88		206613		188
923		88		206815		188
924		88		207019		189
925		88		207230		189
926		88		207440		189
927		88		207642		189
928		87		207857		190
929		87		208065		190
930		87		208275		190
931		87		208497		190
932		87		208695		190
933		87		208899		190
934		87		209101		190
935		87		209303		190
936		86		209501		189
937		86		209698		189
938		85		209914		188
939		83		210124		189
940		85		210326		187
941		86		210529		187
942		86		210727		187
943		86		210935		187
944		86		211139		187
945		86		211340		187
946		88		211547		185
947		88		211754		185
948		89		211961		186
949		89		212167		186
950		87		212371		188
951		87		212566		188
952		87		212779		188
953		85		212979		188
954		87		213196		186
955		88		213399		185
956		86		213607		187
957		86		213813		187
958		88		214027		188
959		85		214239		187
960		85		214444		187
961		85		214652		187
962		85		214859		187
963		85		215065		187
964		85		215263		187
965		85		215466		187
966		85		215674		187
967		87		215880		188
968		83		216084		189
969		83		216290		189
970		83		216489		189
971		83		216693		189
972		83		216898		189
973		83		217091		189
974		83		217294		189
975		83		217499		189
976		83		217705		189
977		83		217911		189
978		83		218110		189
979		83		218310		189
980		83		218522		189
981		83		218723		189
982		83		218936		189
983		83		219145		189
984		83		219351		189
985		83		219557		189
986		83		219758		189
987		83		219959		189
988		83		219959		189
989		84		219960		188
990		84		219960		188
991		84		219960		188
992		84		219960		188
993		83		219961		190
994		83		219961		190
995		83		219961		190
996		83		219961		190
997		83		219961		190
998		83		219961		190
999		83		219961		190
