# Migration is number of nodes that have changed color.

Round		Edge-Cut		Swaps		Migrations		Skipped
0		504		248		164
1		448		488		172
2		432		718		188
3		429		955		189
4		395		1184		188
5		348		1412		192
6		314		1635		190
7		304		1864		183
8		327		2086		183
9		289		2311		188
10		309		2543		181
11		289		2766		186
12		283		2992		189
13		260		3222		181
14		267		3435		188
15		236		3650		185
16		246		3866		188
17		272		4086		193
18		265		4303		189
19		286		4522		186
20		282		4748		185
21		285		4966		193
22		300		5195		190
23		277		5422		181
24		274		5644		188
25		298		5872		186
26		281		6102		181
27		290		6330		186
28		283		6552		186
29		267		6776		187
30		264		7000		189
31		259		7219		184
32		213		7436		182
33		219		7658		181
34		215		7882		187
35		207		8097		185
36		209		8316		190
37		204		8529		185
38		208		8739		185
39		209		8949		187
40		204		9168		191
41		190		9390		184
42		184		9600		185
43		187		9817		185
44		184		10022		185
45		176		10233		185
46		190		10443		181
47		189		10658		186
48		188		10867		186
49		184		11077		185
50		181		11286		184
51		189		11492		183
52		183		11696		183
53		189		11914		180
54		173		12122		182
55		184		12322		185
56		166		12537		182
57		163		12741		183
58		164		12949		188
59		163		13165		183
60		161		13391		182
61		160		13607		186
62		157		13812		192
63		161		14027		189
64		154		14242		188
65		152		14454		189
66		152		14664		186
67		148		14874		190
68		146		15084		189
69		142		15294		187
70		135		15497		187
71		142		15713		185
72		142		15928		186
73		140		16133		188
74		141		16338		188
75		142		16542		186
76		142		16750		188
77		142		16955		187
78		140		17169		187
79		140		17362		186
80		139		17566		186
81		140		17790		185
82		140		18000		187
83		140		18200		188
84		136		18413		190
85		134		18624		190
86		126		18833		188
87		128		19040		189
88		114		19249		186
89		117		19460		188
90		117		19658		188
91		114		19860		188
92		113		20075		187
93		113		20277		188
94		113		20481		186
95		113		20680		186
96		113		20885		186
97		113		21094		186
98		113		21307		186
99		113		21516		186
100		113		21703		186
101		113		21909		185
102		114		22110		186
103		107		22319		188
104		107		22526		185
105		107		22725		185
106		107		22922		185
107		105		23127		184
108		105		23331		184
109		105		23534		184
110		105		23534		184
111		103		23535		186
112		103		23535		186
113		103		23535		186
114		103		23535		186
115		103		23535		186
116		103		23535		186
117		103		23535		186
118		103		23535		186
119		103		23535		186
120		99		23536		186
121		99		23536		186
122		99		23536		186
123		99		23536		186
124		99		23536		186
125		99		23536		186
126		99		23536		186
127		99		23536		186
128		99		23536		186
129		99		23536		186
130		97		23537		186
131		97		23537		186
132		97		23537		186
133		97		23537		186
134		97		23537		186
135		97		23537		186
136		97		23537		186
137		97		23537		186
138		97		23537		186
139		97		23537		186
140		97		23537		186
141		97		23537		186
142		97		23537		186
143		97		23537		186
144		97		23537		186
145		97		23537		186
146		97		23537		186
147		97		23537		186
148		97		23537		186
149		97		23537		186
150		97		23537		186
151		97		23537		186
152		97		23537		186
153		97		23537		186
154		97		23537		186
155		97		23537		186
156		97		23537		186
157		97		23537		186
158		97		23537		186
159		97		23537		186
160		97		23537		186
161		97		23537		186
162		97		23537		186
163		97		23537		186
164		97		23537		186
165		97		23537		186
166		97		23537		186
167		97		23537		186
168		97		23537		186
169		97		23537		186
170		97		23537		186
171		97		23537		186
172		97		23537		186
173		97		23537		186
174		97		23537		186
175		97		23537		186
176		97		23537		186
177		97		23537		186
178		97		23537		186
179		97		23537		186
180		97		23537		186
181		97		23537		186
182		97		23537		186
183		97		23537		186
184		97		23537		186
185		97		23537		186
186		97		23537		186
187		97		23537		186
188		97		23537		186
189		97		23537		186
190		97		23537		186
191		97		23537		186
192		97		23537		186
193		97		23537		186
194		97		23537		186
195		97		23537		186
196		97		23537		186
197		97		23537		186
198		97		23537		186
199		97		23537		186
200		97		23537		186
201		97		23537		186
202		97		23537		186
203		97		23537		186
204		97		23537		186
205		97		23537		186
206		97		23537		186
207		97		23537		186
208		97		23537		186
209		97		23537		186
210		97		23537		186
211		97		23537		186
212		97		23537		186
213		97		23537		186
214		97		23537		186
215		97		23537		186
216		97		23537		186
217		97		23537		186
218		97		23537		186
219		97		23537		186
220		97		23537		186
221		97		23537		186
222		97		23537		186
223		97		23537		186
224		97		23537		186
225		97		23537		186
226		97		23537		186
227		97		23537		186
228		97		23537		186
229		97		23537		186
230		97		23537		186
231		97		23537		186
232		97		23537		186
233		97		23537		186
234		97		23537		186
235		97		23537		186
236		97		23537		186
237		97		23537		186
238		97		23537		186
239		97		23537		186
240		97		23537		186
241		97		23537		186
242		97		23537		186
243		97		23537		186
244		97		23537		186
245		97		23537		186
246		97		23537		186
247		97		23537		186
248		97		23537		186
249		97		23537		186
250		97		23537		186
251		97		23537		186
252		97		23537		186
253		97		23537		186
254		97		23537		186
255		97		23537		186
256		97		23537		186
257		97		23537		186
258		97		23537		186
259		97		23537		186
260		97		23537		186
261		97		23537		186
262		97		23537		186
263		97		23537		186
264		97		23537		186
265		97		23537		186
266		97		23537		186
267		97		23537		186
268		97		23537		186
269		97		23537		186
270		97		23537		186
271		97		23537		186
272		97		23537		186
273		97		23537		186
274		97		23537		186
275		97		23537		186
276		97		23537		186
277		97		23537		186
278		97		23537		186
279		97		23537		186
280		97		23537		186
281		97		23537		186
282		97		23537		186
283		97		23537		186
284		97		23537		186
285		97		23537		186
286		97		23537		186
287		97		23537		186
288		97		23537		186
289		97		23537		186
290		97		23537		186
291		97		23537		186
292		97		23537		186
293		97		23537		186
294		97		23537		186
295		97		23537		186
296		97		23537		186
297		97		23537		186
298		97		23537		186
299		97		23537		186
300		97		23537		186
301		97		23537		186
302		97		23537		186
303		97		23537		186
304		97		23537		186
305		97		23537		186
306		97		23537		186
307		97		23537		186
308		97		23537		186
309		97		23537		186
310		97		23537		186
311		97		23537		186
312		97		23537		186
313		97		23537		186
314		97		23537		186
315		97		23537		186
316		97		23537		186
317		97		23537		186
318		97		23537		186
319		97		23537		186
320		97		23537		186
321		97		23537		186
322		97		23537		186
323		97		23537		186
324		97		23537		186
325		97		23537		186
326		97		23537		186
327		97		23537		186
328		97		23537		186
329		97		23537		186
330		97		23537		186
331		97		23537		186
332		97		23537		186
333		97		23537		186
334		97		23537		186
335		97		23537		186
336		97		23537		186
337		97		23537		186
338		97		23537		186
339		97		23537		186
340		97		23537		186
341		97		23537		186
342		97		23537		186
343		97		23537		186
344		97		23537		186
345		97		23537		186
346		97		23537		186
347		97		23537		186
348		97		23537		186
349		97		23537		186
350		97		23537		186
351		97		23537		186
352		97		23537		186
353		97		23537		186
354		97		23537		186
355		97		23537		186
356		97		23537		186
357		97		23537		186
358		97		23537		186
359		97		23537		186
360		97		23537		186
361		97		23537		186
362		97		23537		186
363		97		23537		186
364		97		23537		186
365		97		23537		186
366		97		23537		186
367		97		23537		186
368		97		23537		186
369		97		23537		186
370		97		23537		186
371		97		23537		186
372		97		23537		186
373		97		23537		186
374		97		23537		186
375		97		23537		186
376		97		23537		186
377		97		23537		186
378		97		23537		186
379		97		23537		186
380		97		23537		186
381		97		23537		186
382		97		23537		186
383		97		23537		186
384		97		23537		186
385		97		23537		186
386		97		23537		186
387		97		23537		186
388		97		23537		186
389		97		23537		186
390		97		23537		186
391		97		23537		186
392		97		23537		186
393		97		23537		186
394		97		23537		186
395		97		23537		186
396		97		23537		186
397		97		23537		186
398		97		23537		186
399		97		23537		186
400		97		23537		186
401		97		23537		186
402		97		23537		186
403		97		23537		186
404		97		23537		186
405		97		23537		186
406		97		23537		186
407		97		23537		186
408		97		23537		186
409		97		23537		186
410		97		23537		186
411		97		23537		186
412		97		23537		186
413		97		23537		186
414		97		23537		186
415		97		23537		186
416		97		23537		186
417		97		23537		186
418		97		23537		186
419		97		23537		186
420		97		23537		186
421		97		23537		186
422		97		23537		186
423		97		23537		186
424		97		23537		186
425		97		23537		186
426		97		23537		186
427		97		23537		186
428		97		23537		186
429		97		23537		186
430		97		23537		186
431		97		23537		186
432		97		23537		186
433		97		23537		186
434		97		23537		186
435		97		23537		186
436		97		23537		186
437		97		23537		186
438		97		23537		186
439		97		23537		186
440		97		23537		186
441		97		23537		186
442		97		23537		186
443		97		23537		186
444		97		23537		186
445		97		23537		186
446		97		23537		186
447		97		23537		186
448		97		23537		186
449		97		23537		186
450		97		23537		186
451		97		23537		186
452		97		23537		186
453		97		23537		186
454		97		23537		186
455		97		23537		186
456		97		23537		186
457		97		23537		186
458		97		23537		186
459		97		23537		186
460		97		23537		186
461		97		23537		186
462		97		23537		186
463		97		23537		186
464		97		23537		186
465		97		23537		186
466		97		23537		186
467		97		23537		186
468		97		23537		186
469		97		23537		186
470		97		23537		186
471		97		23537		186
472		97		23537		186
473		97		23537		186
474		97		23537		186
475		97		23537		186
476		97		23537		186
477		97		23537		186
478		97		23537		186
479		97		23537		186
480		97		23537		186
481		97		23537		186
482		97		23537		186
483		97		23537		186
484		97		23537		186
485		97		23537		186
486		97		23537		186
487		97		23537		186
488		97		23537		186
489		97		23537		186
490		97		23537		186
491		97		23537		186
492		97		23537		186
493		97		23537		186
494		97		23537		186
495		97		23537		186
496		97		23537		186
497		97		23537		186
498		97		23537		186
499		97		23537		186
500		97		23537		186
501		97		23537		186
502		97		23537		186
503		97		23537		186
504		97		23537		186
505		97		23537		186
506		97		23537		186
507		97		23537		186
508		97		23537		186
509		97		23537		186
510		97		23537		186
511		97		23537		186
512		97		23537		186
513		97		23537		186
514		97		23537		186
515		97		23537		186
516		97		23537		186
517		97		23537		186
518		97		23537		186
519		97		23537		186
520		97		23537		186
521		97		23537		186
522		97		23537		186
523		97		23537		186
524		97		23537		186
525		97		23537		186
526		97		23537		186
527		97		23537		186
528		97		23537		186
529		97		23537		186
530		97		23537		186
531		97		23537		186
532		97		23537		186
533		97		23537		186
534		97		23537		186
535		97		23537		186
536		97		23537		186
537		97		23537		186
538		97		23537		186
539		97		23537		186
540		97		23537		186
541		97		23537		186
542		97		23537		186
543		97		23537		186
544		97		23537		186
545		97		23537		186
546		97		23537		186
547		97		23537		186
548		97		23537		186
549		97		23537		186
550		97		23537		186
551		97		23537		186
552		97		23537		186
553		97		23537		186
554		97		23537		186
555		97		23537		186
556		97		23537		186
557		97		23537		186
558		97		23537		186
559		97		23537		186
560		97		23537		186
561		97		23537		186
562		97		23537		186
563		97		23537		186
564		97		23537		186
565		97		23537		186
566		97		23537		186
567		97		23537		186
568		97		23537		186
569		97		23537		186
570		97		23537		186
571		97		23537		186
572		97		23537		186
573		97		23537		186
574		97		23537		186
575		97		23537		186
576		97		23537		186
577		97		23537		186
578		97		23537		186
579		97		23537		186
580		97		23537		186
581		97		23537		186
582		97		23537		186
583		97		23537		186
584		97		23537		186
585		97		23537		186
586		97		23537		186
587		97		23537		186
588		97		23537		186
589		97		23537		186
590		97		23537		186
591		97		23537		186
592		97		23537		186
593		97		23537		186
594		97		23537		186
595		97		23537		186
596		97		23537		186
597		97		23537		186
598		97		23537		186
599		97		23537		186
600		97		23537		186
601		97		23537		186
602		97		23537		186
603		97		23537		186
604		97		23537		186
605		97		23537		186
606		97		23537		186
607		97		23537		186
608		97		23537		186
609		97		23537		186
610		97		23537		186
611		97		23537		186
612		97		23537		186
613		97		23537		186
614		97		23537		186
615		97		23537		186
616		97		23537		186
617		97		23537		186
618		97		23537		186
619		97		23537		186
620		97		23537		186
621		97		23537		186
622		97		23537		186
623		97		23537		186
624		97		23537		186
625		97		23537		186
626		97		23537		186
627		97		23537		186
628		97		23537		186
629		97		23537		186
630		97		23537		186
631		97		23537		186
632		97		23537		186
633		97		23537		186
634		97		23537		186
635		97		23537		186
636		97		23537		186
637		97		23537		186
638		97		23537		186
639		97		23537		186
640		97		23537		186
641		97		23537		186
642		97		23537		186
643		97		23537		186
644		97		23537		186
645		97		23537		186
646		97		23537		186
647		97		23537		186
648		97		23537		186
649		97		23537		186
650		97		23537		186
651		97		23537		186
652		97		23537		186
653		97		23537		186
654		97		23537		186
655		97		23537		186
656		97		23537		186
657		97		23537		186
658		97		23537		186
659		97		23537		186
660		97		23537		186
661		97		23537		186
662		97		23537		186
663		97		23537		186
664		97		23537		186
665		97		23537		186
666		97		23537		186
667		97		23537		186
668		97		23537		186
669		97		23537		186
670		97		23537		186
671		97		23537		186
672		97		23537		186
673		97		23537		186
674		97		23537		186
675		97		23537		186
676		97		23537		186
677		97		23537		186
678		97		23537		186
679		97		23537		186
680		97		23537		186
681		97		23537		186
682		97		23537		186
683		97		23537		186
684		97		23537		186
685		97		23537		186
686		97		23537		186
687		97		23537		186
688		97		23537		186
689		97		23537		186
690		97		23537		186
691		97		23537		186
692		97		23537		186
693		97		23537		186
694		97		23537		186
695		97		23537		186
696		97		23537		186
697		97		23537		186
698		97		23537		186
699		97		23537		186
700		97		23537		186
701		97		23537		186
702		97		23537		186
703		97		23537		186
704		97		23537		186
705		97		23537		186
706		97		23537		186
707		97		23537		186
708		97		23537		186
709		97		23537		186
710		97		23537		186
711		97		23537		186
712		97		23537		186
713		97		23537		186
714		97		23537		186
715		97		23537		186
716		97		23537		186
717		97		23537		186
718		97		23537		186
719		97		23537		186
720		97		23537		186
721		97		23537		186
722		97		23537		186
723		97		23537		186
724		97		23537		186
725		97		23537		186
726		97		23537		186
727		97		23537		186
728		97		23537		186
729		97		23537		186
730		97		23537		186
731		97		23537		186
732		97		23537		186
733		97		23537		186
734		97		23537		186
735		97		23537		186
736		97		23537		186
737		97		23537		186
738		97		23537		186
739		97		23537		186
740		97		23537		186
741		97		23537		186
742		97		23537		186
743		97		23537		186
744		97		23537		186
745		97		23537		186
746		97		23537		186
747		97		23537		186
748		97		23537		186
749		97		23537		186
750		97		23537		186
751		97		23537		186
752		97		23537		186
753		97		23537		186
754		97		23537		186
755		97		23537		186
756		97		23537		186
757		97		23537		186
758		97		23537		186
759		97		23537		186
760		97		23537		186
761		97		23537		186
762		97		23537		186
763		97		23537		186
764		97		23537		186
765		97		23537		186
766		97		23537		186
767		97		23537		186
768		97		23537		186
769		97		23537		186
770		97		23537		186
771		97		23537		186
772		97		23537		186
773		97		23537		186
774		97		23537		186
775		97		23537		186
776		97		23537		186
777		97		23537		186
778		97		23537		186
779		97		23537		186
780		97		23537		186
781		97		23537		186
782		97		23537		186
783		97		23537		186
784		97		23537		186
785		97		23537		186
786		97		23537		186
787		97		23537		186
788		97		23537		186
789		97		23537		186
790		97		23537		186
791		97		23537		186
792		97		23537		186
793		97		23537		186
794		97		23537		186
795		97		23537		186
796		97		23537		186
797		97		23537		186
798		97		23537		186
799		97		23537		186
800		97		23537		186
801		97		23537		186
802		97		23537		186
803		97		23537		186
804		97		23537		186
805		97		23537		186
806		97		23537		186
807		97		23537		186
808		97		23537		186
809		97		23537		186
810		97		23537		186
811		97		23537		186
812		97		23537		186
813		97		23537		186
814		97		23537		186
815		97		23537		186
816		97		23537		186
817		97		23537		186
818		97		23537		186
819		97		23537		186
820		97		23537		186
821		97		23537		186
822		97		23537		186
823		97		23537		186
824		97		23537		186
825		97		23537		186
826		97		23537		186
827		97		23537		186
828		97		23537		186
829		97		23537		186
830		97		23537		186
831		97		23537		186
832		97		23537		186
833		97		23537		186
834		97		23537		186
835		97		23537		186
836		97		23537		186
837		97		23537		186
838		97		23537		186
839		97		23537		186
840		97		23537		186
841		97		23537		186
842		97		23537		186
843		97		23537		186
844		97		23537		186
845		97		23537		186
846		97		23537		186
847		97		23537		186
848		97		23537		186
849		97		23537		186
850		97		23537		186
851		97		23537		186
852		97		23537		186
853		97		23537		186
854		97		23537		186
855		97		23537		186
856		97		23537		186
857		97		23537		186
858		97		23537		186
859		97		23537		186
860		97		23537		186
861		97		23537		186
862		97		23537		186
863		97		23537		186
864		97		23537		186
865		97		23537		186
866		97		23537		186
867		97		23537		186
868		97		23537		186
869		97		23537		186
870		97		23537		186
871		97		23537		186
872		97		23537		186
873		97		23537		186
874		97		23537		186
875		97		23537		186
876		97		23537		186
877		97		23537		186
878		97		23537		186
879		97		23537		186
880		97		23537		186
881		97		23537		186
882		97		23537		186
883		97		23537		186
884		97		23537		186
885		97		23537		186
886		97		23537		186
887		97		23537		186
888		97		23537		186
889		97		23537		186
890		97		23537		186
891		97		23537		186
892		97		23537		186
893		97		23537		186
894		97		23537		186
895		97		23537		186
896		97		23537		186
897		97		23537		186
898		97		23537		186
899		97		23537		186
900		97		23537		186
901		97		23537		186
902		97		23537		186
903		97		23537		186
904		97		23537		186
905		97		23537		186
906		97		23537		186
907		97		23537		186
908		97		23537		186
909		97		23537		186
910		97		23537		186
911		97		23537		186
912		97		23537		186
913		97		23537		186
914		97		23537		186
915		97		23537		186
916		97		23537		186
917		97		23537		186
918		97		23537		186
919		97		23537		186
920		97		23537		186
921		97		23537		186
922		97		23537		186
923		97		23537		186
924		97		23537		186
925		97		23537		186
926		97		23537		186
927		97		23537		186
928		97		23537		186
929		97		23537		186
930		97		23537		186
931		97		23537		186
932		97		23537		186
933		97		23537		186
934		97		23537		186
935		97		23537		186
936		97		23537		186
937		97		23537		186
938		97		23537		186
939		97		23537		186
940		97		23537		186
941		97		23537		186
942		97		23537		186
943		97		23537		186
944		97		23537		186
945		97		23537		186
946		97		23537		186
947		97		23537		186
948		97		23537		186
949		97		23537		186
950		97		23537		186
951		97		23537		186
952		97		23537		186
953		97		23537		186
954		97		23537		186
955		97		23537		186
956		97		23537		186
957		97		23537		186
958		97		23537		186
959		97		23537		186
960		97		23537		186
961		97		23537		186
962		97		23537		186
963		97		23537		186
964		97		23537		186
965		97		23537		186
966		97		23537		186
967		97		23537		186
968		97		23537		186
969		97		23537		186
970		97		23537		186
971		97		23537		186
972		97		23537		186
973		97		23537		186
974		97		23537		186
975		97		23537		186
976		97		23537		186
977		97		23537		186
978		97		23537		186
979		97		23537		186
980		97		23537		186
981		97		23537		186
982		97		23537		186
983		97		23537		186
984		97		23537		186
985		97		23537		186
986		97		23537		186
987		97		23537		186
988		97		23537		186
989		97		23537		186
990		97		23537		186
991		97		23537		186
992		97		23537		186
993		97		23537		186
994		97		23537		186
995		97		23537		186
996		97		23537		186
997		97		23537		186
998		97		23537		186
999		97		23537		186
