# Migration is number of nodes that have changed color.

Round		Edge-Cut		Swaps		Migrations		Skipped
0		489		248		172
1		457		490		181
2		448		729		178
3		454		966		176
4		440		1209		192
5		423		1447		196
6		417		1691		188
7		410		1928		189
8		413		2173		199
9		430		2409		194
10		450		2648		181
11		466		2885		186
12		409		3126		188
13		446		3369		193
14		370		3608		184
15		406		3840		183
16		408		4076		189
17		408		4311		189
18		417		4547		195
19		377		4786		182
20		369		5027		186
21		364		5253		189
22		377		5492		191
23		362		5730		185
24		383		5962		177
25		422		6206		177
26		393		6443		184
27		393		6683		182
28		380		6919		186
29		379		7158		190
30		407		7390		187
31		417		7624		189
32		403		7863		187
33		438		8097		195
34		406		8338		194
35		395		8580		191
36		346		8814		189
37		352		9054		187
38		370		9287		189
39		364		9526		190
40		379		9764		204
41		365		9996		189
42		390		10232		191
43		411		10467		186
44		428		10709		190
45		441		10944		177
46		443		11182		182
47		439		11420		179
48		450		11662		181
49		428		11903		192
50		365		12142		187
51		379		12372		187
52		382		12612		183
53		364		12842		192
54		379		13085		179
55		363		13320		184
56		399		13552		182
57		388		13791		193
58		442		14035		192
59		412		14278		195
60		345		14512		191
61		376		14750		185
62		412		14991		195
63		443		15233		183
64		422		15472		187
65		389		15709		190
66		387		15948		183
67		382		16187		185
68		354		16415		189
69		352		16650		185
70		391		16885		189
71		390		17120		193
72		330		17356		189
73		285		17584		188
74		328		17811		181
75		348		18042		187
76		340		18265		188
77		379		18503		189
78		410		18744		187
79		379		18968		189
80		336		19202		186
81		341		19439		180
82		331		19671		183
83		316		19893		190
84		341		20120		187
85		355		20362		189
86		366		20596		184
87		371		20831		184
88		417		21065		181
89		394		21300		187
90		455		21538		190
91		365		21774		185
92		386		22005		176
93		346		22238		177
94		340		22469		189
95		398		22703		184
96		388		22937		180
97		375		23179		185
98		362		23413		187
99		353		23651		190
100		317		23882		185
101		351		24113		188
102		388		24348		180
103		382		24585		186
104		379		24820		181
105		375		25055		177
106		401		25294		182
107		403		25528		178
108		434		25769		179
109		466		26011		184
110		358		26243		191
111		391		26481		192
112		400		26718		185
113		387		26953		185
114		377		27177		188
115		378		27413		184
116		402		27648		192
117		366		27881		179
118		351		28118		185
119		321		28351		187
120		314		28574		188
121		298		28798		191
122		359		29030		185
123		334		29261		187
124		323		29491		184
125		304		29723		187
126		339		29951		192
127		356		30187		183
128		340		30419		181
129		357		30650		188
130		316		30880		189
131		332		31108		191
132		307		31343		185
133		329		31568		179
134		353		31800		185
135		356		32031		190
136		405		32265		188
137		408		32499		186
138		374		32741		190
139		419		32982		179
140		436		33225		190
141		400		33462		186
142		375		33696		193
143		354		33918		190
144		384		34149		184
145		328		34376		186
146		341		34614		187
147		323		34843		187
148		342		35074		190
149		329		35306		191
150		309		35533		186
151		320		35767		191
152		294		35995		190
153		323		36226		188
154		387		36456		197
155		351		36684		196
156		314		36910		193
157		334		37135		190
158		323		37362		186
159		336		37591		178
160		288		37819		183
161		277		38048		186
162		270		38270		188
163		280		38496		185
164		287		38722		186
165		296		38948		187
166		296		39174		182
167		261		39397		185
168		259		39623		185
169		308		39840		184
170		326		40065		188
171		324		40296		189
172		318		40528		187
173		351		40761		187
174		361		40989		183
175		329		41222		187
176		343		41450		191
177		347		41685		182
178		314		41921		187
179		331		42149		188
180		320		42378		180
181		330		42614		187
182		367		42849		188
183		376		43083		187
184		357		43320		183
185		317		43542		186
186		289		43757		190
187		307		43986		185
188		313		44208		185
189		289		44434		186
190		266		44656		191
191		259		44879		187
192		223		45094		186
193		228		45318		189
194		206		45529		191
195		215		45758		189
196		246		45978		192
197		230		46199		194
198		223		46421		189
199		225		46644		185
200		207		46862		183
201		197		47084		183
202		227		47306		184
203		230		47525		192
204		229		47744		189
205		265		47968		187
206		263		48192		188
207		279		48414		189
208		284		48646		189
209		252		48860		191
210		256		49093		197
211		280		49322		189
212		281		49552		186
213		315		49780		193
214		322		50017		183
215		255		50234		187
216		256		50457		186
217		244		50683		189
218		247		50911		188
219		288		51133		188
220		271		51357		184
221		287		51582		186
222		276		51806		186
223		280		52034		190
224		253		52256		191
225		261		52474		189
226		240		52698		188
227		221		52918		183
228		201		53124		185
229		224		53347		182
230		242		53563		188
231		201		53780		187
232		215		54000		183
233		254		54224		188
234		234		54441		194
235		232		54662		190
236		228		54877		186
237		230		55094		186
238		219		55307		188
239		255		55536		189
240		240		55755		189
241		250		55980		192
242		258		56198		188
243		259		56417		186
244		215		56644		185
245		225		56864		183
246		228		57093		185
247		229		57317		183
248		268		57544		186
249		303		57769		187
250		286		58001		182
251		284		58229		186
252		281		58455		189
253		265		58687		183
254		244		58922		177
255		250		59144		178
256		264		59367		186
257		269		59588		190
258		266		59816		181
259		277		60044		180
260		294		60273		181
261		300		60494		188
262		281		60719		189
263		281		60940		186
264		257		61170		184
265		255		61391		189
266		249		61612		184
267		266		61827		188
268		269		62048		186
269		256		62269		189
270		312		62490		182
271		301		62717		188
272		290		62940		193
273		314		63173		193
274		322		63399		194
275		260		63622		191
276		265		63836		193
277		256		64068		191
278		249		64295		190
279		244		64510		189
280		275		64724		189
281		246		64947		187
282		237		65169		190
283		240		65383		193
284		217		65605		188
285		276		65824		189
286		249		66052		188
287		225		66270		192
288		213		66488		192
289		210		66705		186
290		214		66930		191
291		188		67154		189
292		225		67383		187
293		227		67601		189
294		222		67812		186
295		231		68029		192
296		221		68252		187
297		218		68465		186
298		213		68688		181
299		228		68908		184
300		244		69126		187
301		235		69353		188
302		230		69575		192
303		231		69792		186
304		224		70009		185
305		216		70228		184
306		238		70447		189
307		220		70665		185
308		235		70890		188
309		243		71113		188
310		211		71324		183
311		205		71541		187
312		216		71758		189
313		215		71976		186
314		218		72188		183
315		199		72408		180
316		176		72628		186
317		215		72852		179
318		223		73073		183
319		232		73292		187
320		231		73518		188
321		233		73739		189
322		225		73955		188
323		222		74165		184
324		236		74387		183
325		228		74593		183
326		232		74815		183
327		250		75031		178
328		241		75262		185
329		229		75487		191
330		220		75701		190
331		254		75929		192
332		214		76148		186
333		216		76363		186
334		225		76578		188
335		223		76793		188
336		200		77007		185
337		209		77223		186
338		226		77447		188
339		222		77664		182
340		224		77887		181
341		216		78110		185
342		214		78328		188
343		210		78546		186
344		215		78761		186
345		215		78967		183
346		215		79177		181
347		187		79392		184
348		163		79602		184
349		166		79823		185
350		147		80035		186
351		163		80255		187
352		195		80470		185
353		208		80687		185
354		224		80897		186
355		221		81122		183
356		210		81338		186
357		190		81550		188
358		177		81767		186
359		174		81977		187
360		186		82190		188
361		183		82401		186
362		170		82619		184
363		187		82828		186
364		169		83036		189
365		180		83241		186
366		215		83456		191
367		194		83677		184
368		199		83887		189
369		200		84108		185
370		203		84322		189
371		198		84540		186
372		191		84754		187
373		198		84979		182
374		206		85190		186
375		200		85399		186
376		212		85606		191
377		197		85823		190
378		207		86037		184
379		204		86249		185
380		203		86466		191
381		214		86681		191
382		226		86896		190
383		228		87110		196
384		230		87333		192
385		219		87554		191
386		191		87775		182
387		209		88002		179
388		229		88213		190
389		220		88429		191
390		204		88643		190
391		217		88852		192
392		220		89058		191
393		202		89275		191
394		196		89491		189
395		178		89718		188
396		209		89926		188
397		221		90142		188
398		212		90355		189
399		208		90576		192
400		193		90788		190
401		185		90995		187
402		168		91205		182
403		146		91418		184
404		153		91630		189
405		161		91845		189
406		175		92061		186
407		171		92270		188
408		172		92488		186
409		161		92684		183
410		166		92900		186
411		169		93108		185
412		158		93318		183
413		137		93527		183
414		136		93742		182
415		134		93947		180
416		138		94157		181
417		137		94364		186
418		149		94580		183
419		157		94781		187
420		165		94996		189
421		165		95210		187
422		168		95413		189
423		171		95617		190
424		167		95836		189
425		173		96055		187
426		159		96267		187
427		153		96473		187
428		150		96681		191
429		134		96887		189
430		125		97105		189
431		139		97314		188
432		132		97518		187
433		138		97730		187
434		143		97939		185
435		148		98153		190
436		125		98355		185
437		140		98560		188
438		131		98777		187
439		113		98987		188
440		114		99184		189
441		118		99392		189
442		124		99608		189
443		128		99819		189
444		132		100032		187
445		126		100243		188
446		127		100443		186
447		116		100644		188
448		113		100860		186
449		114		101059		184
450		110		101271		186
451		108		101482		183
452		111		101692		184
453		110		101904		185
454		109		102114		185
455		109		102316		186
456		105		102514		185
457		108		102731		186
458		119		102931		189
459		122		103145		188
460		104		103354		188
461		97		103557		187
462		102		103763		188
463		109		103959		187
464		108		104154		185
465		109		104363		186
466		109		104577		187
467		113		104785		188
468		112		104997		186
469		115		105210		186
470		120		105419		189
471		123		105628		187
472		131		105838		186
473		130		106038		185
474		125		106244		185
475		128		106457		184
476		120		106669		184
477		118		106880		188
478		114		107078		189
479		116		107287		189
480		122		107488		190
481		118		107699		187
482		126		107913		190
483		129		108127		190
484		126		108336		188
485		120		108547		187
486		123		108762		189
487		123		108980		189
488		123		109192		186
489		118		109401		186
490		127		109607		189
491		128		109816		192
492		124		110022		191
493		113		110232		190
494		115		110440		189
495		103		110640		187
496		101		110855		188
497		105		111065		187
498		109		111276		189
499		109		111479		189
500		107		111696		187
501		105		111912		190
502		109		112130		190
503		110		112332		190
504		110		112536		190
505		111		112751		188
506		111		112963		190
507		110		113167		189
508		110		113362		189
509		113		113563		188
510		109		113773		188
511		109		113981		189
512		107		114203		187
513		106		114412		188
514		100		114621		186
515		101		114825		186
516		101		115028		186
517		101		115229		186
518		102		115430		187
519		102		115638		187
520		103		115840		188
521		102		116044		189
522		94		116249		187
523		94		116449		187
524		94		116653		187
525		94		116854		187
526		97		117060		185
527		97		117272		185
528		97		117468		185
529		97		117670		185
530		98		117865		185
531		98		118074		185
532		98		118286		185
533		98		118492		185
534		98		118705		185
535		100		118903		186
536		99		119116		186
537		99		119325		186
538		99		119536		186
539		101		119749		185
540		101		119942		184
541		101		120146		184
542		100		120356		186
543		100		120564		186
544		100		120775		186
545		100		120976		186
546		100		121188		186
547		100		121399		186
548		94		121607		187
549		94		121823		187
550		94		122025		187
551		94		122228		187
552		94		122432		187
553		93		122637		186
554		93		122838		186
555		94		123041		186
556		89		123242		187
557		90		123446		185
558		90		123446		185
559		90		123446		185
560		90		123446		185
561		90		123446		185
562		90		123446		185
563		89		123447		185
564		89		123447		185
565		89		123447		185
566		89		123447		185
567		85		123448		186
568		85		123448		186
569		85		123448		186
570		85		123448		186
571		85		123448		186
572		85		123448		186
573		85		123448		186
574		85		123448		186
575		85		123448		186
576		85		123448		186
577		85		123448		186
578		85		123448		186
579		85		123448		186
580		85		123448		186
581		85		123448		186
582		85		123448		186
583		85		123448		186
584		85		123448		186
585		85		123448		186
586		85		123448		186
587		85		123448		186
588		85		123448		186
589		85		123448		186
590		85		123448		186
591		85		123448		186
592		85		123448		186
593		85		123448		186
594		85		123448		186
595		85		123448		186
596		85		123448		186
597		85		123448		186
598		85		123448		186
599		85		123448		186
600		85		123448		186
601		85		123448		186
602		85		123448		186
603		85		123448		186
604		85		123448		186
605		85		123448		186
606		85		123448		186
607		85		123448		186
608		85		123448		186
609		85		123448		186
610		85		123448		186
611		85		123448		186
612		85		123448		186
613		85		123448		186
614		85		123448		186
615		85		123448		186
616		85		123448		186
617		85		123448		186
618		85		123448		186
619		85		123448		186
620		85		123448		186
621		85		123448		186
622		85		123448		186
623		85		123448		186
624		85		123448		186
625		85		123448		186
626		85		123448		186
627		85		123448		186
628		85		123448		186
629		85		123448		186
630		85		123448		186
631		85		123448		186
632		85		123448		186
633		85		123448		186
634		85		123448		186
635		85		123448		186
636		85		123448		186
637		85		123448		186
638		85		123448		186
639		85		123448		186
640		85		123448		186
641		85		123448		186
642		85		123448		186
643		85		123448		186
644		85		123448		186
645		85		123448		186
646		85		123448		186
647		85		123448		186
648		85		123448		186
649		85		123448		186
650		85		123448		186
651		85		123448		186
652		85		123448		186
653		85		123448		186
654		85		123448		186
655		85		123448		186
656		85		123448		186
657		85		123448		186
658		85		123448		186
659		85		123448		186
660		85		123448		186
661		85		123448		186
662		85		123448		186
663		85		123448		186
664		85		123448		186
665		85		123448		186
666		85		123448		186
667		85		123448		186
668		85		123448		186
669		85		123448		186
670		85		123448		186
671		85		123448		186
672		85		123448		186
673		85		123448		186
674		85		123448		186
675		85		123448		186
676		85		123448		186
677		85		123448		186
678		85		123448		186
679		85		123448		186
680		85		123448		186
681		85		123448		186
682		85		123448		186
683		85		123448		186
684		85		123448		186
685		85		123448		186
686		85		123448		186
687		85		123448		186
688		85		123448		186
689		85		123448		186
690		85		123448		186
691		85		123448		186
692		85		123448		186
693		85		123448		186
694		85		123448		186
695		85		123448		186
696		85		123448		186
697		85		123448		186
698		85		123448		186
699		85		123448		186
700		85		123448		186
701		85		123448		186
702		85		123448		186
703		85		123448		186
704		85		123448		186
705		85		123448		186
706		85		123448		186
707		85		123448		186
708		85		123448		186
709		85		123448		186
710		85		123448		186
711		85		123448		186
712		85		123448		186
713		85		123448		186
714		85		123448		186
715		85		123448		186
716		85		123448		186
717		85		123448		186
718		85		123448		186
719		85		123448		186
720		85		123448		186
721		85		123448		186
722		85		123448		186
723		85		123448		186
724		85		123448		186
725		85		123448		186
726		85		123448		186
727		85		123448		186
728		85		123448		186
729		85		123448		186
730		85		123448		186
731		85		123448		186
732		85		123448		186
733		85		123448		186
734		85		123448		186
735		85		123448		186
736		85		123448		186
737		85		123448		186
738		85		123448		186
739		85		123448		186
740		85		123448		186
741		85		123448		186
742		85		123448		186
743		85		123448		186
744		85		123448		186
745		85		123448		186
746		85		123448		186
747		85		123448		186
748		85		123448		186
749		85		123448		186
750		85		123448		186
751		85		123448		186
752		85		123448		186
753		85		123448		186
754		85		123448		186
755		85		123448		186
756		85		123448		186
757		85		123448		186
758		85		123448		186
759		85		123448		186
760		85		123448		186
761		85		123448		186
762		85		123448		186
763		85		123448		186
764		85		123448		186
765		85		123448		186
766		85		123448		186
767		85		123448		186
768		85		123448		186
769		85		123448		186
770		85		123448		186
771		85		123448		186
772		85		123448		186
773		85		123448		186
774		85		123448		186
775		85		123448		186
776		85		123448		186
777		85		123448		186
778		85		123448		186
779		85		123448		186
780		85		123448		186
781		85		123448		186
782		85		123448		186
783		85		123448		186
784		85		123448		186
785		85		123448		186
786		85		123448		186
787		85		123448		186
788		85		123448		186
789		85		123448		186
790		85		123448		186
791		85		123448		186
792		85		123448		186
793		85		123448		186
794		85		123448		186
795		85		123448		186
796		85		123448		186
797		85		123448		186
798		85		123448		186
799		85		123448		186
800		85		123448		186
801		85		123448		186
802		85		123448		186
803		85		123448		186
804		85		123448		186
805		85		123448		186
806		85		123448		186
807		85		123448		186
808		85		123448		186
809		85		123448		186
810		85		123448		186
811		85		123448		186
812		85		123448		186
813		85		123448		186
814		85		123448		186
815		85		123448		186
816		85		123448		186
817		85		123448		186
818		85		123448		186
819		85		123448		186
820		85		123448		186
821		85		123448		186
822		85		123448		186
823		85		123448		186
824		85		123448		186
825		85		123448		186
826		85		123448		186
827		85		123448		186
828		85		123448		186
829		85		123448		186
830		85		123448		186
831		85		123448		186
832		85		123448		186
833		85		123448		186
834		85		123448		186
835		85		123448		186
836		85		123448		186
837		85		123448		186
838		85		123448		186
839		85		123448		186
840		85		123448		186
841		85		123448		186
842		85		123448		186
843		85		123448		186
844		85		123448		186
845		85		123448		186
846		85		123448		186
847		85		123448		186
848		85		123448		186
849		85		123448		186
850		85		123448		186
851		85		123448		186
852		85		123448		186
853		85		123448		186
854		85		123448		186
855		85		123448		186
856		85		123448		186
857		85		123448		186
858		85		123448		186
859		85		123448		186
860		85		123448		186
861		85		123448		186
862		85		123448		186
863		85		123448		186
864		85		123448		186
865		85		123448		186
866		85		123448		186
867		85		123448		186
868		85		123448		186
869		85		123448		186
870		85		123448		186
871		85		123448		186
872		85		123448		186
873		85		123448		186
874		85		123448		186
875		85		123448		186
876		85		123448		186
877		85		123448		186
878		85		123448		186
879		85		123448		186
880		85		123448		186
881		85		123448		186
882		85		123448		186
883		85		123448		186
884		85		123448		186
885		85		123448		186
886		85		123448		186
887		85		123448		186
888		85		123448		186
889		85		123448		186
890		85		123448		186
891		85		123448		186
892		85		123448		186
893		85		123448		186
894		85		123448		186
895		85		123448		186
896		85		123448		186
897		85		123448		186
898		85		123448		186
899		85		123448		186
900		85		123448		186
901		85		123448		186
902		85		123448		186
903		85		123448		186
904		85		123448		186
905		85		123448		186
906		85		123448		186
907		85		123448		186
908		85		123448		186
909		85		123448		186
910		85		123448		186
911		85		123448		186
912		85		123448		186
913		85		123448		186
914		85		123448		186
915		85		123448		186
916		85		123448		186
917		85		123448		186
918		85		123448		186
919		85		123448		186
920		85		123448		186
921		85		123448		186
922		85		123448		186
923		85		123448		186
924		85		123448		186
925		85		123448		186
926		85		123448		186
927		85		123448		186
928		85		123448		186
929		85		123448		186
930		85		123448		186
931		85		123448		186
932		85		123448		186
933		85		123448		186
934		85		123448		186
935		85		123448		186
936		85		123448		186
937		85		123448		186
938		85		123448		186
939		85		123448		186
940		85		123448		186
941		85		123448		186
942		85		123448		186
943		85		123448		186
944		85		123448		186
945		85		123448		186
946		85		123448		186
947		85		123448		186
948		85		123448		186
949		85		123448		186
950		85		123448		186
951		85		123448		186
952		85		123448		186
953		85		123448		186
954		85		123448		186
955		85		123448		186
956		85		123448		186
957		85		123448		186
958		85		123448		186
959		85		123448		186
960		85		123448		186
961		85		123448		186
962		85		123448		186
963		85		123448		186
964		85		123448		186
965		85		123448		186
966		85		123448		186
967		85		123448		186
968		85		123448		186
969		85		123448		186
970		85		123448		186
971		85		123448		186
972		85		123448		186
973		85		123448		186
974		85		123448		186
975		85		123448		186
976		85		123448		186
977		85		123448		186
978		85		123448		186
979		85		123448		186
980		85		123448		186
981		85		123448		186
982		85		123448		186
983		85		123448		186
984		85		123448		186
985		85		123448		186
986		85		123448		186
987		85		123448		186
988		85		123448		186
989		85		123448		186
990		85		123448		186
991		85		123448		186
992		85		123448		186
993		85		123448		186
994		85		123448		186
995		85		123448		186
996		85		123448		186
997		85		123448		186
998		85		123448		186
999		85		123448		186
