# Migration is number of nodes that have changed color.

Round		Edge-Cut		Swaps		Migrations		Skipped
0		489		248		172
1		457		490		181
2		448		729		178
3		454		966		176
4		440		1209		192
5		423		1447		196
6		417		1691		188
7		410		1928		189
8		413		2173		199
9		430		2409		194
10		450		2648		181
11		460		2886		183
12		423		3127		187
13		460		3372		185
14		407		3614		196
15		404		3849		187
16		396		4089		186
17		392		4328		185
18		402		4572		197
19		382		4810		192
20		376		5052		188
21		389		5285		186
22		416		5523		188
23		419		5768		188
24		415		6007		188
25		432		6248		186
26		409		6489		180
27		435		6730		184
28		437		6971		194
29		400		7209		182
30		421		7446		188
31		419		7689		182
32		419		7931		191
33		418		8167		182
34		371		8405		184
35		369		8642		187
36		370		8880		190
37		387		9116		189
38		410		9350		193
39		386		9589		182
40		378		9825		177
41		371		10059		184
42		391		10297		189
43		395		10531		184
44		391		10768		178
45		409		11003		179
46		429		11239		191
47		402		11486		191
48		411		11720		183
49		438		11961		185
50		431		12200		187
51		398		12439		183
52		425		12673		185
53		368		12912		185
54		393		13147		187
55		384		13385		181
56		366		13626		185
57		383		13867		183
58		415		14097		197
59		364		14336		188
60		343		14572		191
61		404		14810		186
62		380		15044		192
63		365		15283		188
64		351		15521		184
65		363		15752		186
66		407		15993		186
67		395		16227		192
68		428		16461		189
69		398		16696		188
70		414		16925		189
71		396		17165		189
72		383		17403		180
73		379		17638		187
74		426		17876		191
75		408		18115		187
76		457		18355		190
77		475		18598		186
78		399		18839		184
79		322		19077		190
80		359		19309		186
81		363		19546		185
82		317		19780		190
83		358		20010		186
84		380		20247		185
85		394		20478		193
86		347		20714		193
87		379		20947		189
88		380		21185		182
89		412		21421		182
90		436		21658		183
91		400		21897		181
92		454		22141		191
93		418		22385		183
94		408		22629		194
95		399		22862		186
96		420		23104		183
97		372		23346		183
98		387		23586		183
99		409		23821		179
100		381		24051		178
101		348		24282		185
102		406		24511		186
103		388		24749		184
104		399		24985		187
105		396		25226		187
106		420		25463		181
107		385		25707		182
108		345		25945		190
109		360		26183		189
110		377		26426		193
111		368		26660		188
112		365		26893		192
113		385		27127		187
114		395		27366		191
115		446		27604		189
116		408		27843		191
117		387		28081		192
118		334		28315		191
119		333		28551		187
120		388		28774		182
121		337		29007		183
122		382		29248		183
123		340		29474		186
124		362		29711		188
125		390		29946		186
126		351		30181		193
127		311		30419		190
128		315		30648		191
129		356		30880		190
130		379		31110		187
131		360		31351		184
132		350		31578		196
133		386		31817		196
134		401		32053		187
135		383		32290		190
136		361		32526		186
137		334		32757		190
138		325		32993		190
139		318		33225		189
140		312		33456		182
141		322		33691		195
142		304		33927		191
143		345		34163		191
144		303		34392		191
145		347		34624		185
146		401		34853		187
147		410		35093		188
148		439		35331		193
149		404		35569		188
150		378		35806		187
151		330		36047		184
152		331		36278		186
153		345		36512		180
154		354		36742		189
155		395		36975		189
156		372		37213		179
157		343		37435		185
158		391		37663		189
159		398		37905		184
160		375		38135		187
161		379		38373		189
162		351		38606		198
163		314		38837		188
164		370		39072		192
165		343		39307		186
166		332		39534		188
167		368		39764		185
168		375		39995		186
169		390		40238		188
170		399		40475		194
171		407		40707		188
172		369		40949		180
173		355		41182		185
174		379		41414		182
175		313		41651		181
176		319		41884		194
177		266		42112		188
178		313		42340		192
179		324		42570		186
180		298		42797		185
181		281		43024		191
182		289		43254		189
183		294		43486		189
184		298		43718		188
185		324		43945		188
186		313		44169		183
187		266		44400		185
188		267		44625		187
189		241		44852		194
190		274		45073		189
191		309		45301		193
192		331		45531		187
193		321		45764		185
194		350		45994		192
195		323		46228		190
196		301		46458		187
197		282		46690		187
198		305		46920		187
199		287		47147		192
200		282		47377		193
201		277		47600		190
202		315		47825		194
203		336		48049		190
204		325		48285		194
205		351		48516		190
206		348		48746		192
207		326		48984		192
208		321		49208		191
209		347		49435		188
210		343		49667		183
211		346		49902		184
212		357		50130		189
213		354		50366		193
214		333		50602		191
215		340		50837		188
216		327		51075		186
217		313		51305		190
218		332		51537		185
219		326		51766		180
220		336		51995		188
221		355		52232		186
222		313		52464		190
223		361		52697		193
224		363		52932		184
225		327		53163		182
226		338		53399		187
227		296		53624		180
228		299		53850		186
229		299		54076		196
230		305		54306		189
231		339		54539		188
232		354		54774		183
233		352		55009		186
234		327		55241		188
235		265		55468		184
236		315		55698		188
237		308		55925		184
238		344		56151		186
239		323		56385		187
240		334		56622		185
241		313		56845		188
242		350		57076		187
243		363		57302		184
244		363		57541		188
245		320		57769		186
246		334		57994		187
247		307		58225		185
248		312		58456		192
249		346		58689		197
250		355		58923		191
251		337		59151		177
252		323		59383		183
253		329		59616		184
254		328		59835		187
255		354		60062		191
256		339		60298		184
257		400		60534		187
258		423		60778		190
259		415		61013		194
260		406		61251		192
261		354		61482		196
262		307		61709		199
263		338		61936		198
264		292		62168		189
265		339		62401		186
266		369		62636		183
267		371		62865		189
268		339		63094		181
269		335		63325		187
270		402		63558		186
271		398		63793		183
272		330		64027		193
273		362		64265		187
274		355		64491		184
275		341		64728		185
276		338		64958		187
277		368		65193		189
278		353		65431		179
279		374		65664		181
280		353		65900		192
281		357		66131		184
282		333		66364		192
283		395		66592		197
284		356		66831		192
285		383		67069		191
286		356		67298		178
287		352		67531		187
288		346		67769		188
289		359		67996		181
290		344		68229		181
291		344		68460		179
292		344		68691		177
293		357		68920		181
294		359		69154		183
295		366		69387		185
296		327		69614		193
297		339		69849		187
298		362		70079		184
299		366		70318		184
300		357		70547		188
301		363		70787		193
302		367		71025		187
303		406		71257		188
304		395		71488		200
305		371		71724		192
306		372		71959		183
307		356		72190		189
308		347		72427		187
309		372		72662		192
310		406		72888		197
311		425		73130		190
312		459		73372		188
313		393		73610		186
314		350		73846		191
315		372		74085		182
316		341		74318		183
317		376		74548		191
318		374		74781		186
319		436		75016		186
320		382		75259		187
321		412		75493		189
322		370		75726		191
323		366		75953		178
324		374		76194		182
325		355		76427		187
326		329		76654		191
327		328		76884		187
328		333		77116		193
329		327		77348		185
330		325		77579		187
331		334		77813		184
332		288		78040		188
333		320		78270		186
334		279		78500		195
335		266		78731		189
336		249		78957		189
337		278		79181		189
338		293		79407		185
339		302		79630		183
340		328		79856		185
341		376		80086		183
342		373		80319		181
343		335		80553		180
344		318		80786		191
345		348		81018		186
346		327		81254		195
347		310		81487		183
348		294		81712		186
349		304		81945		182
350		307		82177		183
351		339		82405		189
352		336		82638		182
353		320		82870		195
354		307		83106		193
355		339		83339		193
356		373		83580		179
357		332		83813		182
358		347		84042		183
359		330		84270		189
360		296		84501		191
361		308		84735		187
362		330		84961		184
363		334		85194		188
364		336		85430		183
365		358		85663		182
366		400		85906		188
367		313		86131		189
368		339		86361		186
369		319		86585		187
370		331		86807		185
371		372		87033		189
372		335		87262		190
373		327		87492		187
374		314		87715		191
375		310		87946		189
376		331		88172		188
377		332		88403		191
378		342		88637		181
379		346		88869		186
380		346		89098		185
381		358		89328		187
382		336		89559		189
383		334		89785		191
384		286		90009		191
385		306		90237		193
386		336		90468		191
387		317		90697		190
388		277		90927		191
389		322		91160		191
390		359		91387		193
391		320		91615		192
392		352		91843		184
393		325		92071		186
394		333		92305		193
395		324		92531		188
396		333		92758		190
397		322		92986		189
398		345		93223		189
399		361		93451		183
400		354		93677		193
401		362		93906		183
402		363		94134		191
403		360		94362		184
404		339		94590		188
405		359		94817		187
406		343		95049		190
407		329		95282		192
408		287		95515		185
409		306		95744		183
410		311		95973		189
411		348		96206		184
412		346		96429		182
413		311		96648		185
414		332		96872		186
415		368		97105		181
416		365		97339		184
417		363		97574		183
418		325		97803		197
419		320		98031		188
420		323		98253		186
421		306		98476		186
422		290		98702		185
423		281		98926		189
424		275		99153		187
425		271		99382		187
426		276		99605		186
427		278		99836		187
428		309		100057		196
429		314		100288		189
430		288		100517		195
431		281		100749		188
432		309		100971		189
433		291		101194		190
434		279		101429		185
435		305		101660		184
436		277		101895		183
437		297		102121		183
438		271		102346		187
439		282		102572		186
440		297		102798		183
441		312		103020		188
442		329		103241		188
443		298		103472		190
444		309		103700		193
445		274		103921		194
446		293		104146		187
447		275		104370		183
448		301		104598		188
449		336		104834		191
450		354		105061		190
451		306		105287		192
452		353		105513		178
453		351		105745		186
454		321		105980		190
455		349		106203		184
456		314		106425		177
457		276		106653		194
458		288		106882		188
459		303		107106		181
460		299		107331		189
461		346		107563		187
462		328		107800		189
463		287		108028		184
464		329		108257		181
465		327		108491		184
466		316		108721		189
467		287		108943		187
468		278		109166		191
469		291		109397		190
470		298		109622		183
471		331		109850		188
472		288		110074		194
473		240		110286		186
474		240		110509		185
475		259		110721		184
476		281		110948		182
477		257		111178		182
478		294		111399		190
479		275		111633		183
480		305		111858		185
481		304		112085		197
482		286		112317		190
483		268		112541		193
484		249		112768		184
485		268		112997		184
486		276		113218		193
487		286		113446		192
488		284		113666		186
489		315		113895		189
490		283		114119		191
491		248		114355		189
492		248		114580		187
493		266		114806		190
494		247		115034		185
495		255		115253		178
496		248		115478		185
497		249		115698		182
498		258		115913		179
499		259		116145		187
500		244		116383		187
501		246		116608		187
502		213		116830		188
503		209		117050		191
504		230		117252		185
505		236		117470		190
506		242		117690		190
507		235		117911		198
508		243		118123		190
509		242		118340		190
510		248		118567		193
511		279		118792		190
512		258		119007		187
513		259		119228		181
514		233		119454		187
515		188		119663		192
516		212		119879		195
517		235		120104		190
518		211		120322		191
519		220		120544		187
520		223		120764		187
521		220		120980		188
522		211		121200		183
523		215		121419		184
524		232		121633		185
525		246		121847		188
526		259		122055		188
527		262		122283		194
528		240		122498		195
529		245		122718		186
530		265		122933		193
531		268		123160		193
532		269		123385		189
533		254		123609		189
534		288		123830		189
535		280		124049		191
536		277		124280		188
537		283		124510		186
538		262		124729		185
539		268		124949		186
540		280		125167		185
541		261		125390		185
542		264		125608		181
543		272		125830		185
544		279		126059		189
545		287		126289		196
546		274		126517		191
547		256		126742		193
548		232		126961		188
549		246		127183		187
550		233		127405		183
551		230		127630		182
552		229		127854		179
553		242		128072		184
554		238		128296		183
555		239		128525		187
556		216		128733		187
557		209		128954		187
558		230		129171		189
559		264		129394		183
560		267		129624		184
561		254		129847		186
562		260		130074		189
563		261		130300		189
564		266		130522		185
565		238		130739		180
566		224		130955		188
567		227		131167		190
568		227		131386		190
569		228		131608		191
570		212		131836		191
571		207		132057		190
572		183		132285		194
573		169		132501		189
574		194		132709		186
575		202		132929		191
576		210		133145		188
577		224		133360		185
578		219		133581		186
579		264		133800		189
580		281		134017		190
581		295		134248		190
582		282		134475		186
583		280		134703		184
584		237		134923		189
585		247		135137		192
586		237		135365		191
587		256		135587		190
588		266		135811		194
589		277		136035		187
590		264		136265		185
591		230		136492		194
592		246		136710		191
593		229		136919		192
594		268		137137		189
595		251		137361		192
596		296		137583		189
597		283		137806		187
598		291		138033		188
599		274		138254		191
600		297		138472		193
601		276		138701		190
602		261		138926		190
603		226		139146		190
604		216		139378		189
605		186		139589		189
606		221		139806		188
607		226		140039		192
608		253		140261		185
609		259		140481		188
610		242		140708		185
611		253		140938		181
612		275		141160		189
613		270		141382		195
614		264		141602		191
615		256		141813		190
616		262		142034		188
617		247		142254		187
618		238		142475		190
619		245		142702		186
620		251		142931		186
621		243		143153		189
622		244		143373		188
623		243		143596		184
624		263		143828		192
625		244		144047		187
626		215		144281		188
627		227		144498		187
628		223		144709		189
629		260		144928		189
630		223		145145		190
631		219		145364		187
632		227		145584		185
633		213		145802		190
634		195		146015		188
635		210		146225		182
636		216		146440		183
637		199		146668		186
638		170		146891		186
639		184		147109		188
640		203		147325		190
641		196		147550		191
642		200		147769		192
643		204		147992		191
644		225		148210		193
645		203		148427		190
646		213		148646		190
647		222		148859		190
648		243		149078		186
649		242		149295		189
650		247		149511		187
651		258		149738		193
652		244		149960		196
653		232		150172		196
654		230		150402		181
655		207		150635		187
656		199		150851		190
657		226		151065		183
658		214		151285		183
659		220		151504		192
660		228		151723		191
661		236		151941		194
662		234		152171		186
663		222		152392		184
664		216		152605		188
665		200		152831		188
666		213		153050		186
667		221		153272		185
668		224		153489		185
669		231		153715		194
670		229		153932		190
671		238		154154		192
672		225		154365		192
673		259		154580		188
674		268		154803		190
675		226		155027		185
676		235		155246		184
677		208		155472		188
678		208		155686		185
679		218		155897		186
680		191		156111		187
681		202		156331		192
682		187		156550		184
683		202		156771		187
684		198		156978		189
685		175		157194		187
686		205		157412		184
687		190		157631		190
688		188		157848		183
689		205		158058		187
690		213		158271		186
691		234		158486		193
692		220		158708		188
693		224		158926		192
694		206		159151		189
695		182		159363		188
696		185		159581		187
697		205		159794		186
698		189		160018		185
699		169		160240		186
700		194		160445		187
701		194		160663		191
702		206		160881		187
703		197		161093		188
704		211		161309		182
705		190		161521		177
706		171		161733		183
707		182		161943		186
708		191		162163		190
709		205		162373		190
710		210		162589		189
711		186		162791		185
712		192		163008		180
713		182		163215		186
714		156		163421		187
715		155		163627		187
716		159		163847		188
717		168		164051		184
718		185		164270		184
719		177		164484		187
720		167		164700		191
721		180		164912		187
722		182		165127		185
723		182		165342		189
724		191		165551		188
725		202		165771		184
726		189		165985		183
727		180		166210		189
728		172		166429		188
729		164		166647		187
730		159		166865		188
731		185		167081		183
732		198		167286		187
733		206		167511		188
734		217		167717		184
735		189		167931		191
736		160		168137		186
737		158		168339		187
738		162		168546		186
739		154		168760		188
740		152		168977		184
741		137		169198		184
742		130		169406		185
743		133		169615		185
744		155		169829		185
745		170		170032		188
746		155		170250		187
747		171		170456		190
748		161		170675		188
749		158		170888		188
750		153		171100		195
751		167		171311		190
752		172		171516		190
753		161		171731		186
754		151		171941		187
755		150		172163		186
756		161		172379		187
757		162		172600		187
758		178		172826		188
759		190		173037		188
760		188		173249		188
761		177		173470		188
762		178		173686		192
763		166		173905		189
764		186		174119		191
765		169		174325		185
766		163		174544		184
767		160		174755		185
768		163		174977		186
769		169		175190		185
770		161		175401		187
771		161		175625		183
772		168		175831		188
773		166		176052		180
774		173		176255		183
775		166		176464		183
776		160		176671		182
777		165		176882		186
778		163		177103		186
779		191		177319		185
780		171		177534		187
781		158		177737		184
782		135		177949		185
783		148		178158		187
784		161		178371		189
785		154		178588		184
786		144		178806		185
787		145		179024		187
788		140		179226		186
789		140		179421		182
790		132		179635		187
791		140		179843		187
792		123		180051		187
793		132		180259		187
794		137		180473		185
795		139		180673		184
796		135		180884		185
797		136		181090		186
798		146		181302		184
799		149		181505		182
800		145		181721		182
801		140		181932		188
802		150		182140		182
803		167		182343		181
804		176		182555		183
805		171		182766		183
806		159		182971		184
807		147		183179		184
808		167		183396		185
809		164		183600		189
810		165		183811		189
811		158		184023		190
812		167		184230		187
813		165		184440		185
814		175		184659		187
815		170		184871		187
816		180		185085		184
817		198		185298		188
818		197		185513		190
819		197		185725		186
820		204		185940		188
821		205		186164		188
822		194		186382		192
823		188		186596		192
824		186		186809		187
825		182		187018		188
826		183		187244		181
827		186		187459		190
828		174		187673		188
829		170		187871		191
830		150		188089		187
831		152		188299		186
832		145		188513		187
833		155		188732		188
834		157		188943		189
835		161		189163		189
836		160		189369		188
837		159		189583		186
838		145		189796		185
839		147		190011		185
840		129		190222		185
841		137		190443		186
842		139		190661		185
843		121		190871		185
844		132		191084		186
845		129		191290		187
846		131		191492		188
847		125		191690		189
848		129		191901		190
849		142		192110		187
850		147		192335		185
851		155		192562		189
852		150		192769		188
853		151		192982		189
854		163		193189		188
855		148		193407		184
856		147		193622		186
857		141		193833		186
858		161		194045		186
859		165		194260		189
860		161		194468		193
861		167		194684		188
862		150		194900		189
863		154		195118		187
864		145		195322		184
865		146		195535		185
866		137		195743		184
867		146		195943		181
868		145		196152		184
869		146		196364		183
870		141		196574		185
871		133		196783		187
872		139		196996		187
873		135		197202		189
874		139		197417		186
875		141		197619		185
876		141		197829		186
877		138		198037		186
878		137		198245		182
879		133		198452		188
880		136		198662		185
881		159		198878		188
882		166		199082		187
883		145		199297		189
884		145		199502		188
885		149		199698		187
886		150		199911		192
887		141		200131		189
888		147		200344		188
889		141		200555		185
890		159		200772		185
891		139		200985		184
892		127		201191		186
893		128		201395		187
894		129		201607		190
895		121		201816		187
896		116		202023		185
897		123		202227		185
898		125		202443		186
899		117		202644		185
900		107		202853		187
901		107		203054		187
902		104		203259		185
903		111		203479		188
904		120		203688		188
905		107		203898		187
906		114		204104		185
907		122		204315		188
908		111		204532		188
909		115		204734		188
910		112		204946		187
911		118		205152		187
912		125		205361		187
913		125		205566		186
914		114		205777		185
915		113		205985		186
916		112		206190		188
917		111		206401		188
918		113		206604		186
919		104		206808		184
920		104		207019		184
921		108		207226		186
922		108		207427		186
923		125		207638		181
924		114		207847		181
925		113		208056		182
926		110		208265		185
927		106		208473		183
928		109		208687		183
929		116		208892		188
930		106		209102		187
931		106		209321		186
932		106		209524		186
933		110		209728		187
934		112		209946		185
935		118		210150		185
936		108		210343		185
937		106		210556		187
938		112		210765		188
939		107		210973		187
940		112		211182		189
941		131		211390		188
942		137		211608		184
943		142		211810		184
944		138		212020		188
945		126		212233		188
946		129		212441		186
947		131		212653		187
948		122		212860		187
949		122		213068		188
950		122		213279		188
951		120		213485		189
952		119		213703		187
953		121		213906		186
954		127		214113		188
955		132		214322		183
956		125		214524		185
957		133		214734		185
958		132		214941		184
959		144		215154		183
960		144		215360		183
961		129		215564		183
962		137		215768		182
963		139		215986		183
964		136		216195		180
965		143		216413		184
966		143		216629		183
967		139		216837		187
968		138		217047		189
969		118		217253		190
970		115		217455		187
971		121		217658		183
972		121		217869		185
973		120		218069		186
974		117		218278		189
975		119		218485		187
976		125		218702		188
977		113		218906		187
978		120		219108		186
979		122		219319		185
980		125		219529		185
981		119		219733		185
982		114		219940		186
983		113		220141		187
984		102		220354		186
985		98		220556		185
986		101		220765		187
987		104		220969		188
988		96		221174		187
989		94		221378		186
990		94		221579		186
991		96		221778		187
992		96		221984		187
993		98		222183		185
994		101		222389		187
995		101		222597		186
996		109		222809		186
997		111		223015		187
998		111		223231		188
999		112		223446		185
