# Migration is number of nodes that have changed color.

Round		Edge-Cut		Swaps		Migrations		Skipped
0		504		248		164
1		448		488		172
2		432		718		188
3		429		955		189
4		395		1184		188
5		356		1413		192
6		312		1639		187
7		314		1867		185
8		356		2094		182
9		332		2323		190
10		309		2547		186
11		325		2775		189
12		310		2997		188
13		286		3224		193
14		289		3455		193
15		291		3679		190
16		313		3899		189
17		302		4130		194
18		294		4357		184
19		286		4589		193
20		290		4819		189
21		303		5044		180
22		310		5272		184
23		313		5500		182
24		297		5734		184
25		291		5959		188
26		297		6183		188
27		300		6409		190
28		302		6633		185
29		299		6858		190
30		300		7085		187
31		286		7306		187
32		304		7535		191
33		301		7756		180
34		320		7985		180
35		270		8203		189
36		287		8431		196
37		268		8664		185
38		279		8895		183
39		285		9123		187
40		284		9342		183
41		277		9568		189
42		296		9793		186
43		304		10012		185
44		300		10236		188
45		282		10453		200
46		312		10683		189
47		287		10905		185
48		303		11127		186
49		308		11350		188
50		300		11584		189
51		321		11813		188
52		298		12031		193
53		309		12244		192
54		290		12475		187
55		295		12697		186
56		286		12930		180
57		269		13161		184
58		258		13379		189
59		266		13607		185
60		272		13829		185
61		294		14053		184
62		277		14278		191
63		280		14510		193
64		288		14734		193
65		276		14954		186
66		273		15175		187
67		249		15397		187
68		228		15616		188
69		261		15834		185
70		273		16059		183
71		245		16287		184
72		271		16516		189
73		274		16736		189
74		266		16951		190
75		266		17179		193
76		266		17399		186
77		284		17629		187
78		297		17858		189
79		283		18078		187
80		267		18305		186
81		262		18531		184
82		290		18758		193
83		257		18977		189
84		240		19191		185
85		220		19406		188
86		237		19634		188
87		221		19852		186
88		254		20071		187
89		253		20291		184
90		238		20512		187
91		253		20737		182
92		268		20960		185
93		274		21180		184
94		257		21400		186
95		285		21616		186
96		280		21824		190
97		267		22053		185
98		286		22263		182
99		303		22491		182
100		272		22719		190
101		293		22943		189
102		292		23166		197
103		264		23385		191
104		271		23612		188
105		273		23835		189
106		244		24054		185
107		269		24280		188
108		258		24512		184
109		277		24736		184
110		256		24965		192
111		281		25186		190
112		267		25411		186
113		313		25642		186
114		295		25875		187
115		320		26103		188
116		293		26329		193
117		311		26550		190
118		301		26773		186
119		350		27001		182
120		303		27219		182
121		266		27439		185
122		268		27663		187
123		253		27885		186
124		262		28112		184
125		287		28333		188
126		278		28558		189
127		283		28783		192
128		294		29011		188
129		317		29233		188
130		338		29459		188
131		319		29681		187
132		288		29907		188
133		255		30131		187
134		269		30351		184
135		251		30576		185
136		231		30805		189
137		258		31022		186
138		257		31238		189
139		257		31460		190
140		309		31676		186
141		293		31903		183
142		311		32126		185
143		276		32356		185
144		253		32572		188
145		289		32792		187
146		284		33022		182
147		304		33248		188
148		269		33462		192
149		268		33689		181
150		259		33910		183
151		239		34129		186
152		233		34344		186
153		245		34558		189
154		226		34776		186
155		233		34995		190
156		236		35209		192
157		235		35430		188
158		243		35651		185
159		248		35884		193
160		264		36102		189
161		243		36328		190
162		265		36549		189
163		248		36768		192
164		267		36986		190
165		260		37212		190
166		270		37438		190
167		248		37659		186
168		248		37879		186
169		242		38094		184
170		249		38307		188
171		259		38526		187
172		285		38751		187
173		241		38966		192
174		250		39183		191
175		254		39416		189
176		242		39636		190
177		252		39860		186
178		232		40080		188
179		217		40306		179
180		236		40523		187
181		191		40738		183
182		190		40949		179
183		212		41167		178
184		229		41388		183
185		225		41610		184
186		244		41838		186
187		220		42067		183
188		209		42282		185
189		209		42499		183
190		241		42716		186
191		213		42937		188
192		207		43156		186
193		209		43371		189
194		219		43580		190
195		235		43811		188
196		204		44026		188
197		228		44242		184
198		233		44462		189
199		236		44684		190
200		231		44901		191
201		253		45126		187
202		247		45346		189
203		247		45560		188
204		254		45783		183
205		235		46008		190
206		235		46224		186
207		250		46446		190
208		270		46659		186
209		261		46878		190
210		267		47104		189
211		278		47326		188
212		261		47548		189
213		236		47774		185
214		227		47992		191
215		228		48218		186
216		214		48436		184
217		225		48646		186
218		225		48873		191
219		230		49090		191
220		206		49305		187
221		183		49524		187
222		187		49733		186
223		177		49946		191
224		184		50166		193
225		167		50381		184
226		187		50597		182
227		196		50817		187
228		214		51031		191
229		212		51260		189
230		211		51486		188
231		184		51692		188
232		185		51918		186
233		214		52141		187
234		189		52360		183
235		186		52580		187
236		167		52801		190
237		141		53011		181
238		163		53231		183
239		180		53450		179
240		197		53668		183
241		202		53873		189
242		190		54091		187
243		188		54307		187
244		186		54516		187
245		200		54741		187
246		191		54963		185
247		192		55182		188
248		198		55398		190
249		215		55624		186
250		216		55843		194
251		223		56065		191
252		225		56280		186
253		243		56505		185
254		256		56733		186
255		263		56955		185
256		268		57181		188
257		237		57394		190
258		242		57622		187
259		232		57851		185
260		211		58072		182
261		208		58290		187
262		191		58511		188
263		207		58738		187
264		198		58958		191
265		223		59181		188
266		238		59400		184
267		268		59617		191
268		260		59836		188
269		268		60055		194
270		248		60275		196
271		227		60491		195
272		217		60711		192
273		201		60932		196
274		205		61140		191
275		208		61367		190
276		225		61579		189
277		209		61803		194
278		227		62023		188
279		212		62236		190
280		223		62457		183
281		215		62680		190
282		222		62890		187
283		207		63106		189
284		188		63319		187
285		189		63530		189
286		182		63747		189
287		167		63961		193
288		176		64182		188
289		171		64401		189
290		183		64622		188
291		164		64844		188
292		152		65051		184
293		159		65267		183
294		170		65485		183
295		162		65692		189
296		185		65909		188
297		178		66122		190
298		174		66331		188
299		185		66553		186
300		183		66773		187
301		199		66992		189
302		216		67209		193
303		194		67427		188
304		211		67643		192
305		190		67858		190
306		191		68079		190
307		195		68283		186
308		209		68507		183
309		239		68736		183
310		241		68950		191
311		270		69171		193
312		255		69390		193
313		259		69610		189
314		240		69828		184
315		248		70050		190
316		267		70274		190
317		309		70499		183
318		275		70732		187
319		261		70962		193
320		241		71184		184
321		273		71413		183
322		247		71635		189
323		262		71853		185
324		248		72080		184
325		253		72298		185
326		244		72522		183
327		236		72742		188
328		239		72965		187
329		249		73181		188
330		221		73397		187
331		232		73624		188
332		227		73847		188
333		194		74074		194
334		214		74292		192
335		237		74510		190
336		250		74728		185
337		227		74946		186
338		240		75170		185
339		210		75392		185
340		208		75613		189
341		220		75837		189
342		241		76064		189
343		251		76279		192
344		235		76501		188
345		236		76719		189
346		227		76937		187
347		214		77152		188
348		229		77370		188
349		224		77596		188
350		233		77818		185
351		244		78043		186
352		220		78265		185
353		210		78492		185
354		219		78712		187
355		209		78927		187
356		196		79148		191
357		178		79368		188
358		181		79576		182
359		191		79793		188
360		197		80012		192
361		200		80225		187
362		192		80439		188
363		214		80662		189
364		231		80876		190
365		231		81097		185
366		236		81326		185
367		222		81548		183
368		230		81777		187
369		227		81997		189
370		210		82215		188
371		215		82435		188
372		181		82649		185
373		193		82873		187
374		207		83100		185
375		206		83315		186
376		200		83530		189
377		239		83756		192
378		246		83973		185
379		213		84176		195
380		217		84388		185
381		223		84612		186
382		210		84832		183
383		246		85050		182
384		200		85267		181
385		195		85491		182
386		216		85720		189
387		215		85940		185
388		233		86153		181
389		217		86371		184
390		213		86590		188
391		224		86804		186
392		234		87018		189
393		210		87232		191
394		193		87451		185
395		215		87667		190
396		219		87886		187
397		210		88099		191
398		198		88320		186
399		198		88544		190
400		205		88760		187
401		221		88971		190
402		215		89192		182
403		220		89403		186
404		200		89619		188
405		202		89830		185
406		209		90042		191
407		189		90251		188
408		165		90467		185
409		169		90694		188
410		184		90912		188
411		210		91120		186
412		217		91338		191
413		230		91563		188
414		216		91782		187
415		193		91991		186
416		184		92208		186
417		188		92427		191
418		204		92649		189
419		221		92869		188
420		249		93086		185
421		227		93306		185
422		210		93523		194
423		208		93741		185
424		218		93959		186
425		226		94175		189
426		222		94390		185
427		227		94603		186
428		192		94830		190
429		191		95044		188
430		210		95262		188
431		193		95482		189
432		203		95697		185
433		193		95910		184
434		173		96126		186
435		215		96342		189
436		238		96562		187
437		238		96781		192
438		225		96997		187
439		258		97218		187
440		277		97438		187
441		310		97660		184
442		310		97884		185
443		294		98110		188
444		286		98334		185
445		261		98544		188
446		234		98758		190
447		219		98973		187
448		215		99198		183
449		194		99417		184
450		191		99626		180
451		224		99848		190
452		241		100069		192
453		244		100286		193
454		235		100504		189
455		215		100723		190
456		218		100939		188
457		228		101159		188
458		216		101384		191
459		214		101600		188
460		230		101823		183
461		219		102049		182
462		249		102265		185
463		193		102482		183
464		227		102685		186
465		218		102903		180
466		198		103126		186
467		226		103343		187
468		253		103569		191
469		219		103793		185
470		208		104021		182
471		207		104248		184
472		222		104462		187
473		224		104676		188
474		232		104894		185
475		248		105124		187
476		261		105354		182
477		258		105570		190
478		250		105792		188
479		243		106017		191
480		243		106231		187
481		265		106455		189
482		270		106678		185
483		278		106905		190
484		264		107127		188
485		265		107350		185
486		266		107570		190
487		280		107786		185
488		287		108009		186
489		260		108234		188
490		252		108458		184
491		249		108684		188
492		244		108906		187
493		246		109128		187
494		247		109351		185
495		231		109578		189
496		232		109801		187
497		235		110021		186
498		280		110249		188
499		279		110466		183
500		294		110690		182
501		285		110918		187
502		251		111148		187
503		236		111364		184
504		279		111590		183
505		259		111811		187
506		256		112037		186
507		256		112262		180
508		273		112488		180
509		256		112706		185
510		225		112929		189
511		211		113149		195
512		255		113374		186
513		288		113597		191
514		306		113824		191
515		251		114053		188
516		249		114274		192
517		253		114496		189
518		259		114714		193
519		257		114929		187
520		256		115150		183
521		232		115371		190
522		255		115583		185
523		268		115793		189
524		272		116012		189
525		256		116235		184
526		270		116460		186
527		271		116682		181
528		233		116895		186
529		246		117112		186
530		275		117336		191
531		284		117561		186
532		260		117789		175
533		247		118011		187
534		229		118242		192
535		217		118456		192
536		237		118675		191
537		257		118896		191
538		238		119112		194
539		231		119337		195
540		263		119559		192
541		241		119772		187
542		263		119987		193
543		270		120201		193
544		259		120425		185
545		251		120651		186
546		251		120876		186
547		249		121098		183
548		237		121311		181
549		208		121534		183
550		227		121753		188
551		231		121969		185
552		234		122184		181
553		230		122414		180
554		235		122632		179
555		237		122853		180
556		219		123067		187
557		240		123280		191
558		259		123502		193
559		266		123719		187
560		244		123947		182
561		236		124164		187
562		255		124380		185
563		255		124608		178
564		233		124826		189
565		208		125039		191
566		237		125260		189
567		237		125468		184
568		231		125702		186
569		234		125922		188
570		247		126143		190
571		226		126361		184
572		216		126570		184
573		204		126792		184
574		205		127007		187
575		195		127222		186
576		184		127437		185
577		195		127655		183
578		213		127872		183
579		213		128086		188
580		225		128308		191
581		230		128522		190
582		233		128733		190
583		227		128955		193
584		236		129176		195
585		267		129393		187
586		259		129615		188
587		275		129837		191
588		248		130049		187
589		240		130261		188
590		244		130484		193
591		227		130707		189
592		247		130923		187
593		225		131134		189
594		219		131350		192
595		229		131570		185
596		201		131784		185
597		199		132004		186
598		210		132219		184
599		205		132441		190
600		192		132661		182
601		210		132881		186
602		224		133105		184
603		197		133326		184
604		210		133547		192
605		212		133768		187
606		229		133993		188
607		233		134221		186
608		240		134445		187
609		194		134664		188
610		191		134884		186
611		230		135109		185
612		246		135329		193
613		228		135550		193
614		212		135772		189
615		229		135987		192
616		232		136201		187
617		226		136418		189
618		188		136632		186
619		200		136854		193
620		206		137078		192
621		210		137299		187
622		206		137516		190
623		225		137734		188
624		208		137954		192
625		203		138163		189
626		208		138375		187
627		209		138583		187
628		238		138804		187
629		235		139024		186
630		225		139237		189
631		243		139442		185
632		238		139667		189
633		248		139893		189
634		207		140112		184
635		197		140327		185
636		208		140546		185
637		193		140761		184
638		166		140974		185
639		154		141191		185
640		162		141397		185
641		192		141616		185
642		195		141829		183
643		207		142051		183
644		183		142266		190
645		198		142491		191
646		195		142705		188
647		195		142916		189
648		204		143139		188
649		188		143358		192
650		183		143572		188
651		215		143787		182
652		193		143997		190
653		195		144212		185
654		191		144428		187
655		171		144643		189
656		186		144852		192
657		201		145060		192
658		177		145272		190
659		188		145492		187
660		215		145711		190
661		202		145936		187
662		210		146156		185
663		216		146380		179
664		224		146592		188
665		234		146806		188
666		210		147027		187
667		212		147259		186
668		203		147479		186
669		208		147704		189
670		221		147908		185
671		223		148132		189
672		225		148345		190
673		199		148567		184
674		188		148782		188
675		174		148999		189
676		199		149220		190
677		196		149448		194
678		247		149668		189
679		227		149883		185
680		249		150103		183
681		245		150323		188
682		202		150546		186
683		220		150757		187
684		237		150976		189
685		248		151193		188
686		230		151415		187
687		243		151647		183
688		266		151869		181
689		266		152091		185
690		262		152322		185
691		255		152544		192
692		254		152759		197
693		240		152983		187
694		226		153208		186
695		217		153422		186
696		244		153636		183
697		245		153860		184
698		230		154083		185
699		221		154301		189
700		227		154520		186
701		195		154739		190
702		200		154955		187
703		216		155167		186
704		210		155380		183
705		217		155591		188
706		244		155810		187
707		229		156024		188
708		205		156242		186
709		226		156466		185
710		215		156688		180
711		201		156902		184
712		247		157122		189
713		247		157343		186
714		239		157573		187
715		247		157789		179
716		243		158012		182
717		215		158236		191
718		198		158458		192
719		213		158676		190
720		244		158893		189
721		223		159108		189
722		226		159321		189
723		215		159534		190
724		216		159751		190
725		232		159966		187
726		211		160185		195
727		231		160402		191
728		241		160622		185
729		225		160846		190
730		232		161069		195
731		220		161291		193
732		229		161513		196
733		248		161739		190
734		243		161954		186
735		251		162172		188
736		258		162384		189
737		265		162604		193
738		253		162825		187
739		272		163048		188
740		254		163271		189
741		236		163494		193
742		217		163712		191
743		230		163940		183
744		220		164155		187
745		238		164369		184
746		246		164591		190
747		236		164812		193
748		239		165032		191
749		237		165247		184
750		232		165472		186
751		248		165686		192
752		233		165914		181
753		201		166136		188
754		190		166358		189
755		216		166571		188
756		222		166787		189
757		235		167003		193
758		233		167221		193
759		232		167442		189
760		239		167656		191
761		235		167880		190
762		232		168107		190
763		222		168333		187
764		229		168557		189
765		254		168785		183
766		263		169013		190
767		243		169233		189
768		220		169448		186
769		217		169661		192
770		216		169885		194
771		211		170100		195
772		247		170318		193
773		276		170548		187
774		235		170766		187
775		235		170982		182
776		247		171204		186
777		230		171419		188
778		218		171641		188
779		208		171866		188
780		205		172092		191
781		180		172302		187
782		203		172506		191
783		206		172715		185
784		180		172929		186
785		190		173138		189
786		156		173352		190
787		159		173568		186
788		171		173784		184
789		225		173999		186
790		228		174222		182
791		244		174445		185
792		215		174662		184
793		191		174873		192
794		188		175095		189
795		170		175313		185
796		203		175533		189
797		183		175750		186
798		184		175978		188
799		195		176191		190
800		200		176406		184
801		181		176625		190
802		181		176834		189
803		197		177052		194
804		230		177264		192
805		212		177494		190
806		193		177711		191
807		193		177913		187
808		200		178134		183
809		211		178349		194
810		187		178560		190
811		191		178784		184
812		181		178996		186
813		204		179213		184
814		218		179442		184
815		204		179659		188
816		238		179881		189
817		231		180095		186
818		205		180313		188
819		200		180527		189
820		180		180749		192
821		191		180977		188
822		198		181198		189
823		184		181414		190
824		191		181630		190
825		202		181854		190
826		186		182083		189
827		196		182307		191
828		188		182531		190
829		201		182743		185
830		199		182962		189
831		203		183176		187
832		219		183398		185
833		212		183621		187
834		238		183848		182
835		239		184076		191
836		253		184303		191
837		229		184530		184
838		215		184753		187
839		204		184964		186
840		194		185175		187
841		202		185393		188
842		175		185618		186
843		192		185833		188
844		210		186047		186
845		207		186270		187
846		220		186484		185
847		233		186704		192
848		224		186917		186
849		239		187134		191
850		230		187357		189
851		212		187592		188
852		206		187808		189
853		218		188025		189
854		206		188234		183
855		217		188457		187
856		206		188676		187
857		215		188897		187
858		218		189113		189
859		233		189324		191
860		223		189541		187
861		201		189764		187
862		174		189976		188
863		199		190202		185
864		187		190416		187
865		222		190632		189
866		223		190852		191
867		210		191074		190
868		222		191297		188
869		219		191513		189
870		198		191734		184
871		215		191959		185
872		212		192171		188
873		216		192386		183
874		231		192602		188
875		208		192822		187
876		201		193034		185
877		207		193253		185
878		201		193470		183
879		223		193676		193
880		216		193898		189
881		195		194113		192
882		181		194321		191
883		198		194538		189
884		205		194758		180
885		185		194964		181
886		200		195171		187
887		184		195391		183
888		175		195595		185
889		205		195815		188
890		221		196028		188
891		226		196250		189
892		235		196472		191
893		233		196686		190
894		217		196909		185
895		205		197125		190
896		196		197344		190
897		210		197561		193
898		214		197782		189
899		228		198003		183
900		210		198213		185
901		220		198430		188
902		193		198653		187
903		223		198877		184
904		241		199099		185
905		238		199320		192
906		272		199546		187
907		282		199769		184
908		264		199993		189
909		278		200218		190
910		250		200442		188
911		253		200662		186
912		252		200883		185
913		279		201108		190
914		281		201330		186
915		268		201560		193
916		306		201790		185
917		273		202017		189
918		244		202234		185
919		247		202449		186
920		279		202678		190
921		299		202909		188
922		270		203137		187
923		294		203357		190
924		287		203584		191
925		278		203809		189
926		297		204042		188
927		278		204267		182
928		251		204497		186
929		234		204717		184
930		270		204939		190
931		263		205169		192
932		252		205385		191
933		226		205604		186
934		235		205834		186
935		237		206049		185
936		230		206262		182
937		218		206475		189
938		204		206697		186
939		207		206915		192
940		216		207127		194
941		225		207352		186
942		216		207571		187
943		225		207791		190
944		231		208007		191
945		238		208231		194
946		241		208446		188
947		242		208666		180
948		235		208891		191
949		239		209101		185
950		209		209321		185
951		194		209537		188
952		193		209759		190
953		180		209982		187
954		177		210204		188
955		185		210418		185
956		193		210633		187
957		195		210855		186
958		204		211067		184
959		208		211288		184
960		176		211500		187
961		220		211713		188
962		205		211933		187
963		181		212153		189
964		184		212359		186
965		159		212571		187
966		185		212793		182
967		183		213007		183
968		178		213230		184
969		195		213445		186
970		205		213658		183
971		207		213875		188
972		201		214092		181
973		219		214319		187
974		218		214536		185
975		230		214758		190
976		209		214986		195
977		201		215206		189
978		213		215419		187
979		188		215638		186
980		201		215857		188
981		182		216073		193
982		181		216295		185
983		180		216507		186
984		198		216727		190
985		178		216937		189
986		181		217151		185
987		200		217358		183
988		204		217574		188
989		199		217797		183
990		200		218011		187
991		187		218227		187
992		196		218450		184
993		221		218666		189
994		226		218882		190
995		205		219102		191
996		242		219332		187
997		249		219559		188
998		229		219782		185
999		218		220003		190
