# Migration is number of nodes that have changed color.

Round		Edge-Cut		Swaps		Migrations		Skipped
0		463		240		159
1		355		466		171
2		313		678		184
3		265		900		181
4		255		1111		185
5		248		1330		186
6		220		1549		187
7		226		1764		187
8		225		1983		188
9		229		2195		190
10		222		2412		190
11		189		2616		186
12		182		2819		185
13		174		3024		187
14		174		3233		188
15		180		3448		187
16		180		3655		188
17		177		3860		183
18		170		4060		186
19		170		4260		186
20		171		4473		183
21		165		4692		184
22		162		4899		183
23		161		5112		181
24		160		5323		182
25		160		5526		183
26		162		5731		185
27		167		5946		183
28		168		6148		184
29		169		6359		187
30		169		6564		188
31		169		6765		187
32		164		6971		188
33		154		7186		189
34		155		7402		188
35		155		7605		188
36		157		7810		188
37		159		8030		188
38		155		8231		187
39		152		8447		186
40		156		8655		186
41		158		8853		185
42		161		9063		185
43		162		9271		186
44		165		9486		186
45		162		9697		185
46		165		9910		187
47		164		10123		187
48		164		10338		187
49		166		10535		186
50		174		10744		186
51		175		10946		186
52		178		11162		184
53		175		11376		186
54		172		11581		186
55		168		11789		184
56		168		11992		185
57		165		12207		183
58		165		12413		184
59		162		12622		187
60		172		12838		187
61		167		13044		186
62		159		13243		187
63		154		13455		187
64		153		13661		188
65		160		13875		186
66		163		14081		188
67		164		14279		187
68		151		14478		187
69		147		14681		186
70		132		14886		187
71		128		15095		188
72		124		15298		190
73		122		15508		190
74		122		15712		189
75		123		15919		189
76		126		16124		188
77		126		16329		188
78		133		16532		191
79		134		16735		189
80		130		16945		191
81		130		17156		190
82		124		17368		190
83		126		17570		189
84		122		17774		191
85		126		17978		189
86		124		18191		190
87		129		18399		189
88		131		18614		190
89		126		18822		189
90		126		19030		189
91		127		19234		189
92		127		19437		189
93		129		19644		189
94		132		19844		190
95		133		20048		189
96		140		20254		185
97		136		20453		185
98		134		20661		186
99		135		20874		186
100		129		21076		189
101		135		21285		190
102		131		21488		188
103		130		21691		187
104		128		21900		186
105		128		22096		186
106		125		22303		187
107		124		22510		187
108		125		22713		188
109		124		22907		190
110		120		23114		188
111		123		23313		188
112		121		23515		188
113		121		23718		186
114		123		23926		185
115		121		24133		183
116		121		24334		183
117		122		24542		183
118		121		24753		185
119		121		24958		185
120		121		25162		185
121		121		25365		185
122		130		25574		186
123		130		25768		186
124		130		25973		187
125		130		26183		187
126		131		26387		187
127		129		26595		186
128		125		26809		186
129		123		27015		187
130		120		27223		187
131		123		27438		186
132		123		27638		187
133		123		27844		187
134		126		28047		186
135		128		28258		184
136		126		28471		185
137		127		28682		185
138		127		28884		185
139		126		29091		185
140		133		29297		186
141		133		29496		186
142		136		29705		188
143		137		29913		186
144		137		30118		185
145		135		30331		187
146		135		30544		191
147		133		30749		189
148		128		30952		187
149		125		31166		190
150		125		31371		191
151		125		31580		191
152		118		31780		189
153		116		31982		187
154		116		32194		186
155		113		32389		184
156		112		32601		185
157		112		32810		185
158		114		33016		187
159		114		33233		187
160		116		33447		188
161		110		33649		188
162		110		33862		188
163		110		34066		188
164		110		34270		188
165		108		34487		189
166		108		34694		189
167		108		34912		189
168		103		35114		189
169		102		35318		188
170		102		35521		188
171		102		35730		188
172		102		35935		188
173		98		36145		187
174		98		36347		187
175		98		36567		188
176		98		36775		188
177		95		36984		187
178		95		37199		187
179		95		37417		187
180		96		37622		186
181		97		37826		185
182		94		38027		185
183		94		38236		185
184		92		38443		186
185		93		38647		188
186		93		38856		188
187		93		39071		188
188		94		39272		187
189		94		39486		187
190		94		39681		187
191		94		39880		187
192		89		40078		187
193		89		40290		187
194		87		40490		187
195		87		40697		187
196		87		40917		187
197		87		41127		187
198		83		41335		187
199		83		41537		187
200		83		41740		187
201		86		41947		188
202		80		42157		188
203		80		42363		188
204		74		42579		187
205		74		42784		187
206		74		42984		187
207		74		43192		187
208		74		43397		187
209		74		43592		187
210		74		43799		187
211		74		43993		187
212		74		44192		187
213		74		44394		187
214		74		44604		187
215		74		44822		187
216		74		45021		187
217		74		45228		187
218		74		45431		187
219		74		45635		187
220		74		45839		187
221		74		46041		187
222		76		46240		188
223		76		46440		188
224		76		46648		188
225		76		46859		188
226		78		47074		187
227		78		47291		187
228		78		47503		187
229		78		47698		187
230		78		47906		187
231		78		48114		187
232		78		48319		187
233		82		48526		188
234		82		48727		187
235		82		48922		187
236		82		49132		187
237		82		49340		187
238		82		49542		186
239		82		49751		187
240		82		49955		187
241		82		50153		187
242		82		50357		188
243		82		50556		188
244		82		50758		188
245		82		50964		186
246		83		51173		188
247		83		51380		188
248		82		51583		186
249		82		51785		186
250		80		51986		186
251		80		52182		186
252		81		52393		188
253		81		52604		188
254		80		52807		187
255		78		53026		189
256		77		53238		189
257		77		53446		189
258		77		53653		189
259		77		53855		189
260		80		54058		189
261		80		54259		189
262		74		54467		189
263		74		54672		189
264		74		54887		189
265		74		55088		189
266		77		55292		188
267		77		55498		188
268		79		55707		189
269		74		55911		189
270		74		56108		189
271		74		56312		189
272		74		56519		189
273		74		56729		189
274		74		56932		189
275		77		57129		188
276		77		57326		188
277		77		57531		188
278		77		57734		188
279		80		57930		189
280		80		58128		189
281		80		58334		189
282		80		58539		189
283		80		58736		189
284		80		58941		189
285		80		59147		189
286		80		59350		189
287		83		59554		188
288		83		59758		188
289		83		59962		188
290		85		60179		188
291		85		60400		188
292		85		60601		187
293		85		60809		187
294		84		61016		187
295		84		61215		187
296		84		61414		187
297		84		61624		187
298		87		61826		186
299		84		62029		187
300		84		62238		187
301		84		62450		187
302		84		62660		187
303		84		62872		187
304		84		63072		187
305		84		63276		187
306		84		63496		187
307		83		63699		187
308		83		63922		187
309		85		64139		186
310		85		64340		186
311		85		64538		186
312		85		64747		186
313		85		64954		186
314		85		65147		186
315		88		65353		186
316		88		65558		186
317		79		65755		186
318		77		65961		186
319		77		66165		186
320		79		66374		187
321		79		66575		187
322		80		66775		187
323		80		66990		187
324		80		67184		188
325		80		67388		188
326		80		67606		188
327		80		67812		188
328		80		68021		188
329		80		68221		187
330		78		68418		186
331		78		68632		186
332		78		68839		186
333		81		69057		185
334		81		69255		185
335		81		69454		185
336		81		69669		185
337		81		69875		185
338		81		70072		185
339		81		70277		185
340		81		70486		185
341		81		70684		185
342		81		70882		185
343		81		71080		187
344		81		71282		187
345		81		71487		187
346		81		71688		187
347		81		71886		187
348		81		72097		187
349		81		72302		187
350		81		72499		187
351		81		72706		187
352		81		72916		187
353		81		73125		187
354		81		73336		187
355		81		73541		187
356		81		73737		187
357		81		73942		187
358		81		74146		188
359		81		74356		188
360		81		74573		188
361		81		74772		188
362		81		74971		188
363		81		75178		188
364		81		75376		188
365		81		75578		188
366		82		75793		188
367		82		76001		187
368		82		76212		187
369		82		76408		187
370		85		76606		187
371		85		76813		187
372		85		77011		187
373		86		77222		186
374		86		77428		186
375		86		77629		186
376		88		77834		187
377		88		78049		187
378		88		78253		187
379		88		78456		187
380		88		78652		187
381		88		78853		187
382		87		79065		189
383		92		79271		189
384		92		79478		189
385		92		79684		189
386		92		79891		189
387		90		80086		190
388		94		80285		188
389		92		80487		188
390		92		80688		188
391		91		80893		189
392		94		81091		188
393		94		81287		188
394		94		81493		188
395		93		81712		188
396		96		81921		187
397		96		82120		187
398		93		82333		188
399		93		82531		188
400		93		82738		188
401		95		82954		189
402		95		83151		189
403		96		83357		190
404		91		83568		189
405		91		83774		189
406		91		83987		189
407		91		84184		189
408		91		84395		189
409		91		84602		189
410		91		84804		189
411		91		85013		189
412		91		85214		189
413		91		85417		189
414		92		85630		188
415		93		85828		188
416		93		86037		188
417		92		86249		188
418		92		86460		188
419		92		86658		188
420		91		86862		189
421		91		87062		189
422		89		87260		187
423		89		87457		187
424		89		87662		187
425		89		87878		187
426		88		88086		188
427		88		88292		188
428		88		88490		188
429		87		88697		188
430		87		88903		188
431		83		89112		188
432		83		89321		188
433		83		89528		188
434		83		89740		188
435		83		89946		188
436		83		90148		188
437		83		90346		188
438		83		90552		188
439		83		90762		188
440		83		90964		187
441		83		91157		187
442		83		91357		187
443		83		91561		187
444		83		91765		187
445		83		91962		187
446		83		92163		187
447		83		92354		187
448		83		92576		187
449		83		92773		187
450		83		92977		187
451		85		93164		188
452		85		93375		188
453		85		93581		188
454		85		93790		188
455		85		93988		188
456		85		94194		188
457		81		94400		187
458		81		94604		187
459		82		94807		186
460		82		95010		186
461		82		95203		186
462		82		95413		186
463		82		95617		186
464		82		95821		186
465		82		96025		186
466		82		96230		186
467		82		96436		186
468		82		96651		186
469		82		96861		186
470		82		97064		186
471		84		97266		188
472		85		97482		189
473		85		97688		189
474		85		97899		189
475		85		98108		189
476		85		98316		189
477		85		98522		189
478		85		98729		189
479		85		98939		189
480		85		99142		189
481		85		99337		189
482		86		99539		189
483		85		99745		189
484		85		99954		189
485		85		100159		189
486		85		100368		189
487		85		100572		189
488		85		100782		189
489		85		100988		189
490		85		101189		189
491		85		101409		189
492		85		101619		189
493		85		101823		189
494		85		102021		189
495		85		102229		189
496		85		102433		189
497		85		102645		189
498		87		102847		188
499		87		103040		188
500		87		103246		188
501		87		103450		188
502		87		103665		188
503		87		103874		188
504		87		104081		187
505		87		104286		187
506		87		104502		187
507		87		104702		187
508		87		104900		187
509		87		105102		187
510		87		105311		187
511		85		105514		185
512		85		105707		185
513		86		105914		186
514		86		106129		186
515		86		106340		186
516		86		106537		186
517		86		106743		186
518		78		106947		186
519		78		107156		186
520		78		107366		186
521		78		107570		186
522		78		107771		186
523		78		107977		186
524		78		108180		186
525		78		108386		186
526		78		108594		186
527		78		108806		186
528		78		109006		186
529		78		109212		186
530		78		109414		186
531		78		109612		186
532		78		109820		186
533		78		110030		186
534		78		110231		186
535		78		110434		186
536		78		110639		186
537		78		110843		186
538		78		111046		186
539		75		111251		188
540		75		111450		188
541		77		111660		187
542		77		111865		187
543		77		112065		187
544		77		112266		187
545		75		112467		188
546		75		112674		188
547		75		112879		188
548		75		113090		188
549		75		113291		188
550		77		113506		187
551		77		113710		187
552		77		113912		187
553		77		114123		187
554		79		114320		189
555		79		114524		189
556		79		114726		189
557		79		114937		189
558		81		115148		188
559		81		115351		188
560		81		115549		188
561		81		115754		188
562		81		115965		188
563		81		116168		188
564		81		116378		188
565		81		116573		188
566		81		116780		188
567		81		116983		188
568		81		117196		188
569		81		117402		188
570		81		117608		188
571		81		117811		188
572		81		118014		188
573		81		118221		188
574		78		118438		188
575		78		118644		188
576		78		118856		188
577		78		119058		188
578		78		119269		188
579		78		119479		188
580		78		119682		188
581		78		119885		188
582		78		120080		188
583		78		120278		188
584		78		120481		188
585		78		120688		188
586		75		120890		187
587		75		121101		187
588		75		121310		187
589		75		121507		187
590		75		121718		187
591		75		121928		187
592		75		122140		187
593		75		122332		187
594		75		122538		187
595		75		122750		187
596		75		122949		187
597		75		123154		187
598		75		123351		188
599		75		123564		188
600		75		123763		188
601		75		123964		188
602		75		124170		188
603		75		124369		188
604		75		124567		188
605		75		124761		188
606		75		124964		188
607		75		125179		188
608		75		125377		188
609		75		125572		188
610		75		125778		188
611		75		125987		188
612		75		126191		188
613		75		126393		188
614		75		126598		188
615		75		126806		188
616		75		127007		188
617		75		127214		188
618		75		127417		188
619		75		127620		188
620		75		127835		188
621		75		128040		188
622		75		128253		188
623		75		128456		188
624		75		128662		188
625		75		128870		188
626		75		129083		188
627		75		129287		188
628		75		129491		188
629		75		129702		188
630		75		129903		188
631		75		130106		188
632		75		130300		188
633		77		130510		188
634		77		130718		188
635		77		130926		188
636		77		131140		188
637		77		131337		188
638		77		131544		188
639		77		131751		188
640		77		131950		188
641		77		132154		188
642		77		132353		188
643		77		132556		188
644		77		132763		189
645		77		132962		189
646		77		133160		189
647		77		133367		189
648		77		133575		189
649		77		133777		189
650		77		133983		189
651		77		134187		189
652		77		134393		189
653		77		134599		189
654		77		134810		189
655		77		135026		189
656		77		135232		189
657		77		135435		189
658		77		135632		189
659		77		135837		189
660		77		136040		189
661		77		136245		189
662		79		136452		188
663		79		136661		188
664		79		136866		188
665		75		137081		187
666		75		137292		187
667		77		137497		186
668		77		137709		186
669		77		137918		186
670		77		138118		186
671		77		138328		186
672		77		138530		186
673		77		138727		186
674		77		138935		186
675		77		139146		186
676		77		139355		186
677		77		139564		186
678		77		139760		186
679		77		139970		186
680		77		140176		186
681		73		140389		188
682		73		140389		188
683		73		140389		188
684		73		140389		188
685		73		140389		188
686		73		140389		188
687		73		140389		188
688		73		140389		188
689		73		140389		188
690		73		140389		188
691		73		140389		188
692		73		140389		188
693		73		140389		188
694		73		140389		188
695		73		140389		188
696		73		140389		188
697		73		140389		188
698		73		140389		188
699		73		140389		188
700		73		140389		188
701		73		140389		188
702		73		140389		188
703		73		140389		188
704		73		140389		188
705		73		140389		188
706		73		140389		188
707		73		140389		188
708		73		140389		188
709		73		140389		188
710		73		140389		188
711		73		140389		188
712		73		140389		188
713		73		140389		188
714		73		140389		188
715		73		140389		188
716		73		140389		188
717		73		140389		188
718		73		140389		188
719		73		140389		188
720		73		140389		188
721		73		140389		188
722		73		140389		188
723		73		140389		188
724		73		140389		188
725		73		140389		188
726		73		140389		188
727		73		140389		188
728		73		140389		188
729		73		140389		188
730		73		140389		188
731		73		140389		188
732		73		140389		188
733		73		140389		188
734		73		140389		188
735		73		140389		188
736		73		140389		188
737		73		140389		188
738		73		140389		188
739		73		140389		188
740		73		140389		188
741		73		140389		188
742		73		140389		188
743		73		140389		188
744		73		140389		188
745		73		140389		188
746		73		140389		188
747		73		140389		188
748		73		140389		188
749		73		140389		188
750		73		140389		188
751		73		140389		188
752		73		140389		188
753		73		140389		188
754		73		140389		188
755		73		140389		188
756		73		140389		188
757		73		140389		188
758		73		140389		188
759		73		140389		188
760		73		140389		188
761		73		140389		188
762		73		140389		188
763		73		140389		188
764		73		140389		188
765		73		140389		188
766		73		140389		188
767		73		140389		188
768		73		140389		188
769		73		140389		188
770		73		140389		188
771		73		140389		188
772		73		140389		188
773		73		140389		188
774		73		140389		188
775		73		140389		188
776		73		140389		188
777		73		140389		188
778		73		140389		188
779		73		140389		188
780		73		140389		188
781		73		140389		188
782		73		140389		188
783		73		140389		188
784		73		140389		188
785		73		140389		188
786		73		140389		188
787		73		140389		188
788		73		140389		188
789		73		140389		188
790		73		140389		188
791		73		140389		188
792		73		140389		188
793		73		140389		188
794		73		140389		188
795		73		140389		188
796		73		140389		188
797		73		140389		188
798		73		140389		188
799		73		140389		188
800		73		140389		188
801		73		140389		188
802		73		140389		188
803		73		140389		188
804		73		140389		188
805		73		140389		188
806		73		140389		188
807		73		140389		188
808		73		140389		188
809		73		140389		188
810		73		140389		188
811		73		140389		188
812		73		140389		188
813		73		140389		188
814		73		140389		188
815		73		140389		188
816		73		140389		188
817		73		140389		188
818		73		140389		188
819		73		140389		188
820		73		140389		188
821		73		140389		188
822		73		140389		188
823		73		140389		188
824		73		140389		188
825		73		140389		188
826		73		140389		188
827		73		140389		188
828		73		140389		188
829		73		140389		188
830		73		140389		188
831		73		140389		188
832		73		140389		188
833		73		140389		188
834		73		140389		188
835		73		140389		188
836		73		140389		188
837		73		140389		188
838		73		140389		188
839		73		140389		188
840		73		140389		188
841		73		140389		188
842		73		140389		188
843		73		140389		188
844		73		140389		188
845		73		140389		188
846		73		140389		188
847		73		140389		188
848		73		140389		188
849		73		140389		188
850		73		140389		188
851		73		140389		188
852		73		140389		188
853		73		140389		188
854		73		140389		188
855		73		140389		188
856		73		140389		188
857		73		140389		188
858		73		140389		188
859		73		140389		188
860		73		140389		188
861		73		140389		188
862		73		140389		188
863		73		140389		188
864		73		140389		188
865		73		140389		188
866		73		140389		188
867		73		140389		188
868		73		140389		188
869		73		140389		188
870		73		140389		188
871		73		140389		188
872		73		140389		188
873		73		140389		188
874		73		140389		188
875		73		140389		188
876		73		140389		188
877		73		140389		188
878		73		140389		188
879		73		140389		188
880		73		140389		188
881		73		140389		188
882		73		140389		188
883		73		140389		188
884		73		140389		188
885		73		140389		188
886		73		140389		188
887		73		140389		188
888		73		140389		188
889		73		140389		188
890		73		140389		188
891		73		140389		188
892		73		140389		188
893		73		140389		188
894		73		140389		188
895		73		140389		188
896		73		140389		188
897		73		140389		188
898		73		140389		188
899		73		140389		188
900		73		140389		188
901		73		140389		188
902		73		140389		188
903		73		140389		188
904		73		140389		188
905		73		140389		188
906		73		140389		188
907		73		140389		188
908		73		140389		188
909		73		140389		188
910		73		140389		188
911		73		140389		188
912		73		140389		188
913		73		140389		188
914		73		140389		188
915		73		140389		188
916		73		140389		188
917		73		140389		188
918		73		140389		188
919		73		140389		188
920		73		140389		188
921		73		140389		188
922		73		140389		188
923		73		140389		188
924		73		140389		188
925		73		140389		188
926		73		140389		188
927		73		140389		188
928		73		140389		188
929		73		140389		188
930		73		140389		188
931		73		140389		188
932		73		140389		188
933		73		140389		188
934		73		140389		188
935		73		140389		188
936		73		140389		188
937		73		140389		188
938		73		140389		188
939		73		140389		188
940		73		140389		188
941		73		140389		188
942		73		140389		188
943		73		140389		188
944		73		140389		188
945		73		140389		188
946		73		140389		188
947		73		140389		188
948		73		140389		188
949		73		140389		188
950		73		140389		188
951		73		140389		188
952		73		140389		188
953		73		140389		188
954		73		140389		188
955		73		140389		188
956		73		140389		188
957		73		140389		188
958		73		140389		188
959		73		140389		188
960		73		140389		188
961		73		140389		188
962		73		140389		188
963		73		140389		188
964		73		140389		188
965		73		140389		188
966		73		140389		188
967		73		140389		188
968		73		140389		188
969		73		140389		188
970		73		140389		188
971		73		140389		188
972		73		140389		188
973		73		140389		188
974		73		140389		188
975		73		140389		188
976		73		140389		188
977		73		140389		188
978		73		140389		188
979		73		140389		188
980		73		140389		188
981		73		140389		188
982		73		140389		188
983		73		140389		188
984		73		140389		188
985		73		140389		188
986		73		140389		188
987		73		140389		188
988		73		140389		188
989		73		140389		188
990		73		140389		188
991		73		140389		188
992		73		140389		188
993		73		140389		188
994		73		140389		188
995		73		140389		188
996		73		140389		188
997		73		140389		188
998		73		140389		188
999		73		140389		188
