# Migration is number of nodes that have changed color.

Round		Edge-Cut		Swaps		Migrations		Skipped
0		504		248		164
1		439		479		176
2		450		709		189
3		406		944		195
4		389		1176		195
5		329		1400		189
6		337		1626		188
7		371		1851		180
8		345		2077		191
9		323		2304		188
10		317		2532		188
11		290		2750		184
12		279		2972		191
13		260		3189		187
14		259		3404		188
15		264		3617		190
16		257		3834		187
17		280		4047		189
18		278		4270		190
19		276		4493		186
20		255		4709		191
21		248		4929		192
22		252		5152		187
23		247		5374		186
24		247		5594		191
25		213		5815		191
26		218		6029		189
27		238		6245		191
28		236		6459		191
29		266		6680		188
30		246		6901		183
31		251		7121		186
32		250		7337		193
33		252		7551		188
34		222		7776		187
35		214		7992		190
36		194		8207		187
37		214		8424		184
38		213		8638		184
39		222		8859		184
40		202		9081		182
41		198		9286		186
42		188		9498		183
43		182		9706		179
44		185		9926		182
45		185		10134		185
46		175		10347		184
47		138		10556		187
48		144		10770		188
49		143		10982		188
50		147		11187		188
51		140		11391		187
52		144		11585		186
53		143		11797		185
54		149		11988		186
55		142		12195		188
56		137		12395		185
57		143		12612		184
58		159		12821		189
59		162		13038		189
60		160		13254		187
61		166		13460		188
62		153		13665		191
63		150		13869		192
64		150		14077		192
65		152		14292		187
66		169		14510		186
67		168		14722		186
68		163		14926		186
69		145		15132		186
70		151		15343		186
71		158		15554		186
72		165		15770		187
73		156		15988		185
74		158		16194		184
75		154		16401		186
76		154		16619		184
77		154		16825		185
78		157		17017		188
79		153		17221		190
80		154		17429		188
81		147		17634		191
82		139		17841		187
83		141		18041		186
84		140		18238		186
85		140		18444		186
86		142		18647		186
87		132		18852		187
88		132		19062		186
89		131		19271		186
90		132		19469		184
91		131		19673		186
92		128		19876		184
93		126		20090		187
94		126		20288		187
95		126		20493		187
96		126		20700		187
97		124		20909		187
98		124		21116		187
99		124		21326		187
100		124		21526		187
101		126		21734		187
102		120		21938		188
103		118		21939		188
104		115		21940		189
105		115		21940		189
106		115		21940		189
107		115		21940		189
108		114		21941		188
109		114		21941		188
110		114		21941		188
111		114		21941		188
112		114		21941		188
113		114		21941		188
114		114		21941		188
115		114		21941		188
116		114		21941		188
117		114		21941		188
118		114		21941		188
119		114		21941		188
120		114		21941		188
121		114		21941		188
122		114		21941		188
123		114		21941		188
124		114		21941		188
125		114		21941		188
126		114		21941		188
127		114		21941		188
128		114		21941		188
129		114		21941		188
130		114		21941		188
131		114		21941		188
132		114		21941		188
133		114		21941		188
134		114		21941		188
135		114		21941		188
136		114		21941		188
137		114		21941		188
138		114		21941		188
139		114		21941		188
140		114		21941		188
141		114		21941		188
142		114		21941		188
143		114		21941		188
144		114		21941		188
145		114		21941		188
146		114		21941		188
147		114		21941		188
148		114		21941		188
149		114		21941		188
150		114		21941		188
151		114		21941		188
152		114		21941		188
153		114		21941		188
154		114		21941		188
155		114		21941		188
156		114		21941		188
157		114		21941		188
158		114		21941		188
159		114		21941		188
160		114		21941		188
161		114		21941		188
162		114		21941		188
163		114		21941		188
164		114		21941		188
165		114		21941		188
166		114		21941		188
167		114		21941		188
168		114		21941		188
169		114		21941		188
170		114		21941		188
171		114		21941		188
172		114		21941		188
173		114		21941		188
174		114		21941		188
175		114		21941		188
176		114		21941		188
177		114		21941		188
178		114		21941		188
179		114		21941		188
180		114		21941		188
181		114		21941		188
182		114		21941		188
183		114		21941		188
184		114		21941		188
185		114		21941		188
186		114		21941		188
187		114		21941		188
188		114		21941		188
189		114		21941		188
190		114		21941		188
191		114		21941		188
192		114		21941		188
193		114		21941		188
194		114		21941		188
195		114		21941		188
196		114		21941		188
197		114		21941		188
198		114		21941		188
199		114		21941		188
200		114		21941		188
201		114		21941		188
202		114		21941		188
203		114		21941		188
204		114		21941		188
205		114		21941		188
206		114		21941		188
207		114		21941		188
208		114		21941		188
209		114		21941		188
210		114		21941		188
211		114		21941		188
212		114		21941		188
213		114		21941		188
214		114		21941		188
215		114		21941		188
216		114		21941		188
217		114		21941		188
218		114		21941		188
219		114		21941		188
220		114		21941		188
221		114		21941		188
222		114		21941		188
223		114		21941		188
224		114		21941		188
225		114		21941		188
226		114		21941		188
227		114		21941		188
228		114		21941		188
229		114		21941		188
230		114		21941		188
231		114		21941		188
232		114		21941		188
233		114		21941		188
234		114		21941		188
235		114		21941		188
236		114		21941		188
237		114		21941		188
238		114		21941		188
239		114		21941		188
240		114		21941		188
241		114		21941		188
242		114		21941		188
243		114		21941		188
244		114		21941		188
245		114		21941		188
246		114		21941		188
247		114		21941		188
248		114		21941		188
249		114		21941		188
250		114		21941		188
251		114		21941		188
252		114		21941		188
253		114		21941		188
254		114		21941		188
255		114		21941		188
256		114		21941		188
257		114		21941		188
258		114		21941		188
259		114		21941		188
260		114		21941		188
261		114		21941		188
262		114		21941		188
263		114		21941		188
264		114		21941		188
265		114		21941		188
266		114		21941		188
267		114		21941		188
268		114		21941		188
269		114		21941		188
270		114		21941		188
271		114		21941		188
272		114		21941		188
273		114		21941		188
274		114		21941		188
275		114		21941		188
276		114		21941		188
277		114		21941		188
278		114		21941		188
279		114		21941		188
280		114		21941		188
281		114		21941		188
282		114		21941		188
283		114		21941		188
284		114		21941		188
285		114		21941		188
286		114		21941		188
287		114		21941		188
288		114		21941		188
289		114		21941		188
290		114		21941		188
291		114		21941		188
292		114		21941		188
293		114		21941		188
294		114		21941		188
295		114		21941		188
296		114		21941		188
297		114		21941		188
298		114		21941		188
299		114		21941		188
300		114		21941		188
301		114		21941		188
302		114		21941		188
303		114		21941		188
304		114		21941		188
305		114		21941		188
306		114		21941		188
307		114		21941		188
308		114		21941		188
309		114		21941		188
310		114		21941		188
311		114		21941		188
312		114		21941		188
313		114		21941		188
314		114		21941		188
315		114		21941		188
316		114		21941		188
317		114		21941		188
318		114		21941		188
319		114		21941		188
320		114		21941		188
321		114		21941		188
322		114		21941		188
323		114		21941		188
324		114		21941		188
325		114		21941		188
326		114		21941		188
327		114		21941		188
328		114		21941		188
329		114		21941		188
330		114		21941		188
331		114		21941		188
332		114		21941		188
333		114		21941		188
334		114		21941		188
335		114		21941		188
336		114		21941		188
337		114		21941		188
338		114		21941		188
339		114		21941		188
340		114		21941		188
341		114		21941		188
342		114		21941		188
343		114		21941		188
344		114		21941		188
345		114		21941		188
346		114		21941		188
347		114		21941		188
348		114		21941		188
349		114		21941		188
350		114		21941		188
351		114		21941		188
352		114		21941		188
353		114		21941		188
354		114		21941		188
355		114		21941		188
356		114		21941		188
357		114		21941		188
358		114		21941		188
359		114		21941		188
360		114		21941		188
361		114		21941		188
362		114		21941		188
363		114		21941		188
364		114		21941		188
365		114		21941		188
366		114		21941		188
367		114		21941		188
368		114		21941		188
369		114		21941		188
370		114		21941		188
371		114		21941		188
372		114		21941		188
373		114		21941		188
374		114		21941		188
375		114		21941		188
376		114		21941		188
377		114		21941		188
378		114		21941		188
379		114		21941		188
380		114		21941		188
381		114		21941		188
382		114		21941		188
383		114		21941		188
384		114		21941		188
385		114		21941		188
386		114		21941		188
387		114		21941		188
388		114		21941		188
389		114		21941		188
390		114		21941		188
391		114		21941		188
392		114		21941		188
393		114		21941		188
394		114		21941		188
395		114		21941		188
396		114		21941		188
397		114		21941		188
398		114		21941		188
399		114		21941		188
400		114		21941		188
401		114		21941		188
402		114		21941		188
403		114		21941		188
404		114		21941		188
405		114		21941		188
406		114		21941		188
407		114		21941		188
408		114		21941		188
409		114		21941		188
410		114		21941		188
411		114		21941		188
412		114		21941		188
413		114		21941		188
414		114		21941		188
415		114		21941		188
416		114		21941		188
417		114		21941		188
418		114		21941		188
419		114		21941		188
420		114		21941		188
421		114		21941		188
422		114		21941		188
423		114		21941		188
424		114		21941		188
425		114		21941		188
426		114		21941		188
427		114		21941		188
428		114		21941		188
429		114		21941		188
430		114		21941		188
431		114		21941		188
432		114		21941		188
433		114		21941		188
434		114		21941		188
435		114		21941		188
436		114		21941		188
437		114		21941		188
438		114		21941		188
439		114		21941		188
440		114		21941		188
441		114		21941		188
442		114		21941		188
443		114		21941		188
444		114		21941		188
445		114		21941		188
446		114		21941		188
447		114		21941		188
448		114		21941		188
449		114		21941		188
450		114		21941		188
451		114		21941		188
452		114		21941		188
453		114		21941		188
454		114		21941		188
455		114		21941		188
456		114		21941		188
457		114		21941		188
458		114		21941		188
459		114		21941		188
460		114		21941		188
461		114		21941		188
462		114		21941		188
463		114		21941		188
464		114		21941		188
465		114		21941		188
466		114		21941		188
467		114		21941		188
468		114		21941		188
469		114		21941		188
470		114		21941		188
471		114		21941		188
472		114		21941		188
473		114		21941		188
474		114		21941		188
475		114		21941		188
476		114		21941		188
477		114		21941		188
478		114		21941		188
479		114		21941		188
480		114		21941		188
481		114		21941		188
482		114		21941		188
483		114		21941		188
484		114		21941		188
485		114		21941		188
486		114		21941		188
487		114		21941		188
488		114		21941		188
489		114		21941		188
490		114		21941		188
491		114		21941		188
492		114		21941		188
493		114		21941		188
494		114		21941		188
495		114		21941		188
496		114		21941		188
497		114		21941		188
498		114		21941		188
499		114		21941		188
500		114		21941		188
501		114		21941		188
502		114		21941		188
503		114		21941		188
504		114		21941		188
505		114		21941		188
506		114		21941		188
507		114		21941		188
508		114		21941		188
509		114		21941		188
510		114		21941		188
511		114		21941		188
512		114		21941		188
513		114		21941		188
514		114		21941		188
515		114		21941		188
516		114		21941		188
517		114		21941		188
518		114		21941		188
519		114		21941		188
520		114		21941		188
521		114		21941		188
522		114		21941		188
523		114		21941		188
524		114		21941		188
525		114		21941		188
526		114		21941		188
527		114		21941		188
528		114		21941		188
529		114		21941		188
530		114		21941		188
531		114		21941		188
532		114		21941		188
533		114		21941		188
534		114		21941		188
535		114		21941		188
536		114		21941		188
537		114		21941		188
538		114		21941		188
539		114		21941		188
540		114		21941		188
541		114		21941		188
542		114		21941		188
543		114		21941		188
544		114		21941		188
545		114		21941		188
546		114		21941		188
547		114		21941		188
548		114		21941		188
549		114		21941		188
550		114		21941		188
551		114		21941		188
552		114		21941		188
553		114		21941		188
554		114		21941		188
555		114		21941		188
556		114		21941		188
557		114		21941		188
558		114		21941		188
559		114		21941		188
560		114		21941		188
561		114		21941		188
562		114		21941		188
563		114		21941		188
564		114		21941		188
565		114		21941		188
566		114		21941		188
567		114		21941		188
568		114		21941		188
569		114		21941		188
570		114		21941		188
571		114		21941		188
572		114		21941		188
573		114		21941		188
574		114		21941		188
575		114		21941		188
576		114		21941		188
577		114		21941		188
578		114		21941		188
579		114		21941		188
580		114		21941		188
581		114		21941		188
582		114		21941		188
583		114		21941		188
584		114		21941		188
585		114		21941		188
586		114		21941		188
587		114		21941		188
588		114		21941		188
589		114		21941		188
590		114		21941		188
591		114		21941		188
592		114		21941		188
593		114		21941		188
594		114		21941		188
595		114		21941		188
596		114		21941		188
597		114		21941		188
598		114		21941		188
599		114		21941		188
600		114		21941		188
601		114		21941		188
602		114		21941		188
603		114		21941		188
604		114		21941		188
605		114		21941		188
606		114		21941		188
607		114		21941		188
608		114		21941		188
609		114		21941		188
610		114		21941		188
611		114		21941		188
612		114		21941		188
613		114		21941		188
614		114		21941		188
615		114		21941		188
616		114		21941		188
617		114		21941		188
618		114		21941		188
619		114		21941		188
620		114		21941		188
621		114		21941		188
622		114		21941		188
623		114		21941		188
624		114		21941		188
625		114		21941		188
626		114		21941		188
627		114		21941		188
628		114		21941		188
629		114		21941		188
630		114		21941		188
631		114		21941		188
632		114		21941		188
633		114		21941		188
634		114		21941		188
635		114		21941		188
636		114		21941		188
637		114		21941		188
638		114		21941		188
639		114		21941		188
640		114		21941		188
641		114		21941		188
642		114		21941		188
643		114		21941		188
644		114		21941		188
645		114		21941		188
646		114		21941		188
647		114		21941		188
648		114		21941		188
649		114		21941		188
650		114		21941		188
651		114		21941		188
652		114		21941		188
653		114		21941		188
654		114		21941		188
655		114		21941		188
656		114		21941		188
657		114		21941		188
658		114		21941		188
659		114		21941		188
660		114		21941		188
661		114		21941		188
662		114		21941		188
663		114		21941		188
664		114		21941		188
665		114		21941		188
666		114		21941		188
667		114		21941		188
668		114		21941		188
669		114		21941		188
670		114		21941		188
671		114		21941		188
672		114		21941		188
673		114		21941		188
674		114		21941		188
675		114		21941		188
676		114		21941		188
677		114		21941		188
678		114		21941		188
679		114		21941		188
680		114		21941		188
681		114		21941		188
682		114		21941		188
683		114		21941		188
684		114		21941		188
685		114		21941		188
686		114		21941		188
687		114		21941		188
688		114		21941		188
689		114		21941		188
690		114		21941		188
691		114		21941		188
692		114		21941		188
693		114		21941		188
694		114		21941		188
695		114		21941		188
696		114		21941		188
697		114		21941		188
698		114		21941		188
699		114		21941		188
700		114		21941		188
701		114		21941		188
702		114		21941		188
703		114		21941		188
704		114		21941		188
705		114		21941		188
706		114		21941		188
707		114		21941		188
708		114		21941		188
709		114		21941		188
710		114		21941		188
711		114		21941		188
712		114		21941		188
713		114		21941		188
714		114		21941		188
715		114		21941		188
716		114		21941		188
717		114		21941		188
718		114		21941		188
719		114		21941		188
720		114		21941		188
721		114		21941		188
722		114		21941		188
723		114		21941		188
724		114		21941		188
725		114		21941		188
726		114		21941		188
727		114		21941		188
728		114		21941		188
729		114		21941		188
730		114		21941		188
731		114		21941		188
732		114		21941		188
733		114		21941		188
734		114		21941		188
735		114		21941		188
736		114		21941		188
737		114		21941		188
738		114		21941		188
739		114		21941		188
740		114		21941		188
741		114		21941		188
742		114		21941		188
743		114		21941		188
744		114		21941		188
745		114		21941		188
746		114		21941		188
747		114		21941		188
748		114		21941		188
749		114		21941		188
750		114		21941		188
751		114		21941		188
752		114		21941		188
753		114		21941		188
754		114		21941		188
755		114		21941		188
756		114		21941		188
757		114		21941		188
758		114		21941		188
759		114		21941		188
760		114		21941		188
761		114		21941		188
762		114		21941		188
763		114		21941		188
764		114		21941		188
765		114		21941		188
766		114		21941		188
767		114		21941		188
768		114		21941		188
769		114		21941		188
770		114		21941		188
771		114		21941		188
772		114		21941		188
773		114		21941		188
774		114		21941		188
775		114		21941		188
776		114		21941		188
777		114		21941		188
778		114		21941		188
779		114		21941		188
780		114		21941		188
781		114		21941		188
782		114		21941		188
783		114		21941		188
784		114		21941		188
785		114		21941		188
786		114		21941		188
787		114		21941		188
788		114		21941		188
789		114		21941		188
790		114		21941		188
791		114		21941		188
792		114		21941		188
793		114		21941		188
794		114		21941		188
795		114		21941		188
796		114		21941		188
797		114		21941		188
798		114		21941		188
799		114		21941		188
800		114		21941		188
801		114		21941		188
802		114		21941		188
803		114		21941		188
804		114		21941		188
805		114		21941		188
806		114		21941		188
807		114		21941		188
808		114		21941		188
809		114		21941		188
810		114		21941		188
811		114		21941		188
812		114		21941		188
813		114		21941		188
814		114		21941		188
815		114		21941		188
816		114		21941		188
817		114		21941		188
818		114		21941		188
819		114		21941		188
820		114		21941		188
821		114		21941		188
822		114		21941		188
823		114		21941		188
824		114		21941		188
825		114		21941		188
826		114		21941		188
827		114		21941		188
828		114		21941		188
829		114		21941		188
830		114		21941		188
831		114		21941		188
832		114		21941		188
833		114		21941		188
834		114		21941		188
835		114		21941		188
836		114		21941		188
837		114		21941		188
838		114		21941		188
839		114		21941		188
840		114		21941		188
841		114		21941		188
842		114		21941		188
843		114		21941		188
844		114		21941		188
845		114		21941		188
846		114		21941		188
847		114		21941		188
848		114		21941		188
849		114		21941		188
850		114		21941		188
851		114		21941		188
852		114		21941		188
853		114		21941		188
854		114		21941		188
855		114		21941		188
856		114		21941		188
857		114		21941		188
858		114		21941		188
859		114		21941		188
860		114		21941		188
861		114		21941		188
862		114		21941		188
863		114		21941		188
864		114		21941		188
865		114		21941		188
866		114		21941		188
867		114		21941		188
868		114		21941		188
869		114		21941		188
870		114		21941		188
871		114		21941		188
872		114		21941		188
873		114		21941		188
874		114		21941		188
875		114		21941		188
876		114		21941		188
877		114		21941		188
878		114		21941		188
879		114		21941		188
880		114		21941		188
881		114		21941		188
882		114		21941		188
883		114		21941		188
884		114		21941		188
885		114		21941		188
886		114		21941		188
887		114		21941		188
888		114		21941		188
889		114		21941		188
890		114		21941		188
891		114		21941		188
892		114		21941		188
893		114		21941		188
894		114		21941		188
895		114		21941		188
896		114		21941		188
897		114		21941		188
898		114		21941		188
899		114		21941		188
900		114		21941		188
901		114		21941		188
902		114		21941		188
903		114		21941		188
904		114		21941		188
905		114		21941		188
906		114		21941		188
907		114		21941		188
908		114		21941		188
909		114		21941		188
910		114		21941		188
911		114		21941		188
912		114		21941		188
913		114		21941		188
914		114		21941		188
915		114		21941		188
916		114		21941		188
917		114		21941		188
918		114		21941		188
919		114		21941		188
920		114		21941		188
921		114		21941		188
922		114		21941		188
923		114		21941		188
924		114		21941		188
925		114		21941		188
926		114		21941		188
927		114		21941		188
928		114		21941		188
929		114		21941		188
930		114		21941		188
931		114		21941		188
932		114		21941		188
933		114		21941		188
934		114		21941		188
935		114		21941		188
936		114		21941		188
937		114		21941		188
938		114		21941		188
939		114		21941		188
940		114		21941		188
941		114		21941		188
942		114		21941		188
943		114		21941		188
944		114		21941		188
945		114		21941		188
946		114		21941		188
947		114		21941		188
948		114		21941		188
949		114		21941		188
950		114		21941		188
951		114		21941		188
952		114		21941		188
953		114		21941		188
954		114		21941		188
955		114		21941		188
956		114		21941		188
957		114		21941		188
958		114		21941		188
959		114		21941		188
960		114		21941		188
961		114		21941		188
962		114		21941		188
963		114		21941		188
964		114		21941		188
965		114		21941		188
966		114		21941		188
967		114		21941		188
968		114		21941		188
969		114		21941		188
970		114		21941		188
971		114		21941		188
972		114		21941		188
973		114		21941		188
974		114		21941		188
975		114		21941		188
976		114		21941		188
977		114		21941		188
978		114		21941		188
979		114		21941		188
980		114		21941		188
981		114		21941		188
982		114		21941		188
983		114		21941		188
984		114		21941		188
985		114		21941		188
986		114		21941		188
987		114		21941		188
988		114		21941		188
989		114		21941		188
990		114		21941		188
991		114		21941		188
992		114		21941		188
993		114		21941		188
994		114		21941		188
995		114		21941		188
996		114		21941		188
997		114		21941		188
998		114		21941		188
999		114		21941		188
