# Migration is number of nodes that have changed color.

Round		Edge-Cut		Swaps		Migrations		Skipped
0		491		244		168
1		386		483		187
2		341		710		190
3		319		932		189
4		312		1157		188
5		306		1389		191
6		316		1617		184
7		298		1838		186
8		287		2061		186
9		296		2278		183
10		276		2505		185
11		254		2728		186
12		258		2948		184
13		271		3167		181
14		234		3381		185
15		237		3612		186
16		257		3832		193
17		241		4051		185
18		253		4263		187
19		221		4489		186
20		232		4717		182
21		205		4943		180
22		230		5159		188
23		220		5380		186
24		233		5598		182
25		211		5814		183
26		215		6028		180
27		242		6247		187
28		184		6466		191
29		170		6681		191
30		189		6883		192
31		202		7099		189
32		203		7313		190
33		197		7526		189
34		196		7741		184
35		198		7962		181
36		204		8185		185
37		203		8400		186
38		175		8620		186
39		180		8840		187
40		189		9057		186
41		200		9274		185
42		205		9498		185
43		191		9714		187
44		184		9923		188
45		210		10129		185
46		208		10338		186
47		223		10557		187
48		201		10766		186
49		195		10987		185
50		202		11204		187
51		209		11416		182
52		216		11627		184
53		210		11847		190
54		196		12063		191
55		209		12275		190
56		187		12488		191
57		186		12708		191
58		182		12926		191
59		194		13149		192
60		191		13362		192
61		191		13578		187
62		199		13794		186
63		186		14014		184
64		170		14221		187
65		179		14443		190
66		195		14659		190
67		202		14877		190
68		211		15086		190
69		166		15286		189
70		162		15482		184
71		154		15692		186
72		169		15903		188
73		187		16121		187
74		192		16332		182
75		189		16555		185
76		184		16771		185
77		174		16987		186
78		197		17192		190
79		213		17395		191
80		198		17609		185
81		198		17822		184
82		194		18036		189
83		222		18254		184
84		223		18469		189
85		212		18679		189
86		183		18898		189
87		162		19104		189
88		183		19329		190
89		188		19541		189
90		204		19753		179
91		176		19966		182
92		176		20187		183
93		160		20395		186
94		172		20602		188
95		180		20809		193
96		180		21028		187
97		175		21240		188
98		168		21456		189
99		175		21674		191
100		171		21880		193
101		174		22088		191
102		176		22306		192
103		194		22515		191
104		192		22726		188
105		181		22936		189
106		186		23138		189
107		177		23350		187
108		173		23574		190
109		171		23790		189
110		187		24011		188
111		180		24220		187
112		201		24426		190
113		212		24636		187
114		202		24851		182
115		195		25055		185
116		197		25272		192
117		194		25486		189
118		183		25701		190
119		185		25922		187
120		185		26138		184
121		195		26350		184
122		188		26566		189
123		185		26774		188
124		182		26984		186
125		185		27196		183
126		193		27414		187
127		159		27635		188
128		156		27847		187
129		159		28051		188
130		175		28262		185
131		180		28483		184
132		191		28698		187
133		209		28914		190
134		191		29133		190
135		188		29347		193
136		186		29556		189
137		185		29767		187
138		193		29973		187
139		180		30183		184
140		188		30396		189
141		199		30605		187
142		182		30817		184
143		161		31035		190
144		159		31252		189
145		168		31457		186
146		165		31668		187
147		171		31878		188
148		180		32086		188
149		150		32310		189
150		155		32521		188
151		154		32732		188
152		161		32936		188
153		156		33135		182
154		170		33355		182
155		175		33567		184
156		177		33781		181
157		173		33996		185
158		167		34206		186
159		170		34416		186
160		167		34624		187
161		176		34834		187
162		176		35053		187
163		167		35257		186
164		157		35462		183
165		161		35673		180
166		161		35881		184
167		154		36087		184
168		153		36295		185
169		154		36511		183
170		153		36731		185
171		149		36950		184
172		147		37155		185
173		162		37366		189
174		166		37578		187
175		146		37789		187
176		147		37995		186
177		156		38205		185
178		145		38429		182
179		147		38638		184
180		161		38844		184
181		158		39057		183
182		176		39269		190
183		178		39490		189
184		167		39703		189
185		163		39910		188
186		161		40134		183
187		176		40357		184
188		181		40576		191
189		162		40783		191
190		171		40990		189
191		184		41200		192
192		197		41417		192
193		176		41627		188
194		165		41836		186
195		172		42044		188
196		177		42256		187
197		155		42472		190
198		164		42686		190
199		167		42906		187
200		139		43109		188
201		144		43323		189
202		143		43534		188
203		148		43737		191
204		158		43955		188
205		157		44155		191
206		161		44364		190
207		168		44583		189
208		179		44795		189
209		174		45009		190
210		166		45222		189
211		165		45438		188
212		169		45644		188
213		167		45857		193
214		174		46069		189
215		170		46283		190
216		182		46494		192
217		192		46715		189
218		196		46932		185
219		209		47143		185
220		185		47354		184
221		182		47565		184
222		168		47769		187
223		167		47973		190
224		162		48182		192
225		148		48390		192
226		129		48590		191
227		127		48809		190
228		136		49022		188
229		140		49230		188
230		135		49440		191
231		137		49652		193
232		125		49865		190
233		129		50074		192
234		136		50296		191
235		130		50506		189
236		129		50707		189
237		127		50910		190
238		128		51119		190
239		145		51338		192
240		136		51545		192
241		129		51750		191
242		133		51950		191
243		131		52161		189
244		132		52375		189
245		137		52584		189
246		145		52789		187
247		148		53015		190
248		153		53220		187
249		161		53432		189
250		158		53641		191
251		156		53857		189
252		163		54070		188
253		157		54284		189
254		146		54506		188
255		154		54714		190
256		163		54936		184
257		163		55151		186
258		166		55357		189
259		160		55579		189
260		156		55789		189
261		160		55993		188
262		148		56201		188
263		148		56403		190
264		153		56624		182
265		156		56832		184
266		158		57048		182
267		161		57247		187
268		160		57464		183
269		159		57677		185
270		162		57888		187
271		160		58093		186
272		159		58312		187
273		148		58529		186
274		151		58736		185
275		138		58946		184
276		138		59148		186
277		138		59360		187
278		144		59574		189
279		145		59778		191
280		171		59984		187
281		175		60197		186
282		160		60416		186
283		150		60632		182
284		156		60843		184
285		150		61047		181
286		158		61255		184
287		165		61466		181
288		169		61675		186
289		167		61885		188
290		156		62099		189
291		165		62318		190
292		157		62533		189
293		160		62740		190
294		156		62949		191
295		159		63152		191
296		153		63367		191
297		158		63583		195
298		138		63804		194
299		135		64022		193
300		136		64226		191
301		130		64431		189
302		136		64631		190
303		125		64833		189
304		130		65044		188
305		119		65258		188
306		124		65470		187
307		125		65679		191
308		125		65903		189
309		117		66114		187
310		113		66326		186
311		117		66533		188
312		121		66746		191
313		125		66951		189
314		125		67160		191
315		131		67367		189
316		121		67573		190
317		121		67773		188
318		115		67977		188
319		115		68183		186
320		117		68392		191
321		132		68599		187
322		134		68811		188
323		133		69014		190
324		126		69219		187
325		128		69434		189
326		133		69640		190
327		129		69838		190
328		124		70050		190
329		116		70257		191
330		112		70452		191
331		112		70661		191
332		119		70867		188
333		123		71078		188
334		127		71275		189
335		128		71487		186
336		118		71698		186
337		122		71905		184
338		112		72117		186
339		116		72317		186
340		102		72523		188
341		110		72735		187
342		112		72950		188
343		116		73154		190
344		120		73368		191
345		119		73572		188
346		119		73784		188
347		119		74001		187
348		119		74223		187
349		112		74445		185
350		110		74643		185
351		109		74856		187
352		116		75054		188
353		113		75267		188
354		121		75469		188
355		117		75677		186
356		117		75890		186
357		116		76090		187
358		116		76290		188
359		117		76500		187
360		118		76712		186
361		120		76924		186
362		116		77134		187
363		115		77343		188
364		112		77545		185
365		119		77751		185
366		116		77960		184
367		116		78173		184
368		116		78393		183
369		106		78600		185
370		105		78804		186
371		109		79013		188
372		99		79222		187
373		99		79437		187
374		105		79641		186
375		105		79835		186
376		112		80035		188
377		114		80237		188
378		113		80445		188
379		115		80646		184
380		118		80844		187
381		118		81054		186
382		122		81264		188
383		115		81475		186
384		112		81685		185
385		119		81883		185
386		108		82097		187
387		113		82310		187
388		100		82517		188
389		103		82736		189
390		101		82940		188
391		110		83145		187
392		110		83351		188
393		110		83562		188
394		112		83767		185
395		112		83982		184
396		112		84181		184
397		113		84388		187
398		107		84592		186
399		107		84798		185
400		107		85009		185
401		112		85215		188
402		110		85419		188
403		104		85634		185
404		96		85840		185
405		96		86040		186
406		99		86243		188
407		104		86445		188
408		104		86650		187
409		109		86855		187
410		102		87067		185
411		100		87271		185
412		98		87482		184
413		100		87689		186
414		94		87901		184
415		94		88104		184
416		94		88307		184
417		94		88513		184
418		97		88717		186
419		97		88918		186
420		97		89132		186
421		97		89341		186
422		97		89539		186
423		99		89752		187
424		99		89971		187
425		100		90177		188
426		100		90373		188
427		101		90573		188
428		108		90779		188
429		107		90977		189
430		110		91184		189
431		109		91392		185
432		103		91590		186
433		103		91795		188
434		107		92011		189
435		105		92210		188
436		108		92418		190
437		113		92625		189
438		116		92841		189
439		119		93057		187
440		120		93252		185
441		122		93454		186
442		122		93664		186
443		120		93858		185
444		110		94059		187
445		110		94265		188
446		111		94466		187
447		109		94672		188
448		109		94880		188
449		108		95091		189
450		107		95309		190
451		111		95520		191
452		112		95728		190
453		112		95931		189
454		103		96133		188
455		104		96335		189
456		106		96539		190
457		106		96748		190
458		107		96954		189
459		108		97155		191
460		108		97365		191
461		108		97573		191
462		108		97776		191
463		109		97989		191
464		109		98178		191
465		111		98385		190
466		110		98594		190
467		111		98795		188
468		114		99002		189
469		117		99210		187
470		117		99418		186
471		119		99619		187
472		124		99816		187
473		114		100020		185
474		112		100222		187
475		112		100435		188
476		112		100652		189
477		112		100865		190
478		112		101071		188
479		108		101284		188
480		103		101491		190
481		106		101693		189
482		111		101897		187
483		106		102111		187
484		106		102319		187
485		106		102518		187
486		106		102737		187
487		103		102952		189
488		103		103160		189
489		103		103367		189
490		103		103577		190
491		103		103784		190
492		99		103992		188
493		103		104197		189
494		102		104399		188
495		102		104597		188
496		102		104805		188
497		104		105009		188
498		104		105220		188
499		104		105421		188
500		98		105630		189
501		101		105843		187
502		101		106062		187
503		103		106266		188
504		103		106454		188
505		103		106664		188
506		103		106870		188
507		100		107078		187
508		102		107277		188
509		101		107476		187
510		105		107688		184
511		105		107901		184
512		105		108110		184
513		105		108319		186
514		107		108528		186
515		109		108733		185
516		107		108940		187
517		109		109131		185
518		109		109341		185
519		110		109548		187
520		112		109747		188
521		109		109948		187
522		111		110148		187
523		108		110348		188
524		109		110550		188
525		109		110753		188
526		110		110945		188
527		107		111160		188
528		110		111359		189
529		110		111556		189
530		113		111749		187
531		108		111956		189
532		105		112162		190
533		107		112376		190
534		105		112577		190
535		106		112763		189
536		105		112967		189
537		105		113180		189
538		101		113383		190
539		101		113584		190
540		99		113788		191
541		99		113985		191
542		100		114189		190
543		100		114392		190
544		100		114599		190
545		100		114798		190
546		100		115000		190
547		102		115204		189
548		102		115415		189
549		102		115634		189
550		102		115844		189
551		102		116041		190
552		102		116248		190
553		102		116457		191
554		100		116666		189
555		100		116875		189
556		100		117074		189
557		100		117266		189
558		99		117466		188
559		100		117675		187
560		100		117874		187
561		100		118084		187
562		100		118296		187
563		92		118506		188
564		84		118697		188
565		84		118896		188
566		84		119100		188
567		84		119290		188
568		84		119495		188
569		84		119701		188
570		84		119910		188
571		84		120113		188
572		84		120322		188
573		84		120527		188
574		86		120746		190
575		86		120946		190
576		86		121156		190
577		88		121355		189
578		88		121552		189
579		88		121752		189
580		88		121955		189
581		88		122161		189
582		88		122366		189
583		88		122581		189
584		88		122783		189
585		88		122979		189
586		88		123188		189
587		88		123400		189
588		88		123603		189
589		88		123797		189
590		88		124017		189
591		88		124234		189
592		88		124435		189
593		88		124639		189
594		88		124842		189
595		88		125050		189
596		88		125267		189
597		88		125468		189
598		88		125673		189
599		88		125889		189
600		88		126090		189
601		88		126290		188
602		88		126484		188
603		88		126683		188
604		88		126891		188
605		88		127096		188
606		88		127300		188
607		88		127511		188
608		88		127714		188
609		88		127912		188
610		88		127912		188
611		88		127912		188
612		88		127912		188
613		88		127912		188
614		88		127912		188
615		88		127912		188
616		88		127912		188
617		89		127913		189
618		89		127913		189
619		89		127913		189
620		89		127913		189
621		89		127913		189
622		84		127915		187
623		84		127915		187
624		84		127915		187
625		84		127915		187
626		84		127915		187
627		84		127915		187
628		84		127915		187
629		84		127915		187
630		84		127915		187
631		84		127915		187
632		84		127915		187
633		84		127915		187
634		84		127915		187
635		84		127915		187
636		84		127915		187
637		84		127915		187
638		84		127915		187
639		84		127915		187
640		84		127915		187
641		84		127915		187
642		84		127915		187
643		84		127915		187
644		84		127915		187
645		84		127915		187
646		84		127915		187
647		84		127915		187
648		84		127915		187
649		84		127915		187
650		84		127915		187
651		84		127915		187
652		84		127915		187
653		84		127915		187
654		84		127915		187
655		84		127915		187
656		84		127915		187
657		84		127915		187
658		84		127915		187
659		84		127915		187
660		84		127915		187
661		84		127915		187
662		84		127915		187
663		84		127915		187
664		84		127915		187
665		84		127915		187
666		84		127915		187
667		84		127915		187
668		84		127915		187
669		84		127915		187
670		84		127915		187
671		84		127915		187
672		84		127915		187
673		84		127915		187
674		84		127915		187
675		84		127915		187
676		84		127915		187
677		84		127915		187
678		84		127915		187
679		84		127915		187
680		84		127915		187
681		84		127915		187
682		84		127915		187
683		84		127915		187
684		84		127915		187
685		84		127915		187
686		84		127915		187
687		84		127915		187
688		84		127915		187
689		84		127915		187
690		84		127915		187
691		84		127915		187
692		84		127915		187
693		84		127915		187
694		84		127915		187
695		84		127915		187
696		84		127915		187
697		84		127915		187
698		84		127915		187
699		84		127915		187
700		84		127915		187
701		84		127915		187
702		84		127915		187
703		84		127915		187
704		84		127915		187
705		84		127915		187
706		84		127915		187
707		84		127915		187
708		84		127915		187
709		84		127915		187
710		84		127915		187
711		84		127915		187
712		84		127915		187
713		84		127915		187
714		84		127915		187
715		84		127915		187
716		84		127915		187
717		84		127915		187
718		84		127915		187
719		84		127915		187
720		84		127915		187
721		84		127915		187
722		84		127915		187
723		84		127915		187
724		84		127915		187
725		84		127915		187
726		84		127915		187
727		84		127915		187
728		84		127915		187
729		84		127915		187
730		84		127915		187
731		84		127915		187
732		84		127915		187
733		84		127915		187
734		84		127915		187
735		84		127915		187
736		84		127915		187
737		84		127915		187
738		84		127915		187
739		84		127915		187
740		84		127915		187
741		84		127915		187
742		84		127915		187
743		84		127915		187
744		84		127915		187
745		84		127915		187
746		84		127915		187
747		84		127915		187
748		84		127915		187
749		84		127915		187
750		84		127915		187
751		84		127915		187
752		84		127915		187
753		84		127915		187
754		84		127915		187
755		84		127915		187
756		84		127915		187
757		84		127915		187
758		84		127915		187
759		84		127915		187
760		84		127915		187
761		84		127915		187
762		84		127915		187
763		84		127915		187
764		84		127915		187
765		84		127915		187
766		84		127915		187
767		84		127915		187
768		84		127915		187
769		84		127915		187
770		84		127915		187
771		84		127915		187
772		84		127915		187
773		84		127915		187
774		84		127915		187
775		84		127915		187
776		84		127915		187
777		84		127915		187
778		84		127915		187
779		84		127915		187
780		84		127915		187
781		84		127915		187
782		84		127915		187
783		84		127915		187
784		84		127915		187
785		84		127915		187
786		84		127915		187
787		84		127915		187
788		84		127915		187
789		84		127915		187
790		84		127915		187
791		84		127915		187
792		84		127915		187
793		84		127915		187
794		84		127915		187
795		84		127915		187
796		84		127915		187
797		84		127915		187
798		84		127915		187
799		84		127915		187
800		84		127915		187
801		84		127915		187
802		84		127915		187
803		84		127915		187
804		84		127915		187
805		84		127915		187
806		84		127915		187
807		84		127915		187
808		84		127915		187
809		84		127915		187
810		84		127915		187
811		84		127915		187
812		84		127915		187
813		84		127915		187
814		84		127915		187
815		84		127915		187
816		84		127915		187
817		84		127915		187
818		84		127915		187
819		84		127915		187
820		84		127915		187
821		84		127915		187
822		84		127915		187
823		84		127915		187
824		84		127915		187
825		84		127915		187
826		84		127915		187
827		84		127915		187
828		84		127915		187
829		84		127915		187
830		84		127915		187
831		84		127915		187
832		84		127915		187
833		84		127915		187
834		84		127915		187
835		84		127915		187
836		84		127915		187
837		84		127915		187
838		84		127915		187
839		84		127915		187
840		84		127915		187
841		84		127915		187
842		84		127915		187
843		84		127915		187
844		84		127915		187
845		84		127915		187
846		84		127915		187
847		84		127915		187
848		84		127915		187
849		84		127915		187
850		84		127915		187
851		84		127915		187
852		84		127915		187
853		84		127915		187
854		84		127915		187
855		84		127915		187
856		84		127915		187
857		84		127915		187
858		84		127915		187
859		84		127915		187
860		84		127915		187
861		84		127915		187
862		84		127915		187
863		84		127915		187
864		84		127915		187
865		84		127915		187
866		84		127915		187
867		84		127915		187
868		84		127915		187
869		84		127915		187
870		84		127915		187
871		84		127915		187
872		84		127915		187
873		84		127915		187
874		84		127915		187
875		84		127915		187
876		84		127915		187
877		84		127915		187
878		84		127915		187
879		84		127915		187
880		84		127915		187
881		84		127915		187
882		84		127915		187
883		84		127915		187
884		84		127915		187
885		84		127915		187
886		84		127915		187
887		84		127915		187
888		84		127915		187
889		84		127915		187
890		84		127915		187
891		84		127915		187
892		84		127915		187
893		84		127915		187
894		84		127915		187
895		84		127915		187
896		84		127915		187
897		84		127915		187
898		84		127915		187
899		84		127915		187
900		84		127915		187
901		84		127915		187
902		84		127915		187
903		84		127915		187
904		84		127915		187
905		84		127915		187
906		84		127915		187
907		84		127915		187
908		84		127915		187
909		84		127915		187
910		84		127915		187
911		84		127915		187
912		84		127915		187
913		84		127915		187
914		84		127915		187
915		84		127915		187
916		84		127915		187
917		84		127915		187
918		84		127915		187
919		84		127915		187
920		84		127915		187
921		84		127915		187
922		84		127915		187
923		84		127915		187
924		84		127915		187
925		84		127915		187
926		84		127915		187
927		84		127915		187
928		84		127915		187
929		84		127915		187
930		84		127915		187
931		84		127915		187
932		84		127915		187
933		84		127915		187
934		84		127915		187
935		84		127915		187
936		84		127915		187
937		84		127915		187
938		84		127915		187
939		84		127915		187
940		84		127915		187
941		84		127915		187
942		84		127915		187
943		84		127915		187
944		84		127915		187
945		84		127915		187
946		84		127915		187
947		84		127915		187
948		84		127915		187
949		84		127915		187
950		84		127915		187
951		84		127915		187
952		84		127915		187
953		84		127915		187
954		84		127915		187
955		84		127915		187
956		84		127915		187
957		84		127915		187
958		84		127915		187
959		84		127915		187
960		84		127915		187
961		84		127915		187
962		84		127915		187
963		84		127915		187
964		84		127915		187
965		84		127915		187
966		84		127915		187
967		84		127915		187
968		84		127915		187
969		84		127915		187
970		84		127915		187
971		84		127915		187
972		84		127915		187
973		84		127915		187
974		84		127915		187
975		84		127915		187
976		84		127915		187
977		84		127915		187
978		84		127915		187
979		84		127915		187
980		84		127915		187
981		84		127915		187
982		84		127915		187
983		84		127915		187
984		84		127915		187
985		84		127915		187
986		84		127915		187
987		84		127915		187
988		84		127915		187
989		84		127915		187
990		84		127915		187
991		84		127915		187
992		84		127915		187
993		84		127915		187
994		84		127915		187
995		84		127915		187
996		84		127915		187
997		84		127915		187
998		84		127915		187
999		84		127915		187
