# Migration is number of nodes that have changed color.

Round		Edge-Cut		Swaps		Migrations		Skipped
0		462		240		154
1		359		464		176
2		315		689		178
3		280		908		187
4		239		1121		190
5		221		1340		191
6		196		1566		189
7		188		1767		187
8		189		1973		186
9		174		2180		187
10		172		2398		186
11		157		2600		187
12		162		2802		184
13		163		3013		184
14		162		3205		185
15		156		3424		187
16		153		3629		188
17		157		3833		187
18		154		4031		189
19		152		4234		188
20		145		4443		188
21		144		4661		188
22		146		4868		188
23		145		5082		189
24		145		5296		187
25		143		5498		185
26		146		5705		185
27		143		5921		187
28		141		6118		187
29		141		6329		187
30		141		6531		187
31		142		6733		185
32		140		6941		187
33		147		7141		188
34		146		7365		188
35		142		7580		188
36		141		7794		189
37		143		8017		189
38		143		8220		189
39		141		8434		186
40		141		8640		187
41		142		8847		187
42		143		9057		187
43		141		9265		185
44		138		9473		185
45		144		9687		183
46		140		9896		186
47		140		10108		187
48		140		10319		187
49		138		10521		188
50		138		10724		190
51		138		10926		190
52		141		11126		189
53		139		11337		188
54		138		11538		185
55		140		11740		184
56		141		11944		185
57		138		12155		186
58		139		12359		188
59		138		12577		189
60		138		12789		189
61		138		12997		189
62		139		13204		187
63		141		13422		187
64		144		13636		189
65		147		13844		188
66		148		14054		187
67		143		14260		187
68		141		14460		187
69		133		14659		188
70		132		14865		186
71		131		15076		187
72		130		15290		187
73		131		15500		186
74		132		15697		185
75		130		15905		186
76		130		16116		185
77		128		16325		183
78		127		16527		184
79		127		16727		185
80		130		16931		181
81		131		17145		183
82		127		17355		185
83		128		17564		186
84		121		17772		185
85		121		17977		185
86		115		18193		188
87		113		18393		187
88		113		18596		187
89		110		18807		186
90		110		19013		187
91		110		19222		187
92		110		19431		187
93		108		19639		189
94		107		19842		189
95		107		20042		190
96		100		20250		190
97		99		20456		191
98		99		20673		191
99		102		20883		190
100		105		21090		188
101		105		21295		188
102		105		21498		188
103		101		21701		188
104		101		21907		188
105		99		22109		190
106		98		22311		189
107		98		22518		189
108		100		22732		189
109		100		22931		188
110		99		23138		188
111		99		23348		188
112		99		23549		188
113		99		23748		188
114		99		23959		188
115		99		24173		188
116		97		24383		188
117		97		24584		188
118		97		24789		188
119		97		24999		188
120		97		25205		188
121		97		25404		188
122		97		25618		188
123		97		25808		188
124		97		26010		188
125		97		26217		188
126		97		26415		188
127		99		26618		188
128		99		26815		188
129		100		27022		189
130		100		27235		189
131		101		27444		189
132		101		27659		189
133		101		27858		189
134		102		28065		188
135		101		28275		189
136		101		28477		188
137		101		28683		188
138		101		28887		188
139		103		29092		189
140		100		29310		189
141		100		29513		189
142		100		29718		189
143		100		29927		189
144		100		30125		189
145		100		30328		189
146		100		30532		189
147		100		30739		189
148		100		30946		189
149		100		31149		189
150		100		31350		189
151		100		31562		189
152		100		31756		189
153		100		31955		189
154		100		32172		189
155		100		32367		189
156		102		32569		187
157		104		32771		186
158		106		32978		188
159		106		33189		188
160		107		33401		187
161		107		33610		187
162		107		33820		187
163		107		34024		187
164		107		34240		187
165		106		34455		186
166		106		34660		186
167		110		34879		187
168		110		35080		187
169		109		35281		187
170		105		35485		187
171		105		35690		187
172		103		35892		186
173		103		36095		186
174		103		36301		186
175		97		36514		188
176		98		36722		187
177		99		36930		188
178		99		37140		188
179		99		37355		188
180		99		37558		188
181		99		37767		188
182		100		37970		189
183		100		38181		189
184		100		38389		188
185		100		38596		188
186		100		38801		188
187		100		39010		188
188		100		39202		188
189		100		39411		188
190		101		39609		189
191		99		39814		189
192		100		40014		188
193		100		40216		188
194		102		40417		188
195		101		40623		188
196		101		40837		188
197		99		41038		188
198		101		41247		187
199		100		41448		188
200		100		41655		188
201		100		41858		188
202		100		42070		188
203		100		42277		188
204		93		42495		188
205		93		42690		188
206		93		42890		188
207		93		43089		188
208		93		43294		188
209		93		43496		188
210		93		43710		188
211		93		43913		188
212		93		44111		188
213		93		44316		188
214		93		44525		188
215		93		44742		188
216		93		44950		188
217		93		45155		188
218		94		45359		187
219		94		45563		187
220		94		45774		187
221		94		45978		187
222		94		46184		187
223		95		46385		187
224		95		46591		187
225		95		46799		187
226		95		47012		187
227		95		47229		187
228		95		47438		187
229		95		47635		187
230		95		47833		187
231		95		48042		187
232		95		48250		187
233		95		48456		187
234		95		48657		187
235		95		48855		187
236		95		49057		187
237		95		49258		187
238		95		49468		187
239		95		49468		187
240		95		49468		187
241		93		49469		186
242		93		49469		186
243		93		49469		186
244		93		49469		186
245		86		49470		185
246		86		49470		185
247		86		49470		185
248		86		49470		185
249		86		49470		185
250		86		49470		185
251		86		49470		185
252		86		49470		185
253		86		49470		185
254		86		49470		185
255		86		49470		185
256		86		49470		185
257		86		49470		185
258		86		49470		185
259		86		49470		185
260		86		49470		185
261		86		49470		185
262		86		49470		185
263		86		49470		185
264		86		49470		185
265		87		49471		187
266		87		49471		187
267		87		49471		187
268		87		49471		187
269		87		49471		187
270		87		49471		187
271		87		49471		187
272		87		49471		187
273		87		49471		187
274		87		49471		187
275		87		49471		187
276		87		49471		187
277		87		49471		187
278		87		49471		187
279		87		49471		187
280		87		49471		187
281		87		49471		187
282		87		49471		187
283		87		49471		187
284		87		49471		187
285		87		49471		187
286		87		49471		187
287		87		49471		187
288		86		49472		185
289		86		49472		185
290		86		49472		185
291		86		49472		185
292		86		49472		185
293		86		49472		185
294		86		49472		185
295		86		49472		185
296		86		49472		185
297		86		49472		185
298		86		49472		185
299		86		49472		185
300		86		49472		185
301		87		49473		187
302		87		49473		187
303		87		49473		187
304		86		49474		185
305		86		49474		185
306		86		49474		185
307		86		49474		185
308		86		49474		185
309		86		49474		185
310		86		49474		185
311		86		49474		185
312		86		49474		185
313		86		49475		185
314		86		49475		185
315		86		49475		185
316		86		49475		185
317		86		49475		185
318		86		49475		185
319		86		49475		185
320		86		49475		185
321		86		49475		185
322		86		49475		185
323		87		49476		187
324		87		49476		187
325		86		49477		186
326		86		49477		186
327		86		49477		186
328		86		49477		186
329		86		49477		186
330		86		49477		186
331		86		49477		186
332		86		49477		186
333		86		49477		186
334		86		49477		186
335		87		49478		186
336		87		49478		186
337		87		49478		186
338		87		49478		186
339		87		49478		186
340		86		49479		186
341		86		49479		186
342		86		49479		186
343		86		49479		186
344		86		49479		186
345		87		49480		187
346		87		49480		187
347		87		49480		187
348		87		49480		187
349		87		49480		187
350		87		49480		187
351		87		49480		187
352		87		49480		187
353		87		49480		187
354		87		49480		187
355		87		49480		187
356		86		49481		186
357		86		49481		186
358		86		49481		186
359		86		49481		186
360		86		49481		186
361		86		49481		186
362		86		49481		186
363		86		49481		186
364		86		49481		186
365		86		49481		186
366		86		49481		186
367		86		49481		186
368		86		49481		186
369		86		49481		186
370		86		49481		186
371		86		49481		186
372		86		49481		186
373		86		49481		186
374		86		49481		186
375		86		49481		186
376		86		49481		186
377		86		49481		186
378		87		49482		185
379		87		49482		185
380		86		49483		185
381		86		49483		185
382		86		49483		185
383		86		49483		185
384		86		49483		185
385		86		49483		185
386		86		49483		185
387		86		49483		185
388		86		49483		185
389		86		49483		185
390		86		49483		185
391		86		49483		185
392		86		49483		185
393		86		49483		185
394		86		49483		185
395		86		49483		185
396		86		49483		185
397		86		49483		185
398		86		49483		185
399		86		49483		185
400		87		49484		187
401		87		49484		187
402		87		49484		187
403		87		49484		187
404		87		49484		187
405		87		49484		187
406		87		49484		187
407		87		49484		187
408		87		49484		187
409		87		49484		187
410		87		49484		187
411		88		49485		186
412		86		49486		186
413		86		49486		186
414		86		49486		186
415		86		49486		186
416		86		49486		186
417		86		49486		186
418		86		49486		186
419		86		49486		186
420		86		49486		186
421		86		49486		186
422		86		49486		186
423		86		49486		186
424		86		49486		186
425		86		49486		186
426		86		49486		186
427		86		49486		186
428		86		49486		186
429		86		49486		186
430		86		49486		186
431		86		49486		186
432		86		49486		186
433		86		49486		186
434		87		49487		186
435		87		49487		186
436		87		49487		186
437		87		49487		186
438		87		49487		186
439		87		49487		186
440		86		49488		185
441		86		49488		185
442		86		49488		185
443		86		49488		185
444		86		49488		185
445		86		49488		185
446		86		49488		185
447		86		49488		185
448		86		49488		185
449		86		49488		185
450		87		49489		187
451		87		49489		187
452		87		49489		187
453		87		49489		187
454		87		49489		187
455		87		49489		187
456		87		49489		187
457		87		49489		187
458		87		49489		187
459		87		49489		187
460		87		49489		187
461		87		49489		187
462		88		49490		186
463		86		49491		186
464		86		49491		186
465		86		49491		186
466		86		49491		186
467		86		49491		186
468		86		49491		186
469		86		49491		186
470		86		49491		186
471		86		49491		186
472		86		49491		186
473		86		49491		186
474		86		49491		186
475		86		49491		186
476		86		49491		186
477		86		49491		186
478		86		49491		186
479		86		49491		186
480		86		49491		186
481		86		49491		186
482		86		49491		186
483		86		49491		186
484		86		49491		186
485		86		49491		186
486		87		49492		186
487		86		49493		185
488		86		49493		185
489		86		49493		185
490		86		49493		185
491		87		49494		187
492		88		49495		186
493		88		49495		186
494		88		49495		186
495		86		49496		185
496		86		49496		185
497		86		49496		185
498		86		49496		185
499		86		49496		185
500		86		49496		185
501		86		49496		185
502		86		49496		185
503		86		49496		185
504		86		49497		187
505		86		49497		187
506		86		49497		187
507		82		49498		188
508		82		49498		188
509		82		49498		188
510		82		49498		188
511		82		49498		188
512		82		49498		188
513		82		49498		188
514		82		49498		188
515		82		49498		188
516		82		49498		188
517		82		49498		188
518		82		49498		188
519		82		49498		188
520		82		49498		188
521		82		49498		188
522		82		49498		188
523		82		49498		188
524		82		49498		188
525		82		49498		188
526		82		49498		188
527		82		49498		188
528		82		49498		188
529		82		49498		188
530		82		49498		188
531		82		49498		188
532		82		49498		188
533		82		49498		188
534		82		49498		188
535		82		49498		188
536		82		49498		188
537		82		49498		188
538		82		49498		188
539		82		49498		188
540		82		49498		188
541		82		49498		188
542		82		49498		188
543		82		49498		188
544		82		49498		188
545		82		49498		188
546		82		49498		188
547		82		49498		188
548		82		49498		188
549		82		49498		188
550		82		49498		188
551		82		49498		188
552		82		49498		188
553		82		49498		188
554		82		49498		188
555		82		49498		188
556		82		49498		188
557		82		49498		188
558		82		49498		188
559		82		49498		188
560		82		49498		188
561		82		49498		188
562		82		49498		188
563		82		49498		188
564		82		49498		188
565		82		49498		188
566		82		49498		188
567		82		49498		188
568		82		49498		188
569		82		49498		188
570		82		49498		188
571		82		49498		188
572		82		49498		188
573		82		49498		188
574		82		49498		188
575		82		49498		188
576		82		49498		188
577		82		49498		188
578		82		49498		188
579		82		49498		188
580		82		49498		188
581		82		49498		188
582		82		49498		188
583		82		49498		188
584		82		49498		188
585		82		49498		188
586		82		49498		188
587		82		49498		188
588		82		49498		188
589		82		49498		188
590		82		49498		188
591		82		49498		188
592		82		49498		188
593		82		49498		188
594		82		49498		188
595		82		49498		188
596		82		49498		188
597		82		49498		188
598		82		49498		188
599		82		49498		188
600		82		49498		188
601		82		49498		188
602		82		49498		188
603		82		49498		188
604		82		49498		188
605		82		49498		188
606		82		49498		188
607		82		49498		188
608		82		49498		188
609		82		49498		188
610		82		49498		188
611		82		49498		188
612		82		49498		188
613		82		49498		188
614		82		49498		188
615		82		49498		188
616		82		49498		188
617		82		49498		188
618		82		49498		188
619		82		49498		188
620		82		49498		188
621		82		49498		188
622		82		49498		188
623		82		49498		188
624		82		49498		188
625		82		49498		188
626		82		49498		188
627		82		49498		188
628		82		49498		188
629		82		49498		188
630		82		49498		188
631		82		49498		188
632		82		49498		188
633		82		49498		188
634		82		49498		188
635		82		49498		188
636		82		49498		188
637		82		49498		188
638		82		49498		188
639		82		49498		188
640		82		49498		188
641		82		49498		188
642		82		49498		188
643		82		49498		188
644		82		49498		188
645		82		49498		188
646		82		49498		188
647		82		49498		188
648		82		49498		188
649		82		49498		188
650		82		49498		188
651		82		49498		188
652		82		49498		188
653		82		49498		188
654		82		49498		188
655		82		49498		188
656		82		49498		188
657		82		49498		188
658		82		49498		188
659		82		49498		188
660		82		49498		188
661		82		49498		188
662		82		49498		188
663		82		49498		188
664		82		49498		188
665		82		49498		188
666		82		49498		188
667		82		49498		188
668		82		49498		188
669		82		49498		188
670		82		49498		188
671		82		49498		188
672		82		49498		188
673		82		49498		188
674		82		49498		188
675		82		49498		188
676		82		49498		188
677		82		49498		188
678		82		49498		188
679		82		49498		188
680		82		49498		188
681		82		49498		188
682		82		49498		188
683		82		49498		188
684		82		49498		188
685		82		49498		188
686		82		49498		188
687		82		49498		188
688		82		49498		188
689		82		49498		188
690		82		49498		188
691		82		49498		188
692		82		49498		188
693		82		49498		188
694		82		49498		188
695		82		49498		188
696		82		49498		188
697		82		49498		188
698		82		49498		188
699		82		49498		188
700		82		49498		188
701		82		49498		188
702		82		49498		188
703		82		49498		188
704		82		49498		188
705		82		49498		188
706		82		49498		188
707		82		49498		188
708		82		49498		188
709		82		49498		188
710		82		49498		188
711		82		49498		188
712		82		49498		188
713		82		49498		188
714		82		49498		188
715		82		49498		188
716		82		49498		188
717		82		49498		188
718		82		49498		188
719		82		49498		188
720		82		49498		188
721		82		49498		188
722		82		49498		188
723		82		49498		188
724		82		49498		188
725		82		49498		188
726		82		49498		188
727		82		49498		188
728		82		49498		188
729		82		49498		188
730		82		49498		188
731		82		49498		188
732		82		49498		188
733		82		49498		188
734		82		49498		188
735		82		49498		188
736		82		49498		188
737		82		49498		188
738		82		49498		188
739		82		49498		188
740		82		49498		188
741		82		49498		188
742		82		49498		188
743		82		49498		188
744		82		49498		188
745		82		49498		188
746		82		49498		188
747		82		49498		188
748		82		49498		188
749		82		49498		188
750		82		49498		188
751		82		49498		188
752		82		49498		188
753		82		49498		188
754		82		49498		188
755		82		49498		188
756		82		49498		188
757		82		49498		188
758		82		49498		188
759		82		49498		188
760		82		49498		188
761		82		49498		188
762		82		49498		188
763		82		49498		188
764		82		49498		188
765		82		49498		188
766		82		49498		188
767		82		49498		188
768		82		49498		188
769		82		49498		188
770		82		49498		188
771		82		49498		188
772		82		49498		188
773		82		49498		188
774		82		49498		188
775		82		49498		188
776		82		49498		188
777		82		49498		188
778		82		49498		188
779		82		49498		188
780		82		49498		188
781		82		49498		188
782		82		49498		188
783		82		49498		188
784		82		49498		188
785		82		49498		188
786		82		49498		188
787		82		49498		188
788		82		49498		188
789		82		49498		188
790		82		49498		188
791		82		49498		188
792		82		49498		188
793		82		49498		188
794		82		49498		188
795		82		49498		188
796		82		49498		188
797		82		49498		188
798		82		49498		188
799		82		49498		188
800		82		49498		188
801		82		49498		188
802		82		49498		188
803		82		49498		188
804		82		49498		188
805		82		49498		188
806		82		49498		188
807		82		49498		188
808		82		49498		188
809		82		49498		188
810		82		49498		188
811		82		49498		188
812		82		49498		188
813		82		49498		188
814		82		49498		188
815		82		49498		188
816		82		49498		188
817		82		49498		188
818		82		49498		188
819		82		49498		188
820		82		49498		188
821		82		49498		188
822		82		49498		188
823		82		49498		188
824		82		49498		188
825		82		49498		188
826		82		49498		188
827		82		49498		188
828		82		49498		188
829		82		49498		188
830		82		49498		188
831		82		49498		188
832		82		49498		188
833		82		49498		188
834		82		49498		188
835		82		49498		188
836		82		49498		188
837		82		49498		188
838		82		49498		188
839		82		49498		188
840		82		49498		188
841		82		49498		188
842		82		49498		188
843		82		49498		188
844		82		49498		188
845		82		49498		188
846		82		49498		188
847		82		49498		188
848		82		49498		188
849		82		49498		188
850		82		49498		188
851		82		49498		188
852		82		49498		188
853		82		49498		188
854		82		49498		188
855		82		49498		188
856		82		49498		188
857		82		49498		188
858		82		49498		188
859		82		49498		188
860		82		49498		188
861		82		49498		188
862		82		49498		188
863		82		49498		188
864		82		49498		188
865		82		49498		188
866		82		49498		188
867		82		49498		188
868		82		49498		188
869		82		49498		188
870		82		49498		188
871		82		49498		188
872		82		49498		188
873		82		49498		188
874		82		49498		188
875		82		49498		188
876		82		49498		188
877		82		49498		188
878		82		49498		188
879		82		49498		188
880		82		49498		188
881		82		49498		188
882		82		49498		188
883		82		49498		188
884		82		49498		188
885		82		49498		188
886		82		49498		188
887		82		49498		188
888		82		49498		188
889		82		49498		188
890		82		49498		188
891		82		49498		188
892		82		49498		188
893		82		49498		188
894		82		49498		188
895		82		49498		188
896		82		49498		188
897		82		49498		188
898		82		49498		188
899		82		49498		188
900		82		49498		188
901		82		49498		188
902		82		49498		188
903		82		49498		188
904		82		49498		188
905		82		49498		188
906		82		49498		188
907		82		49498		188
908		82		49498		188
909		82		49498		188
910		82		49498		188
911		82		49498		188
912		82		49498		188
913		82		49498		188
914		82		49498		188
915		82		49498		188
916		82		49498		188
917		82		49498		188
918		82		49498		188
919		82		49498		188
920		82		49498		188
921		82		49498		188
922		82		49498		188
923		82		49498		188
924		82		49498		188
925		82		49498		188
926		82		49498		188
927		82		49498		188
928		82		49498		188
929		82		49498		188
930		82		49498		188
931		82		49498		188
932		82		49498		188
933		82		49498		188
934		82		49498		188
935		82		49498		188
936		82		49498		188
937		82		49498		188
938		82		49498		188
939		82		49498		188
940		82		49498		188
941		82		49498		188
942		82		49498		188
943		82		49498		188
944		82		49498		188
945		82		49498		188
946		82		49498		188
947		82		49498		188
948		82		49498		188
949		82		49498		188
950		82		49498		188
951		82		49498		188
952		82		49498		188
953		82		49498		188
954		82		49498		188
955		82		49498		188
956		82		49498		188
957		82		49498		188
958		82		49498		188
959		82		49498		188
960		82		49498		188
961		82		49498		188
962		82		49498		188
963		82		49498		188
964		82		49498		188
965		82		49498		188
966		82		49498		188
967		82		49498		188
968		82		49498		188
969		82		49498		188
970		82		49498		188
971		82		49498		188
972		82		49498		188
973		82		49498		188
974		82		49498		188
975		82		49498		188
976		82		49498		188
977		82		49498		188
978		82		49498		188
979		82		49498		188
980		82		49498		188
981		82		49498		188
982		82		49498		188
983		82		49498		188
984		82		49498		188
985		82		49498		188
986		82		49498		188
987		82		49498		188
988		82		49498		188
989		82		49498		188
990		82		49498		188
991		82		49498		188
992		82		49498		188
993		82		49498		188
994		82		49498		188
995		82		49498		188
996		82		49498		188
997		82		49498		188
998		82		49498		188
999		82		49498		188
