# Migration is number of nodes that have changed color.

Round		Edge-Cut		Swaps		Migrations		Skipped
0		490		249		175
1		426		489		182
2		386		722		188
3		384		953		192
4		385		1193		183
5		387		1426		181
6		360		1660		181
7		320		1887		183
8		282		2115		189
9		296		2339		183
10		288		2572		186
11		316		2788		185
12		304		3019		181
13		282		3249		186
14		294		3469		186
15		277		3696		184
16		307		3917		182
17		285		4143		179
18		308		4372		179
19		355		4602		177
20		313		4826		183
21		316		5057		192
22		279		5289		184
23		285		5519		183
24		281		5751		194
25		282		5977		188
26		342		6208		198
27		331		6441		191
28		312		6666		187
29		305		6900		191
30		287		7126		183
31		277		7355		187
32		319		7587		192
33		283		7816		191
34		270		8041		187
35		244		8267		183
36		276		8490		188
37		275		8710		184
38		264		8935		191
39		251		9165		196
40		261		9391		183
41		252		9611		188
42		265		9840		188
43		268		10058		190
44		249		10280		187
45		240		10499		186
46		242		10718		192
47		250		10943		190
48		274		11153		185
49		271		11381		184
50		249		11605		185
51		263		11826		190
52		301		12045		189
53		303		12266		190
54		315		12490		184
55		289		12717		187
56		284		12944		183
57		300		13163		183
58		299		13390		180
59		323		13624		182
60		303		13855		192
61		299		14087		192
62		298		14314		190
63		272		14537		191
64		244		14767		193
65		259		14988		194
66		269		15214		188
67		309		15438		192
68		313		15667		190
69		302		15900		181
70		303		16116		186
71		289		16349		189
72		298		16578		188
73		317		16806		183
74		267		17028		183
75		254		17248		180
76		262		17473		180
77		270		17694		185
78		273		17929		187
79		299		18158		183
80		298		18393		191
81		300		18630		191
82		338		18859		180
83		317		19086		191
84		321		19318		187
85		315		19544		184
86		338		19780		182
87		319		20005		189
88		335		20236		194
89		330		20464		189
90		318		20690		182
91		278		20915		188
92		254		21141		187
93		285		21357		185
94		277		21584		184
95		276		21798		186
96		284		22023		190
97		283		22252		183
98		263		22475		183
99		262		22698		188
100		285		22922		191
101		283		23151		190
102		275		23374		183
103		308		23605		182
104		325		23840		198
105		298		24073		189
106		216		24292		193
107		225		24517		190
108		247		24738		186
109		256		24960		185
110		252		25186		187
111		257		25410		185
112		252		25629		184
113		256		25840		189
114		269		26065		187
115		266		26297		186
116		258		26517		188
117		216		26733		189
118		190		26950		187
119		226		27175		184
120		227		27401		183
121		230		27626		186
122		216		27844		184
123		237		28071		182
124		263		28289		186
125		232		28503		183
126		270		28736		192
127		226		28952		187
128		250		29177		186
129		267		29393		187
130		288		29611		187
131		274		29834		183
132		256		30055		184
133		248		30271		183
134		252		30488		190
135		220		30709		185
136		237		30941		186
137		256		31156		186
138		280		31377		195
139		269		31603		188
140		304		31827		190
141		324		32050		192
142		297		32277		193
143		288		32506		186
144		277		32726		190
145		311		32941		190
146		314		33165		188
147		303		33394		190
148		285		33616		188
149		257		33846		187
150		252		34072		185
151		260		34291		188
152		239		34512		192
153		240		34728		192
154		249		34952		190
155		245		35169		188
156		268		35382		187
157		247		35603		186
158		238		35824		188
159		247		36053		191
160		236		36276		187
161		240		36504		187
162		251		36728		181
163		241		36946		177
164		248		37168		187
165		216		37386		184
166		216		37598		187
167		227		37825		187
168		211		38046		186
169		196		38257		182
170		192		38475		186
171		215		38686		188
172		209		38910		189
173		208		39127		188
174		221		39338		191
175		256		39562		185
176		278		39782		186
177		293		40006		189
178		228		40232		185
179		231		40456		184
180		255		40675		181
181		265		40900		190
182		224		41120		184
183		206		41338		186
184		232		41562		186
185		216		41779		192
186		236		42004		190
187		243		42231		188
188		225		42456		191
189		241		42683		191
190		225		42902		184
191		216		43116		186
192		226		43332		188
193		208		43548		187
194		201		43765		185
195		198		43989		182
196		230		44214		185
197		223		44440		183
198		236		44668		179
199		214		44894		184
200		214		45108		190
201		188		45323		189
202		203		45533		192
203		224		45742		190
204		233		45965		189
205		196		46177		188
206		190		46384		190
207		159		46591		189
208		173		46808		191
209		186		47023		193
210		192		47240		189
211		189		47454		182
212		192		47671		184
213		187		47880		186
214		175		48092		187
215		168		48309		191
216		182		48526		189
217		171		48734		189
218		168		48959		187
219		160		49179		189
220		164		49382		187
221		153		49604		187
222		135		49804		186
223		126		50006		190
224		128		50207		189
225		128		50412		188
226		135		50625		188
227		128		50842		186
228		128		51044		185
229		135		51254		186
230		134		51463		186
231		132		51670		188
232		140		51897		187
233		142		52117		186
234		144		52335		187
235		145		52546		183
236		140		52764		185
237		138		52975		189
238		142		53197		190
239		140		53409		190
240		148		53624		190
241		142		53836		189
242		141		54049		187
243		136		54253		188
244		132		54461		189
245		130		54685		189
246		140		54888		186
247		134		55099		184
248		136		55315		185
249		148		55532		187
250		133		55752		190
251		145		55970		189
252		153		56184		188
253		148		56405		191
254		162		56624		191
255		167		56839		186
256		170		57045		189
257		161		57252		188
258		183		57480		187
259		158		57702		187
260		165		57910		183
261		170		58129		186
262		148		58346		189
263		133		58557		191
264		143		58773		189
265		155		58988		188
266		154		59196		186
267		172		59396		188
268		168		59610		185
269		152		59812		188
270		157		60010		190
271		162		60219		188
272		174		60428		190
273		179		60642		188
274		169		60841		187
275		152		61057		186
276		152		61251		188
277		144		61468		189
278		148		61683		188
279		144		61892		190
280		149		62102		190
281		147		62323		183
282		141		62536		186
283		153		62739		183
284		162		62947		182
285		159		63165		182
286		174		63377		190
287		158		63589		190
288		157		63806		188
289		143		64016		185
290		130		64226		185
291		130		64449		186
292		143		64660		186
293		152		64862		188
294		146		65080		191
295		145		65287		189
296		135		65502		189
297		143		65714		191
298		148		65930		190
299		150		66146		191
300		144		66358		192
301		141		66551		193
302		143		66763		188
303		151		66979		187
304		153		67196		188
305		149		67405		188
306		148		67621		188
307		141		67828		189
308		140		68042		189
309		142		68262		190
310		156		68476		185
311		154		68687		192
312		155		68899		186
313		151		69114		186
314		151		69326		186
315		154		69536		184
316		159		69753		186
317		165		69958		184
318		169		70163		189
319		171		70378		185
320		171		70595		186
321		166		70799		186
322		175		71014		183
323		167		71225		186
324		166		71441		184
325		158		71654		186
326		162		71861		185
327		175		72073		184
328		189		72287		187
329		163		72498		186
330		160		72699		189
331		152		72923		190
332		161		73127		189
333		163		73350		190
334		173		73556		191
335		173		73758		188
336		178		73962		186
337		174		74175		183
338		146		74384		185
339		141		74589		189
340		128		74795		189
341		133		75002		191
342		134		75219		187
343		133		75424		189
344		128		75639		190
345		129		75851		186
346		129		76055		185
347		122		76266		188
348		130		76471		187
349		138		76684		186
350		129		76892		185
351		133		77100		187
352		141		77307		186
353		151		77512		188
354		144		77717		187
355		157		77923		186
356		164		78143		189
357		174		78354		186
358		166		78561		183
359		149		78779		187
360		129		78998		183
361		128		79216		181
362		129		79427		182
363		131		79637		182
364		128		79847		185
365		139		80056		188
366		136		80268		192
367		140		80480		191
368		138		80688		190
369		142		80895		188
370		143		81107		190
371		119		81319		188
372		116		81534		189
373		117		81759		190
374		115		81964		188
375		109		82175		191
376		113		82383		187
377		121		82596		184
378		110		82806		188
379		111		82998		188
380		113		83212		188
381		120		83425		186
382		124		83618		186
383		124		83828		188
384		132		84048		187
385		129		84263		185
386		118		84474		188
387		121		84683		192
388		114		84890		189
389		115		85095		185
390		117		85307		187
391		118		85515		188
392		110		85718		190
393		111		85923		188
394		113		86130		187
395		115		86342		191
396		110		86555		189
397		109		86751		191
398		101		86967		184
399		96		87171		186
400		102		87382		184
401		100		87593		185
402		98		87803		186
403		98		88008		187
404		99		88222		187
405		99		88429		188
406		96		88646		188
407		96		88850		187
408		96		89070		187
409		102		89273		188
410		103		89477		187
411		101		89680		187
412		100		89885		188
413		101		90082		189
414		100		90282		187
415		100		90491		187
416		99		90700		189
417		107		90907		189
418		106		91113		189
419		97		91321		189
420		97		91534		189
421		97		91731		189
422		97		91923		189
423		98		92131		187
424		86		92332		186
425		86		92540		186
426		86		92747		186
427		86		92952		186
428		88		93154		187
429		88		93355		187
430		91		93567		186
431		86		93781		186
432		90		93990		187
433		93		94203		185
434		93		94414		185
435		91		94619		186
436		91		94830		186
437		91		95029		186
438		91		95235		186
439		91		95446		186
440		90		95641		187
441		92		95846		188
442		92		96054		187
443		92		96249		187
444		92		96448		187
445		92		96646		187
446		90		96841		188
447		88		97038		187
448		88		97247		187
449		87		97440		188
450		84		97654		187
451		84		97864		187
452		85		98057		187
453		83		98265		188
454		82		98468		187
455		82		98666		187
456		82		98862		187
457		84		99073		187
458		88		99280		187
459		88		99487		187
460		88		99688		187
461		88		99886		187
462		86		100092		187
463		87		100305		187
464		87		100511		187
465		87		100714		187
466		87		100919		187
467		87		101124		188
468		87		101335		188
469		87		101543		188
470		87		101742		188
471		80		101948		188
472		80		102146		188
473		80		102344		188
474		80		102555		188
475		80		102772		188
476		80		102985		188
477		82		103194		189
478		80		103402		188
479		80		103614		188
480		77		103820		188
481		79		104015		189
482		81		104215		188
483		81		104427		188
484		81		104639		188
485		83		104855		189
486		83		105060		189
487		83		105269		189
488		75		105481		190
489		75		105690		190
490		75		105905		190
491		75		106114		190
492		75		106321		190
493		75		106524		190
494		77		106732		189
495		77		106929		189
496		77		107130		189
497		77		107337		189
498		77		107548		189
499		77		107759		189
500		77		107971		189
501		77		108182		189
502		77		108388		189
503		77		108599		189
504		77		108799		189
505		77		109010		189
506		77		109211		189
507		77		109418		189
508		79		109619		190
509		79		109827		190
510		79		110041		190
511		79		110239		190
512		79		110440		190
513		79		110648		190
514		79		110848		190
515		79		111051		190
516		79		111255		190
517		79		111468		190
518		79		111678		190
519		79		111891		190
520		79		112087		190
521		79		112287		190
522		79		112287		190
523		79		112287		190
524		79		112287		190
525		78		112289		190
526		78		112289		190
527		78		112289		190
528		78		112289		190
529		78		112289		190
530		78		112289		190
531		78		112289		190
532		78		112289		190
533		78		112289		190
534		78		112289		190
535		78		112289		190
536		78		112289		190
537		78		112289		190
538		78		112289		190
539		78		112289		190
540		78		112289		190
541		75		112290		191
542		75		112290		191
543		75		112290		191
544		75		112290		191
545		75		112290		191
546		75		112290		191
547		75		112290		191
548		75		112290		191
549		75		112290		191
550		75		112290		191
551		75		112290		191
552		75		112290		191
553		75		112290		191
554		75		112290		191
555		75		112290		191
556		75		112290		191
557		75		112290		191
558		75		112290		191
559		75		112290		191
560		75		112290		191
561		75		112290		191
562		75		112290		191
563		75		112290		191
564		75		112290		191
565		75		112290		191
566		75		112290		191
567		75		112290		191
568		75		112290		191
569		75		112290		191
570		75		112290		191
571		75		112290		191
572		75		112290		191
573		75		112290		191
574		75		112290		191
575		75		112290		191
576		75		112290		191
577		75		112290		191
578		75		112290		191
579		75		112290		191
580		75		112290		191
581		75		112290		191
582		75		112290		191
583		75		112290		191
584		75		112290		191
585		75		112290		191
586		75		112290		191
587		75		112290		191
588		75		112290		191
589		75		112290		191
590		75		112290		191
591		75		112290		191
592		75		112290		191
593		75		112290		191
594		75		112290		191
595		75		112290		191
596		75		112290		191
597		75		112290		191
598		75		112290		191
599		75		112290		191
600		75		112290		191
601		75		112290		191
602		75		112290		191
603		75		112290		191
604		75		112290		191
605		75		112290		191
606		75		112290		191
607		75		112290		191
608		75		112290		191
609		75		112290		191
610		75		112290		191
611		75		112290		191
612		75		112290		191
613		75		112290		191
614		75		112290		191
615		75		112290		191
616		75		112290		191
617		75		112290		191
618		75		112290		191
619		75		112290		191
620		75		112290		191
621		75		112290		191
622		75		112290		191
623		75		112290		191
624		75		112290		191
625		75		112290		191
626		75		112290		191
627		75		112290		191
628		75		112290		191
629		75		112290		191
630		75		112290		191
631		75		112290		191
632		75		112290		191
633		75		112290		191
634		75		112290		191
635		75		112290		191
636		75		112290		191
637		75		112290		191
638		75		112290		191
639		75		112290		191
640		75		112290		191
641		75		112290		191
642		75		112290		191
643		75		112290		191
644		75		112290		191
645		75		112290		191
646		75		112290		191
647		75		112290		191
648		75		112290		191
649		75		112290		191
650		75		112290		191
651		75		112290		191
652		75		112290		191
653		75		112290		191
654		75		112290		191
655		75		112290		191
656		75		112290		191
657		75		112290		191
658		75		112290		191
659		75		112290		191
660		75		112290		191
661		75		112290		191
662		75		112290		191
663		75		112290		191
664		75		112290		191
665		75		112290		191
666		75		112290		191
667		75		112290		191
668		75		112290		191
669		75		112290		191
670		75		112290		191
671		75		112290		191
672		75		112290		191
673		75		112290		191
674		75		112290		191
675		75		112290		191
676		75		112290		191
677		75		112290		191
678		75		112290		191
679		75		112290		191
680		75		112290		191
681		75		112290		191
682		75		112290		191
683		75		112290		191
684		75		112290		191
685		75		112290		191
686		75		112290		191
687		75		112290		191
688		75		112290		191
689		75		112290		191
690		75		112290		191
691		75		112290		191
692		75		112290		191
693		75		112290		191
694		75		112290		191
695		75		112290		191
696		75		112290		191
697		75		112290		191
698		75		112290		191
699		75		112290		191
700		75		112290		191
701		75		112290		191
702		75		112290		191
703		75		112290		191
704		75		112290		191
705		75		112290		191
706		75		112290		191
707		75		112290		191
708		75		112290		191
709		75		112290		191
710		75		112290		191
711		75		112290		191
712		75		112290		191
713		75		112290		191
714		75		112290		191
715		75		112290		191
716		75		112290		191
717		75		112290		191
718		75		112290		191
719		75		112290		191
720		75		112290		191
721		75		112290		191
722		75		112290		191
723		75		112290		191
724		75		112290		191
725		75		112290		191
726		75		112290		191
727		75		112290		191
728		75		112290		191
729		75		112290		191
730		75		112290		191
731		75		112290		191
732		75		112290		191
733		75		112290		191
734		75		112290		191
735		75		112290		191
736		75		112290		191
737		75		112290		191
738		75		112290		191
739		75		112290		191
740		75		112290		191
741		75		112290		191
742		75		112290		191
743		75		112290		191
744		75		112290		191
745		75		112290		191
746		75		112290		191
747		75		112290		191
748		75		112290		191
749		75		112290		191
750		75		112290		191
751		75		112290		191
752		75		112290		191
753		75		112290		191
754		75		112290		191
755		75		112290		191
756		75		112290		191
757		75		112290		191
758		75		112290		191
759		75		112290		191
760		75		112290		191
761		75		112290		191
762		75		112290		191
763		75		112290		191
764		75		112290		191
765		75		112290		191
766		75		112290		191
767		75		112290		191
768		75		112290		191
769		75		112290		191
770		75		112290		191
771		75		112290		191
772		75		112290		191
773		75		112290		191
774		75		112290		191
775		75		112290		191
776		75		112290		191
777		75		112290		191
778		75		112290		191
779		75		112290		191
780		75		112290		191
781		75		112290		191
782		75		112290		191
783		75		112290		191
784		75		112290		191
785		75		112290		191
786		75		112290		191
787		75		112290		191
788		75		112290		191
789		75		112290		191
790		75		112290		191
791		75		112290		191
792		75		112290		191
793		75		112290		191
794		75		112290		191
795		75		112290		191
796		75		112290		191
797		75		112290		191
798		75		112290		191
799		75		112290		191
800		75		112290		191
801		75		112290		191
802		75		112290		191
803		75		112290		191
804		75		112290		191
805		75		112290		191
806		75		112290		191
807		75		112290		191
808		75		112290		191
809		75		112290		191
810		75		112290		191
811		75		112290		191
812		75		112290		191
813		75		112290		191
814		75		112290		191
815		75		112290		191
816		75		112290		191
817		75		112290		191
818		75		112290		191
819		75		112290		191
820		75		112290		191
821		75		112290		191
822		75		112290		191
823		75		112290		191
824		75		112290		191
825		75		112290		191
826		75		112290		191
827		75		112290		191
828		75		112290		191
829		75		112290		191
830		75		112290		191
831		75		112290		191
832		75		112290		191
833		75		112290		191
834		75		112290		191
835		75		112290		191
836		75		112290		191
837		75		112290		191
838		75		112290		191
839		75		112290		191
840		75		112290		191
841		75		112290		191
842		75		112290		191
843		75		112290		191
844		75		112290		191
845		75		112290		191
846		75		112290		191
847		75		112290		191
848		75		112290		191
849		75		112290		191
850		75		112290		191
851		75		112290		191
852		75		112290		191
853		75		112290		191
854		75		112290		191
855		75		112290		191
856		75		112290		191
857		75		112290		191
858		75		112290		191
859		75		112290		191
860		75		112290		191
861		75		112290		191
862		75		112290		191
863		75		112290		191
864		75		112290		191
865		75		112290		191
866		75		112290		191
867		75		112290		191
868		75		112290		191
869		75		112290		191
870		75		112290		191
871		75		112290		191
872		75		112290		191
873		75		112290		191
874		75		112290		191
875		75		112290		191
876		75		112290		191
877		75		112290		191
878		75		112290		191
879		75		112290		191
880		75		112290		191
881		75		112290		191
882		75		112290		191
883		75		112290		191
884		75		112290		191
885		75		112290		191
886		75		112290		191
887		75		112290		191
888		75		112290		191
889		75		112290		191
890		75		112290		191
891		75		112290		191
892		75		112290		191
893		75		112290		191
894		75		112290		191
895		75		112290		191
896		75		112290		191
897		75		112290		191
898		75		112290		191
899		75		112290		191
900		75		112290		191
901		75		112290		191
902		75		112290		191
903		75		112290		191
904		75		112290		191
905		75		112290		191
906		75		112290		191
907		75		112290		191
908		75		112290		191
909		75		112290		191
910		75		112290		191
911		75		112290		191
912		75		112290		191
913		75		112290		191
914		75		112290		191
915		75		112290		191
916		75		112290		191
917		75		112290		191
918		75		112290		191
919		75		112290		191
920		75		112290		191
921		75		112290		191
922		75		112290		191
923		75		112290		191
924		75		112290		191
925		75		112290		191
926		75		112290		191
927		75		112290		191
928		75		112290		191
929		75		112290		191
930		75		112290		191
931		75		112290		191
932		75		112290		191
933		75		112290		191
934		75		112290		191
935		75		112290		191
936		75		112290		191
937		75		112290		191
938		75		112290		191
939		75		112290		191
940		75		112290		191
941		75		112290		191
942		75		112290		191
943		75		112290		191
944		75		112290		191
945		75		112290		191
946		75		112290		191
947		75		112290		191
948		75		112290		191
949		75		112290		191
950		75		112290		191
951		75		112290		191
952		75		112290		191
953		75		112290		191
954		75		112290		191
955		75		112290		191
956		75		112290		191
957		75		112290		191
958		75		112290		191
959		75		112290		191
960		75		112290		191
961		75		112290		191
962		75		112290		191
963		75		112290		191
964		75		112290		191
965		75		112290		191
966		75		112290		191
967		75		112290		191
968		75		112290		191
969		75		112290		191
970		75		112290		191
971		75		112290		191
972		75		112290		191
973		75		112290		191
974		75		112290		191
975		75		112290		191
976		75		112290		191
977		75		112290		191
978		75		112290		191
979		75		112290		191
980		75		112290		191
981		75		112290		191
982		75		112290		191
983		75		112290		191
984		75		112290		191
985		75		112290		191
986		75		112290		191
987		75		112290		191
988		75		112290		191
989		75		112290		191
990		75		112290		191
991		75		112290		191
992		75		112290		191
993		75		112290		191
994		75		112290		191
995		75		112290		191
996		75		112290		191
997		75		112290		191
998		75		112290		191
999		75		112290		191
