# Migration is number of nodes that have changed color.

Round		Edge-Cut		Swaps		Migrations		Skipped
0		808		250		183
1		768		499		171
2		775		744		184
3		778		986		176
4		770		1233		192
5		762		1481		192
6		740		1725		186
7		720		1969		179
8		738		2206		187
9		711		2447		186
10		694		2692		189
11		697		2936		189
12		685		3180		204
13		675		3416		183
14		675		3657		185
15		666		3893		185
16		669		4126		192
17		667		4360		190
18		676		4591		191
19		684		4824		192
20		630		5061		199
21		648		5301		196
22		631		5537		195
23		606		5769		191
24		589		6003		202
25		577		6230		193
26		582		6459		184
27		590		6685		184
28		604		6924		182
29		590		7156		188
30		590		7383		192
31		603		7614		189
32		606		7858		186
33		610		8094		190
34		604		8331		197
35		580		8563		195
36		581		8796		188
37		550		9024		198
38		563		9249		189
39		592		9484		191
40		603		9727		188
41		608		9965		184
42		586		10202		191
43		554		10432		192
44		571		10667		195
45		543		10903		181
46		543		11134		188
47		531		11375		181
48		509		11604		186
49		481		11836		191
50		476		12068		190
51		467		12303		194
52		470		12527		186
53		459		12758		191
54		445		12987		187
55		455		13215		186
56		463		13443		187
57		451		13679		185
58		442		13909		182
59		426		14138		185
60		404		14374		185
61		420		14607		195
62		434		14843		182
63		415		15073		186
64		436		15306		181
65		439		15542		181
66		441		15771		184
67		432		16008		185
68		409		16242		193
69		406		16473		187
70		416		16711		185
71		401		16943		187
72		394		17174		188
73		402		17405		193
74		402		17641		191
75		388		17873		178
76		377		18098		196
77		374		18336		201
78		354		18562		185
79		347		18796		186
80		341		19028		190
81		332		19263		194
82		336		19498		183
83		317		19728		178
84		286		19962		182
85		286		20196		191
86		298		20421		186
87		281		20655		187
88		291		20891		188
89		275		21118		187
90		274		21346		182
91		266		21577		181
92		261		21804		184
93		254		22035		193
94		251		22264		185
95		256		22498		188
96		260		22728		189
97		267		22957		192
98		278		23186		187
99		270		23414		188
100		264		23637		190
101		254		23872		184
102		253		24104		193
103		269		24331		196
104		271		24560		189
105		276		24789		187
106		273		25018		187
107		273		25249		183
108		259		25479		184
109		266		25707		188
110		259		25941		190
111		259		26170		185
112		272		26400		184
113		278		26632		190
114		266		26867		191
115		253		27098		188
116		267		27325		187
117		272		27556		193
118		284		27790		193
119		285		28025		190
120		289		28259		183
121		287		28482		186
122		291		28719		181
123		290		28944		187
124		282		29177		186
125		279		29408		186
126		273		29643		191
127		271		29874		190
128		273		30110		191
129		269		30341		184
130		271		30574		187
131		253		30798		180
132		258		31035		187
133		265		31265		186
134		262		31493		185
135		253		31724		193
136		260		31956		187
137		243		32184		190
138		240		32411		186
139		238		32639		190
140		246		32868		187
141		250		33099		192
142		253		33321		188
143		253		33546		190
144		261		33770		192
145		274		34002		191
146		252		34233		192
147		263		34464		190
148		269		34698		186
149		257		34930		182
150		268		35165		184
151		258		35402		179
152		265		35627		185
153		262		35859		186
154		264		36091		187
155		265		36316		189
156		264		36549		189
157		255		36787		182
158		253		37016		185
159		264		37247		187
160		273		37477		190
161		268		37704		190
162		256		37936		188
163		247		38165		184
164		264		38400		184
165		268		38628		185
166		274		38864		192
167		274		39101		192
168		272		39334		181
169		275		39566		185
170		268		39799		187
171		255		40032		191
172		258		40264		192
173		259		40488		178
174		241		40717		187
175		238		40943		188
176		240		41175		185
177		231		41408		187
178		233		41639		183
179		229		41873		188
180		225		42101		184
181		224		42327		183
182		228		42558		189
183		234		42789		183
184		227		43020		184
185		234		43247		185
186		231		43482		196
187		243		43712		190
188		232		43939		189
189		228		44169		187
190		228		44394		190
191		223		44621		198
192		238		44853		194
193		247		45080		188
194		233		45319		190
195		234		45551		194
196		234		45782		191
197		234		46016		193
198		229		46243		187
199		222		46469		184
200		234		46703		184
201		231		46938		185
202		230		47174		192
203		234		47404		192
204		238		47630		189
205		234		47860		194
206		226		48092		194
207		231		48327		194
208		252		48561		188
209		258		48791		192
210		248		49028		188
211		243		49255		185
212		242		49487		191
213		244		49717		190
214		246		49952		190
215		255		50180		190
216		259		50410		186
217		260		50645		191
218		258		50881		190
219		253		51113		189
220		247		51345		188
221		257		51569		190
222		250		51797		187
223		246		52024		190
224		239		52261		193
225		233		52491		185
226		240		52720		193
227		230		52951		187
228		233		53175		187
229		224		53412		186
230		225		53641		181
231		233		53876		186
232		236		54104		195
233		223		54337		189
234		217		54564		189
235		225		54792		189
236		226		55026		189
237		222		55253		189
238		233		55485		189
239		234		55721		190
240		236		55948		187
241		226		56172		186
242		220		56405		188
243		222		56636		187
244		225		56864		182
245		222		57093		186
246		238		57322		182
247		251		57553		186
248		247		57783		184
249		247		58017		189
250		242		58249		193
251		245		58479		183
252		235		58710		189
253		242		58940		190
254		247		59174		187
255		237		59408		196
256		244		59639		193
257		233		59873		188
258		228		60105		190
259		224		60338		188
260		205		60567		188
261		208		60796		190
262		213		61023		187
263		205		61253		192
264		204		61486		193
265		210		61717		179
266		219		61951		188
267		220		62187		189
268		228		62421		185
269		220		62657		189
270		220		62893		187
271		216		63120		186
272		223		63344		192
273		226		63577		189
274		225		63810		197
275		220		64044		196
276		219		64278		191
277		217		64507		187
278		215		64732		188
279		213		64960		190
280		209		65190		188
281		209		65422		188
282		200		65648		187
283		197		65877		190
284		201		66105		188
285		183		66341		186
286		184		66575		186
287		171		66811		189
288		176		67038		185
289		166		67264		184
290		174		67496		187
291		168		67733		187
292		183		67969		186
293		187		68207		191
294		196		68437		191
295		200		68674		187
296		204		68895		187
297		205		69132		189
298		206		69362		189
299		198		69591		182
300		199		69821		190
301		194		70056		190
302		191		70292		186
303		182		70524		188
304		174		70755		189
305		180		70994		184
306		179		71227		186
307		181		71462		188
308		178		71690		186
309		172		71914		186
310		179		72144		189
311		180		72372		188
312		175		72605		184
313		170		72841		188
314		171		73074		187
315		168		73301		189
316		165		73530		189
317		166		73758		184
318		166		73987		190
319		167		74222		186
320		171		74451		188
321		172		74679		189
322		169		74908		191
323		177		75141		192
324		177		75374		188
325		184		75602		184
326		185		75835		189
327		173		76064		184
328		167		76298		184
329		164		76524		185
330		165		76747		188
331		163		76977		187
332		167		77215		188
333		171		77446		184
334		172		77674		188
335		172		77905		184
336		180		78133		187
337		182		78373		192
338		189		78604		187
339		177		78840		190
340		187		79074		184
341		190		79317		189
342		193		79553		186
343		182		79788		190
344		176		80020		191
345		183		80244		188
346		172		80483		186
347		172		80716		192
348		165		80952		185
349		149		81186		186
350		153		81417		187
351		150		81648		186
352		150		81878		186
353		154		82108		187
354		149		82334		184
355		151		82568		187
356		153		82797		185
357		156		83034		187
358		162		83265		189
359		151		83493		183
360		156		83727		185
361		155		83956		189
362		154		84191		185
363		165		84427		187
364		163		84657		184
365		162		84889		185
366		181		85118		192
367		181		85356		187
368		182		85583		193
369		182		85809		187
370		177		86043		188
371		188		86278		184
372		191		86512		186
373		179		86744		186
374		170		86973		188
375		163		87204		186
376		175		87430		182
377		172		87661		186
378		176		87890		185
379		171		88120		189
380		170		88347		191
381		179		88577		186
382		178		88803		184
383		178		89042		188
384		178		89273		190
385		174		89506		190
386		168		89740		191
387		175		89971		187
388		180		90207		187
389		179		90444		182
390		174		90672		189
391		170		90903		190
392		176		91133		187
393		169		91362		190
394		170		91587		184
395		171		91822		185
396		170		92048		186
397		169		92278		189
398		173		92511		187
399		177		92745		186
400		170		92982		187
401		155		93216		187
402		168		93457		189
403		166		93684		185
404		163		93912		188
405		165		94145		183
406		162		94372		189
407		164		94601		189
408		159		94839		185
409		164		95073		185
410		171		95303		188
411		166		95536		195
412		162		95764		187
413		168		95993		189
414		170		96229		185
415		165		96463		187
416		175		96700		188
417		183		96928		189
418		190		97160		188
419		198		97393		190
420		205		97631		193
421		196		97864		193
422		201		98099		188
423		193		98324		188
424		194		98555		187
425		187		98781		189
426		183		99016		188
427		182		99251		190
428		176		99482		188
429		170		99721		187
430		171		99952		186
431		173		100181		187
432		176		100411		182
433		182		100633		185
434		171		100867		181
435		183		101097		186
436		183		101326		188
437		185		101555		184
438		183		101792		190
439		179		102023		184
440		170		102254		185
441		171		102488		189
442		168		102720		187
443		175		102949		188
444		183		103175		189
445		184		103404		192
446		200		103631		184
447		193		103873		187
448		196		104104		185
449		195		104340		192
450		198		104572		186
451		201		104799		187
452		194		105031		193
453		197		105260		193
454		185		105488		191
455		191		105719		186
456		186		105954		188
457		195		106187		185
458		186		106424		187
459		186		106648		185
460		183		106879		183
461		195		107112		183
462		199		107342		187
463		194		107580		187
464		205		107806		188
465		209		108036		189
466		206		108272		186
467		221		108504		187
468		215		108740		191
469		209		108965		192
470		207		109200		187
471		213		109428		189
472		202		109664		189
473		211		109893		190
474		215		110127		193
475		217		110356		185
476		221		110585		186
477		212		110817		185
478		203		111051		187
479		214		111272		185
480		214		111511		183
481		209		111748		190
482		210		111976		189
483		197		112208		188
484		195		112437		193
485		193		112667		187
486		192		112897		189
487		201		113129		192
488		207		113359		185
489		216		113595		187
490		216		113829		186
491		204		114065		183
492		198		114297		185
493		200		114528		187
494		209		114762		189
495		217		114996		189
496		232		115233		191
497		227		115460		190
498		223		115695		186
499		236		115937		183
500		228		116173		191
501		223		116404		189
502		206		116641		190
503		205		116875		193
504		214		117107		186
505		212		117345		180
506		232		117576		183
507		221		117807		181
508		223		118043		185
509		214		118279		191
510		219		118514		188
511		236		118747		189
512		229		118982		192
513		224		119211		192
514		245		119442		184
515		234		119680		187
516		233		119910		180
517		232		120151		183
518		220		120387		189
519		223		120614		181
520		215		120848		184
521		215		121076		187
522		219		121309		188
523		221		121540		188
524		226		121775		186
525		216		122010		181
526		211		122236		188
527		202		122462		188
528		213		122695		187
529		217		122928		187
530		206		123164		185
531		211		123396		186
532		225		123630		187
533		225		123863		187
534		219		124103		187
535		221		124338		187
536		220		124571		190
537		225		124793		187
538		214		125024		186
539		215		125259		184
540		217		125492		191
541		220		125727		186
542		220		125962		180
543		234		126200		187
544		232		126438		190
545		239		126666		195
546		237		126899		197
547		232		127133		192
548		221		127368		186
549		206		127596		188
550		220		127828		185
551		217		128062		187
552		213		128296		189
553		217		128532		182
554		207		128765		190
555		208		128996		185
556		202		129232		187
557		201		129467		187
558		207		129698		188
559		224		129930		190
560		228		130164		187
561		234		130401		185
562		228		130639		183
563		226		130871		189
564		229		131107		184
565		223		131346		180
566		234		131583		186
567		240		131813		186
568		244		132054		186
569		242		132285		188
570		248		132521		192
571		250		132758		190
572		250		132989		187
573		252		133228		187
574		253		133465		190
575		249		133704		188
576		254		133935		188
577		266		134171		192
578		263		134407		182
579		261		134644		191
580		256		134881		192
581		230		135119		190
582		243		135354		184
583		246		135590		184
584		248		135825		186
585		237		136061		187
586		223		136293		188
587		227		136529		183
588		223		136763		188
589		233		136996		187
590		234		137231		190
591		231		137462		189
592		219		137698		185
593		226		137930		178
594		226		138168		186
595		226		138402		191
596		222		138638		186
597		213		138873		184
598		216		139100		185
599		223		139334		192
600		222		139565		189
601		221		139791		187
602		208		140024		183
603		196		140258		188
604		211		140494		185
605		207		140727		183
606		205		140959		187
607		203		141191		189
608		214		141429		187
609		206		141659		187
610		200		141884		184
611		218		142117		181
612		208		142351		184
613		206		142586		187
614		198		142812		185
615		201		143045		192
616		201		143277		183
617		204		143513		183
618		199		143746		184
619		191		143980		189
620		202		144220		192
621		211		144456		192
622		211		144693		189
623		222		144930		184
624		223		145166		188
625		219		145403		189
626		221		145635		183
627		214		145872		186
628		217		146109		185
629		219		146341		192
630		215		146577		191
631		207		146816		188
632		205		147052		189
633		202		147281		187
634		206		147518		188
635		205		147753		189
636		200		147988		191
637		192		148225		187
638		191		148455		188
639		189		148689		190
640		191		148915		186
641		188		149148		185
642		187		149384		189
643		183		149616		186
644		185		149846		187
645		179		150081		183
646		167		150312		188
647		169		150545		188
648		165		150777		190
649		170		151015		187
650		172		151242		191
651		178		151471		190
652		180		151708		186
653		192		151937		187
654		197		152172		192
655		201		152405		190
656		193		152642		188
657		201		152888		194
658		206		153122		191
659		217		153356		184
660		210		153593		186
661		210		153823		187
662		209		154049		188
663		212		154284		186
664		209		154519		190
665		210		154750		184
666		218		154983		189
667		210		155210		185
668		206		155445		186
669		207		155683		187
670		214		155915		188
671		218		156150		187
672		211		156382		192
673		211		156616		192
674		198		156854		188
675		203		157082		185
676		197		157319		189
677		210		157555		180
678		210		157788		188
679		215		158030		190
680		209		158262		193
681		214		158496		181
682		208		158733		186
683		203		158968		187
684		193		159205		189
685		190		159434		187
686		193		159672		183
687		188		159906		185
688		176		160137		188
689		181		160368		182
690		181		160605		182
691		181		160833		184
692		172		161067		178
693		182		161304		189
694		177		161537		184
695		171		161768		187
696		167		162002		183
697		166		162239		188
698		163		162471		189
699		170		162708		182
700		181		162931		188
701		176		163158		182
702		170		163392		187
703		170		163624		189
704		161		163855		189
705		164		164089		188
706		163		164311		187
707		165		164549		186
708		158		164785		188
709		158		165018		188
710		155		165258		189
711		153		165489		182
712		162		165725		185
713		155		165963		193
714		155		166200		188
715		158		166433		188
716		159		166673		192
717		164		166905		188
718		162		167142		190
719		165		167378		188
720		168		167614		188
721		170		167853		187
722		161		168085		187
723		162		168316		188
724		166		168546		186
725		164		168781		189
726		157		169010		187
727		165		169243		190
728		176		169477		189
729		173		169704		188
730		163		169934		190
731		160		170167		184
732		162		170405		181
733		161		170639		187
734		160		170873		185
735		166		171105		188
736		167		171336		186
737		173		171572		186
738		169		171810		186
739		176		172044		191
740		172		172276		189
741		174		172510		188
742		169		172745		188
743		165		172976		184
744		171		173209		185
745		172		173446		189
746		166		173674		189
747		167		173906		188
748		177		174145		183
749		176		174379		190
750		177		174611		189
751		175		174838		189
752		167		175073		193
753		163		175306		188
754		162		175543		187
755		165		175777		184
756		162		176016		188
757		161		176252		186
758		159		176485		186
759		160		176718		187
760		165		176955		185
761		161		177186		186
762		159		177414		188
763		166		177652		185
764		160		177888		189
765		169		178122		182
766		168		178357		190
767		164		178592		187
768		167		178826		188
769		170		179063		186
770		171		179298		187
771		168		179528		192
772		169		179758		191
773		163		179990		190
774		157		180226		186
775		158		180458		187
776		163		180695		188
777		155		180931		188
778		160		181173		187
779		158		181410		186
780		157		181650		190
781		165		181885		186
782		160		182123		182
783		161		182360		189
784		147		182590		190
785		150		182827		185
786		152		183044		188
787		144		183264		186
788		153		183494		185
789		152		183731		191
790		157		183964		191
791		158		184202		183
792		158		184439		184
793		163		184673		192
794		168		184912		185
795		169		185146		187
796		176		185388		189
797		172		185628		186
798		159		185863		187
799		161		186097		182
800		162		186335		187
801		166		186572		184
802		160		186803		185
803		167		187043		181
804		174		187281		187
805		170		187513		190
806		172		187754		182
807		171		187993		182
808		171		188223		186
809		171		188458		180
810		170		188690		188
811		165		188928		185
812		165		189159		185
813		164		189396		184
814		162		189629		188
815		157		189858		186
816		152		190093		187
817		158		190329		189
818		159		190560		191
819		157		190798		190
820		161		191028		187
821		162		191259		189
822		166		191493		191
823		168		191729		185
824		161		191966		185
825		164		192199		183
826		169		192436		187
827		175		192666		184
828		180		192892		183
829		176		193130		185
830		185		193364		186
831		184		193603		192
832		168		193840		187
833		162		194073		185
834		173		194298		191
835		182		194531		190
836		185		194763		190
837		198		194997		186
838		194		195230		185
839		187		195468		190
840		194		195709		189
841		181		195942		187
842		190		196176		186
843		181		196412		189
844		186		196648		187
845		192		196881		189
846		184		197114		181
847		187		197351		190
848		186		197584		188
849		189		197818		189
850		169		198052		191
851		172		198278		191
852		166		198510		186
853		155		198744		187
854		160		198980		190
855		152		199214		191
856		145		199445		190
857		143		199673		190
858		145		199903		187
859		161		200134		189
860		157		200372		192
861		155		200604		188
862		155		200837		186
863		161		201070		185
864		153		201312		185
865		154		201549		189
866		151		201787		187
867		152		202027		186
868		152		202263		188
869		152		202502		186
870		145		202741		191
871		149		202976		187
872		155		203215		188
873		153		203445		189
874		154		203675		187
875		155		203902		186
876		155		204139		180
877		164		204373		186
878		161		204609		188
879		162		204842		188
880		165		205075		189
881		179		205310		184
882		172		205547		184
883		179		205776		190
884		175		206014		189
885		174		206245		187
886		174		206485		184
887		178		206719		184
888		174		206945		185
889		168		207173		183
890		175		207409		189
891		171		207650		186
892		183		207879		189
893		178		208115		184
894		179		208352		188
895		176		208584		187
896		183		208821		190
897		180		209052		185
898		173		209280		188
899		181		209518		187
900		175		209752		191
901		176		209989		189
902		171		210218		191
903		164		210452		187
904		168		210693		190
905		169		210931		183
906		169		211163		192
907		161		211400		189
908		168		211627		186
909		154		211865		191
910		162		212099		184
911		167		212334		188
912		167		212565		185
913		170		212802		189
914		175		213039		189
915		173		213270		190
916		174		213501		193
917		165		213740		191
918		160		213978		189
919		155		214207		185
920		157		214440		188
921		156		214674		188
922		155		214906		182
923		155		215143		188
924		151		215371		191
925		151		215607		188
926		150		215844		187
927		142		216081		186
928		152		216313		185
929		154		216546		183
930		160		216780		184
931		166		217012		189
932		160		217247		182
933		167		217487		186
934		168		217725		189
935		175		217959		190
936		168		218192		191
937		169		218426		192
938		172		218656		186
939		169		218888		189
940		171		219125		188
941		179		219361		188
942		172		219594		187
943		168		219824		192
944		158		220058		190
945		158		220282		190
946		155		220517		190
947		154		220747		186
948		155		220979		185
949		154		221210		184
950		155		221447		188
951		159		221681		188
952		147		221915		183
953		149		222150		184
954		152		222383		187
955		146		222615		186
956		148		222845		187
957		155		223083		192
958		145		223313		190
959		142		223546		190
960		149		223781		185
961		147		224020		190
962		150		224254		188
963		146		224498		189
964		151		224731		189
965		145		224964		186
966		144		225203		186
967		147		225437		188
968		153		225670		192
969		150		225911		192
970		155		226139		187
971		158		226379		189
972		160		226617		189
973		160		226852		191
974		169		227084		191
975		169		227315		192
976		159		227550		191
977		156		227780		185
978		145		228011		184
979		147		228246		189
980		149		228476		185
981		153		228707		188
982		158		228939		187
983		148		229172		185
984		145		229402		190
985		149		229641		188
986		155		229873		191
987		148		230105		190
988		150		230340		184
989		149		230573		186
990		150		230804		185
991		147		231040		186
992		149		231276		188
993		150		231510		188
994		155		231748		188
995		158		231984		188
996		160		232219		184
997		159		232456		186
998		159		232692		182
999		156		232926		187
