# Migration is number of nodes that have changed color.

Round		Edge-Cut		Swaps		Migrations		Skipped
0		815		249		181
1		800		498		183
2		780		745		185
3		754		992		182
4		751		1233		178
5		730		1479		195
6		710		1722		183
7		689		1964		187
8		709		2198		184
9		703		2436		187
10		702		2674		191
11		697		2908		200
12		682		3153		197
13		677		3397		186
14		655		3638		183
15		633		3877		185
16		648		4117		189
17		626		4352		181
18		617		4583		186
19		603		4818		192
20		590		5054		185
21		589		5288		191
22		578		5521		185
23		553		5752		180
24		525		5983		190
25		543		6219		191
26		537		6447		176
27		539		6675		180
28		551		6913		174
29		558		7142		183
30		571		7375		190
31		558		7611		193
32		559		7842		188
33		536		8073		185
34		540		8311		183
35		497		8546		192
36		463		8777		184
37		462		9012		184
38		476		9250		188
39		458		9486		186
40		454		9718		191
41		442		9948		189
42		427		10175		187
43		417		10392		194
44		421		10619		185
45		423		10850		189
46		421		11080		184
47		408		11311		182
48		418		11538		182
49		407		11764		184
50		410		11996		183
51		420		12221		184
52		431		12452		189
53		460		12685		191
54		466		12919		189
55		473		13158		185
56		454		13394		182
57		440		13619		193
58		455		13852		180
59		458		14088		184
60		450		14320		192
61		444		14553		193
62		445		14787		186
63		449		15020		185
64		455		15247		195
65		447		15486		188
66		459		15723		190
67		454		15961		183
68		449		16196		190
69		454		16437		179
70		471		16677		182
71		471		16913		185
72		461		17145		184
73		455		17372		191
74		440		17606		181
75		452		17839		192
76		453		18069		187
77		439		18304		198
78		435		18540		188
79		434		18768		193
80		415		19002		183
81		382		19228		191
82		379		19452		184
83		380		19679		189
84		381		19911		180
85		372		20135		185
86		359		20370		181
87		359		20607		187
88		356		20833		180
89		338		21063		187
90		329		21293		184
91		343		21527		184
92		342		21752		180
93		345		21974		180
94		362		22206		190
95		351		22439		189
96		338		22675		193
97		361		22904		188
98		352		23145		188
99		349		23370		190
100		352		23599		182
101		342		23830		184
102		342		24050		182
103		350		24276		184
104		340		24500		182
105		340		24734		182
106		353		24970		196
107		376		25202		181
108		357		25433		185
109		343		25661		186
110		340		25887		185
111		330		26124		174
112		327		26353		191
113		329		26575		181
114		321		26815		186
115		317		27046		185
116		310		27277		190
117		297		27513		188
118		291		27741		194
119		304		27970		191
120		297		28206		191
121		304		28427		188
122		309		28651		186
123		315		28882		180
124		307		29110		187
125		303		29335		184
126		286		29568		187
127		284		29795		190
128		280		30023		185
129		267		30250		196
130		280		30482		189
131		288		30706		194
132		273		30937		189
133		275		31169		186
134		272		31394		191
135		267		31619		193
136		268		31844		192
137		274		32072		188
138		278		32299		189
139		299		32528		193
140		305		32761		182
141		298		32991		190
142		299		33215		183
143		305		33453		185
144		289		33683		190
145		270		33913		188
146		275		34136		190
147		280		34369		182
148		261		34592		188
149		283		34825		191
150		271		35049		187
151		266		35279		191
152		256		35512		189
153		279		35734		185
154		272		35966		199
155		283		36195		194
156		262		36421		188
157		269		36651		188
158		272		36880		184
159		273		37112		179
160		258		37349		191
161		273		37582		185
162		278		37811		192
163		267		38040		190
164		255		38267		193
165		261		38501		192
166		259		38730		191
167		242		38960		192
168		242		39188		187
169		230		39417		190
170		241		39639		188
171		236		39868		190
172		233		40094		187
173		233		40321		191
174		240		40555		193
175		254		40782		183
176		257		41006		182
177		267		41233		186
178		256		41468		192
179		245		41701		188
180		243		41933		184
181		242		42171		191
182		238		42408		186
183		243		42639		184
184		259		42872		185
185		253		43099		184
186		254		43328		190
187		249		43558		187
188		250		43783		185
189		247		44012		193
190		243		44240		190
191		250		44469		185
192		239		44701		190
193		257		44926		186
194		244		45158		193
195		251		45378		191
196		256		45602		182
197		260		45828		184
198		257		46049		187
199		250		46270		190
200		255		46496		187
201		260		46727		183
202		251		46955		187
203		240		47179		192
204		252		47415		187
205		247		47649		192
206		239		47881		188
207		239		48115		188
208		241		48346		187
209		242		48572		189
210		252		48801		188
211		253		49028		191
212		243		49257		189
213		248		49487		191
214		240		49714		194
215		232		49943		192
216		241		50165		190
217		242		50384		192
218		244		50616		191
219		248		50847		190
220		247		51073		181
221		237		51305		188
222		226		51525		187
223		228		51751		188
224		230		51975		184
225		230		52199		189
226		236		52425		189
227		232		52645		187
228		232		52869		191
229		227		53095		190
230		212		53330		190
231		210		53551		191
232		215		53772		188
233		218		53992		185
234		211		54217		187
235		207		54448		185
236		201		54682		184
237		212		54908		185
238		210		55138		186
239		219		55372		189
240		218		55592		189
241		209		55823		185
242		211		56050		190
243		218		56281		193
244		213		56504		191
245		221		56730		191
246		217		56957		188
247		223		57182		184
248		225		57414		184
249		228		57635		180
250		237		57865		186
251		239		58090		190
252		233		58323		183
253		227		58551		190
254		225		58785		184
255		238		59008		185
256		252		59243		185
257		244		59473		188
258		251		59697		188
259		243		59924		183
260		246		60151		188
261		232		60384		185
262		241		60610		186
263		243		60828		191
264		237		61047		187
265		241		61274		182
266		228		61502		187
267		216		61731		195
268		224		61958		188
269		209		62188		186
270		213		62415		184
271		207		62648		189
272		211		62876		191
273		211		63107		191
274		213		63332		185
275		220		63563		191
276		211		63791		190
277		217		64018		193
278		203		64244		189
279		207		64475		191
280		208		64704		191
281		211		64931		190
282		216		65148		188
283		216		65375		191
284		206		65604		190
285		210		65824		188
286		203		66057		188
287		200		66283		187
288		201		66513		186
289		205		66736		193
290		210		66962		187
291		215		67194		191
292		228		67427		189
293		231		67658		192
294		233		67882		190
295		248		68108		191
296		245		68345		195
297		222		68569		193
298		221		68793		188
299		206		69026		194
300		209		69248		192
301		213		69467		187
302		211		69693		190
303		198		69922		187
304		199		70150		185
305		193		70376		188
306		198		70605		189
307		213		70822		189
308		204		71053		186
309		197		71281		191
310		198		71505		191
311		198		71733		192
312		195		71960		187
313		201		72190		189
314		192		72416		189
315		211		72646		186
316		198		72877		187
317		198		73110		190
318		213		73345		193
319		224		73568		192
320		228		73796		189
321		231		74027		185
322		220		74249		190
323		214		74475		187
324		211		74701		192
325		219		74928		188
326		223		75153		185
327		226		75378		188
328		224		75612		185
329		230		75835		187
330		225		76067		185
331		205		76301		192
332		204		76534		193
333		209		76760		189
334		213		76987		191
335		221		77214		190
336		212		77436		192
337		222		77665		190
338		218		77897		191
339		217		78125		188
340		219		78351		187
341		223		78583		189
342		223		78811		189
343		217		79043		188
344		214		79269		184
345		212		79493		188
346		200		79725		185
347		219		79954		193
348		224		80185		187
349		235		80417		192
350		235		80652		195
351		231		80883		192
352		232		81108		190
353		234		81344		189
354		216		81575		185
355		213		81805		194
356		202		82028		194
357		202		82259		188
358		205		82491		190
359		206		82727		186
360		211		82956		186
361		214		83183		190
362		219		83410		192
363		218		83637		185
364		205		83864		189
365		204		84098		187
366		208		84325		186
367		207		84552		188
368		205		84779		188
369		195		85009		187
370		187		85239		188
371		193		85465		189
372		197		85689		184
373		203		85916		188
374		197		86137		187
375		195		86372		186
376		191		86604		187
377		190		86830		187
378		193		87054		192
379		183		87281		185
380		190		87507		190
381		202		87735		186
382		190		87961		184
383		179		88187		189
384		182		88415		184
385		185		88641		184
386		180		88871		186
387		181		89098		187
388		186		89328		186
389		189		89550		190
390		193		89780		185
391		188		90015		189
392		196		90237		185
393		203		90468		185
394		191		90696		186
395		181		90923		187
396		190		91153		186
397		188		91377		184
398		188		91610		183
399		193		91838		192
400		196		92067		190
401		188		92300		192
402		191		92528		184
403		196		92754		188
404		190		92994		190
405		191		93228		188
406		186		93458		187
407		182		93692		190
408		190		93922		181
409		188		94155		191
410		186		94390		190
411		188		94617		189
412		190		94845		187
413		181		95073		189
414		176		95298		188
415		181		95523		187
416		176		95755		185
417		178		95992		186
418		181		96226		188
419		179		96450		186
420		178		96678		187
421		169		96910		189
422		170		97140		185
423		168		97371		191
424		177		97600		191
425		179		97830		189
426		175		98056		187
427		171		98286		186
428		170		98510		189
429		171		98739		189
430		175		98970		191
431		169		99203		189
432		183		99436		187
433		177		99664		186
434		180		99902		188
435		169		100129		188
436		173		100354		189
437		176		100587		188
438		186		100818		192
439		189		101044		189
440		184		101277		188
441		188		101504		187
442		185		101730		185
443		182		101952		189
444		183		102188		191
445		175		102419		188
446		165		102650		189
447		170		102877		179
448		172		103107		183
449		163		103337		187
450		161		103565		186
451		166		103795		185
452		168		104029		189
453		166		104263		187
454		160		104492		185
455		165		104719		189
456		179		104947		187
457		191		105183		185
458		199		105414		190
459		194		105644		194
460		193		105884		192
461		203		106118		188
462		195		106354		185
463		204		106581		183
464		195		106811		192
465		190		107038		189
466		187		107262		189
467		187		107494		185
468		190		107721		187
469		186		107949		188
470		186		108185		191
471		184		108413		187
472		194		108645		192
473		186		108878		187
474		187		109108		185
475		173		109342		188
476		171		109572		187
477		168		109809		186
478		170		110035		187
479		162		110264		186
480		156		110489		183
481		153		110721		185
482		153		110946		186
483		145		111187		190
484		142		111421		190
485		144		111645		189
486		146		111873		186
487		153		112106		188
488		160		112337		187
489		165		112569		191
490		155		112799		192
491		153		113033		189
492		136		113268		187
493		140		113493		186
494		142		113722		189
495		140		113953		189
496		138		114176		188
497		139		114404		188
498		137		114636		189
499		140		114869		186
500		140		115099		187
501		141		115324		189
502		141		115545		189
503		151		115772		192
504		154		116005		189
505		155		116229		190
506		152		116460		188
507		149		116695		193
508		154		116927		190
509		156		117163		189
510		150		117387		188
511		149		117621		191
512		151		117856		193
513		152		118087		191
514		150		118315		190
515		149		118549		188
516		153		118782		187
517		152		119019		185
518		156		119243		184
519		164		119468		185
520		161		119695		193
521		152		119934		194
522		154		120160		192
523		154		120389		190
524		164		120620		191
525		150		120848		188
526		150		121074		189
527		149		121313		187
528		151		121546		186
529		145		121774		190
530		150		122006		192
531		150		122231		187
532		146		122460		183
533		140		122695		186
534		145		122916		188
535		146		123147		186
536		139		123380		183
537		141		123612		184
538		145		123839		186
539		149		124073		188
540		146		124306		188
541		132		124542		190
542		139		124779		190
543		146		125006		193
544		148		125234		190
545		149		125464		186
546		151		125697		189
547		149		125926		190
548		140		126157		189
549		144		126390		189
550		142		126618		189
551		144		126852		187
552		151		127084		187
553		151		127319		190
554		152		127549		187
555		159		127780		185
556		162		128006		191
557		167		128237		188
558		172		128465		186
559		174		128697		188
560		162		128931		192
561		165		129160		185
562		170		129389		189
563		167		129620		190
564		164		129849		188
565		168		130084		188
566		172		130315		193
567		169		130546		190
568		178		130775		189
569		180		131011		186
570		179		131242		189
571		172		131459		191
572		175		131691		189
573		176		131921		192
574		180		132153		191
575		163		132383		186
576		158		132611		188
577		157		132836		190
578		165		133065		188
579		155		133299		187
580		159		133526		190
581		153		133754		190
582		154		133976		188
583		159		134212		193
584		161		134440		188
585		160		134672		186
586		165		134902		189
587		162		135135		184
588		163		135370		188
589		158		135603		185
590		148		135831		184
591		141		136057		183
592		145		136283		186
593		143		136509		186
594		144		136742		188
595		140		136970		188
596		138		137199		190
597		138		137432		188
598		145		137667		189
599		153		137895		186
600		157		138124		189
601		163		138360		188
602		162		138597		191
603		162		138831		183
604		161		139060		186
605		166		139291		183
606		166		139517		187
607		156		139745		189
608		150		139972		190
609		152		140198		189
610		155		140431		188
611		153		140656		186
612		156		140888		185
613		156		141127		189
614		160		141361		190
615		152		141600		187
616		168		141833		189
617		173		142066		187
618		167		142297		188
619		164		142531		188
620		175		142759		190
621		172		142991		188
622		177		143229		181
623		174		143458		190
624		165		143687		188
625		162		143924		189
626		163		144159		185
627		171		144392		184
628		165		144621		185
629		157		144854		190
630		159		145088		187
631		163		145319		186
632		165		145548		187
633		157		145783		189
634		156		146011		190
635		146		146237		189
636		153		146472		190
637		163		146710		189
638		168		146942		188
639		182		147180		185
640		164		147414		184
641		156		147649		183
642		160		147884		185
643		161		148112		189
644		152		148347		191
645		154		148578		186
646		162		148812		186
647		160		149043		190
648		163		149271		192
649		169		149501		188
650		170		149738		190
651		173		149962		190
652		170		150195		188
653		171		150426		188
654		167		150653		192
655		158		150886		191
656		164		151118		190
657		168		151355		187
658		176		151586		193
659		166		151820		190
660		158		152042		182
661		164		152271		190
662		165		152502		189
663		163		152736		190
664		160		152969		190
665		175		153201		190
666		170		153438		192
667		172		153668		191
668		186		153897		188
669		166		154131		189
670		165		154368		189
671		169		154601		188
672		163		154824		184
673		164		155052		185
674		173		155281		188
675		163		155510		189
676		169		155747		189
677		181		155978		189
678		184		156204		187
679		182		156431		191
680		183		156662		191
681		184		156898		190
682		186		157135		195
683		183		157369		189
684		184		157600		189
685		194		157825		189
686		181		158054		187
687		191		158286		184
688		185		158517		189
689		187		158743		185
690		185		158967		191
691		180		159188		188
692		182		159419		189
693		177		159647		190
694		179		159881		191
695		183		160107		185
696		187		160343		189
697		190		160575		186
698		187		160805		194
699		189		161038		189
700		187		161271		190
701		181		161501		191
702		182		161729		191
703		178		161960		189
704		187		162190		187
705		202		162427		192
706		198		162662		183
707		188		162897		182
708		198		163127		183
709		195		163355		185
710		185		163584		189
711		197		163814		186
712		183		164032		192
713		185		164266		188
714		198		164497		192
715		189		164728		187
716		182		164962		189
717		186		165196		195
718		190		165429		193
719		180		165661		190
720		178		165893		192
721		186		166121		193
722		190		166347		188
723		191		166587		189
724		190		166813		190
725		191		167047		180
726		192		167276		185
727		193		167518		191
728		193		167749		192
729		190		167979		191
730		194		168215		191
731		189		168450		185
732		177		168685		185
733		169		168918		186
734		166		169153		192
735		169		169385		191
736		170		169616		191
737		167		169849		186
738		164		170078		187
739		169		170310		186
740		172		170537		186
741		180		170764		184
742		174		170992		184
743		168		171227		186
744		179		171456		188
745		175		171687		189
746		170		171919		190
747		173		172149		187
748		183		172373		185
749		188		172607		184
750		184		172830		189
751		168		173062		187
752		170		173292		187
753		167		173515		186
754		171		173748		182
755		179		173983		187
756		179		174205		185
757		178		174436		187
758		169		174662		188
759		162		174898		187
760		170		175130		190
761		176		175355		191
762		181		175584		189
763		197		175819		187
764		183		176057		192
765		186		176288		187
766		187		176520		187
767		187		176749		186
768		184		176982		187
769		195		177217		195
770		183		177452		189
771		188		177687		185
772		180		177917		190
773		182		178150		191
774		178		178386		191
775		172		178623		187
776		170		178861		191
777		167		179092		187
778		176		179325		184
779		174		179565		186
780		172		179796		186
781		180		180031		190
782		178		180261		190
783		175		180494		186
784		182		180729		187
785		193		180959		186
786		196		181194		191
787		203		181427		191
788		202		181662		190
789		207		181893		187
790		205		182127		194
791		216		182364		188
792		210		182595		183
793		205		182823		192
794		201		183051		186
795		203		183290		183
796		202		183528		186
797		203		183757		187
798		205		183991		191
799		201		184219		191
800		193		184451		190
801		191		184690		186
802		188		184925		189
803		196		185156		184
804		202		185391		182
805		205		185626		181
806		208		185863		191
807		217		186090		186
808		215		186325		190
809		209		186557		190
810		202		186796		188
811		195		187036		193
812		190		187263		185
813		176		187493		192
814		177		187732		189
815		172		187960		189
816		177		188197		186
817		167		188429		186
818		173		188665		188
819		180		188899		186
820		184		189131		186
821		176		189366		183
822		181		189600		197
823		198		189835		192
824		194		190068		188
825		202		190299		187
826		204		190532		186
827		187		190761		187
828		191		190996		190
829		189		191230		189
830		193		191459		184
831		195		191693		188
832		205		191924		189
833		193		192160		191
834		200		192397		188
835		196		192625		190
836		189		192865		187
837		178		193098		189
838		173		193328		183
839		171		193566		183
840		185		193799		188
841		180		194027		188
842		182		194257		185
843		178		194491		185
844		187		194721		185
845		181		194956		187
846		165		195188		183
847		157		195421		184
848		153		195652		191
849		149		195882		183
850		150		196109		187
851		159		196347		186
852		158		196578		183
853		152		196808		188
854		161		197041		188
855		152		197270		187
856		151		197500		192
857		152		197733		190
858		150		197969		187
859		154		198194		189
860		162		198424		188
861		153		198655		189
862		160		198883		184
863		164		199114		188
864		158		199346		189
865		161		199577		184
866		165		199819		188
867		165		200057		188
868		168		200292		186
869		168		200529		187
870		167		200763		185
871		168		200994		191
872		175		201216		189
873		174		201443		191
874		171		201681		188
875		167		201901		189
876		167		202132		185
877		173		202364		186
878		180		202598		190
879		189		202831		191
880		190		203066		189
881		177		203301		189
882		179		203528		184
883		159		203765		187
884		167		203994		189
885		176		204227		189
886		174		204463		184
887		173		204687		186
888		173		204920		190
889		170		205151		191
890		179		205383		190
891		182		205611		193
892		192		205840		192
893		192		206069		192
894		193		206306		188
895		186		206545		188
896		179		206774		185
897		170		207008		185
898		172		207240		191
899		171		207471		183
900		169		207709		182
901		167		207942		182
902		172		208177		188
903		180		208403		191
904		180		208632		191
905		188		208868		190
906		199		209103		188
907		203		209332		189
908		209		209567		195
909		197		209786		190
910		192		210015		187
911		203		210246		185
912		197		210487		188
913		190		210723		192
914		196		210952		188
915		197		211181		185
916		204		211413		187
917		196		211645		183
918		201		211875		187
919		212		212109		186
920		214		212348		189
921		220		212575		191
922		211		212808		182
923		203		213038		187
924		224		213276		186
925		227		213509		184
926		228		213747		186
927		214		213974		186
928		216		214204		188
929		220		214438		190
930		224		214669		185
931		223		214904		186
932		224		215134		184
933		235		215368		185
934		243		215606		190
935		238		215844		184
936		244		216080		182
937		242		216306		188
938		247		216545		190
939		252		216777		192
940		257		217010		185
941		249		217241		188
942		258		217477		187
943		247		217710		189
944		229		217940		190
945		216		218177		185
946		205		218409		191
947		202		218643		192
948		208		218885		191
949		208		219117		191
950		207		219344		190
951		213		219578		188
952		206		219813		186
953		203		220047		193
954		209		220277		188
955		203		220512		191
956		208		220744		191
957		208		220981		192
958		207		221213		189
959		198		221444		188
960		200		221677		186
961		207		221908		187
962		216		222134		183
963		213		222367		188
964		204		222598		188
965		201		222831		190
966		192		223058		190
967		174		223295		185
968		177		223527		183
969		178		223753		183
970		178		223986		187
971		186		224217		187
972		191		224449		186
973		183		224680		182
974		185		224915		189
975		195		225148		188
976		197		225373		190
977		201		225604		184
978		197		225838		193
979		195		226073		189
980		190		226307		189
981		179		226540		188
982		177		226773		187
983		175		227007		186
984		176		227237		186
985		179		227475		185
986		188		227712		185
987		185		227949		181
988		182		228184		187
989		181		228414		186
990		181		228651		185
991		172		228883		187
992		176		229110		189
993		176		229346		186
994		181		229577		183
995		171		229812		185
996		177		230046		186
997		182		230276		186
998		177		230511		195
999		178		230743		189
