# Migration is number of nodes that have changed color.

Round		Edge-Cut		Swaps		Migrations		Skipped
0		815		250		193
1		796		495		179
2		793		743		198
3		764		988		180
4		755		1231		188
5		738		1473		198
6		716		1715		196
7		724		1956		188
8		708		2198		178
9		681		2432		183
10		683		2672		192
11		703		2912		197
12		699		3152		184
13		715		3395		187
14		714		3638		186
15		687		3881		201
16		677		4118		194
17		665		4354		186
18		641		4595		186
19		646		4830		182
20		647		5060		186
21		635		5289		188
22		630		5525		186
23		640		5757		177
24		629		5991		175
25		612		6234		185
26		589		6480		182
27		587		6707		183
28		546		6936		176
29		548		7166		179
30		562		7397		194
31		557		7629		186
32		544		7858		185
33		520		8096		196
34		513		8325		194
35		510		8547		183
36		510		8773		193
37		507		9009		194
38		497		9238		177
39		470		9468		194
40		450		9699		186
41		444		9923		186
42		457		10154		190
43		442		10386		187
44		452		10615		188
45		457		10838		188
46		446		11064		189
47		427		11294		184
48		430		11518		177
49		440		11742		187
50		436		11965		186
51		459		12192		188
52		444		12420		187
53		422		12644		183
54		401		12872		179
55		386		13090		190
56		402		13316		190
57		410		13535		189
58		377		13758		174
59		380		13983		186
60		394		14205		186
61		391		14432		192
62		389		14652		188
63		404		14888		181
64		410		15107		183
65		419		15331		184
66		420		15562		191
67		407		15790		184
68		384		16015		192
69		401		16239		197
70		394		16463		184
71		401		16688		188
72		408		16918		192
73		407		17147		188
74		401		17381		194
75		410		17610		180
76		409		17838		186
77		406		18062		183
78		411		18288		191
79		411		18513		179
80		407		18742		178
81		421		18973		187
82		424		19199		184
83		408		19429		185
84		402		19656		191
85		390		19890		187
86		379		20125		186
87		397		20356		182
88		387		20588		189
89		385		20817		185
90		377		21043		189
91		370		21268		194
92		381		21496		194
93		373		21725		185
94		375		21955		189
95		381		22194		178
96		363		22424		185
97		363		22660		192
98		368		22893		186
99		359		23127		183
100		342		23362		185
101		330		23600		178
102		340		23827		188
103		347		24062		183
104		358		24298		187
105		353		24531		182
106		340		24761		188
107		339		24999		181
108		325		25222		182
109		335		25454		187
110		333		25685		189
111		315		25924		181
112		312		26154		182
113		317		26388		185
114		301		26624		189
115		299		26858		183
116		303		27095		184
117		297		27323		196
118		296		27551		192
119		285		27781		192
120		276		28013		189
121		283		28244		180
122		296		28478		187
123		296		28708		187
124		297		28937		189
125		284		29174		193
126		290		29406		192
127		288		29636		192
128		292		29870		184
129		300		30109		193
130		307		30344		192
131		290		30571		189
132		300		30801		185
133		295		31023		184
134		290		31251		185
135		297		31484		188
136		306		31719		194
137		312		31951		182
138		306		32187		187
139		297		32421		188
140		292		32656		185
141		266		32889		188
142		253		33123		188
143		274		33356		189
144		265		33596		189
145		264		33827		192
146		260		34056		181
147		270		34296		191
148		276		34523		188
149		274		34755		189
150		276		34980		184
151		272		35211		182
152		262		35438		185
153		265		35664		188
154		264		35888		185
155		272		36118		181
156		261		36357		185
157		258		36588		184
158		282		36816		185
159		286		37054		188
160		294		37287		192
161		296		37519		190
162		290		37751		190
163		285		37989		192
164		287		38222		189
165		296		38459		186
166		307		38694		183
167		316		38928		185
168		292		39163		186
169		289		39397		182
170		292		39628		188
171		272		39855		178
172		258		40094		188
173		248		40325		185
174		237		40559		189
175		237		40784		187
176		242		41012		188
177		251		41243		186
178		247		41469		196
179		253		41701		191
180		258		41930		188
181		258		42161		183
182		239		42388		189
183		239		42620		181
184		235		42854		185
185		238		43094		191
186		234		43327		192
187		243		43567		193
188		230		43802		187
189		222		44026		190
190		225		44261		183
191		235		44489		184
192		240		44721		189
193		256		44949		186
194		237		45178		188
195		233		45408		188
196		238		45631		184
197		241		45868		181
198		243		46103		190
199		242		46337		192
200		230		46567		186
201		233		46800		185
202		228		47034		182
203		225		47270		184
204		222		47500		185
205		223		47730		190
206		216		47957		187
207		214		48192		190
208		212		48425		187
209		209		48665		189
210		193		48896		188
211		187		49127		188
212		185		49358		183
213		185		49592		185
214		187		49818		187
215		191		50044		191
216		186		50270		197
217		181		50491		192
218		180		50726		186
219		170		50953		187
220		170		51185		184
221		177		51418		190
222		180		51644		189
223		188		51877		186
224		186		52111		187
225		175		52338		184
226		183		52573		187
227		191		52806		186
228		177		53036		185
229		175		53277		182
230		179		53510		186
231		166		53737		186
232		180		53969		192
233		181		54205		190
234		183		54445		191
235		189		54675		187
236		183		54912		192
237		178		55148		188
238		177		55383		186
239		165		55611		182
240		163		55846		181
241		173		56083		185
242		177		56315		189
243		181		56553		189
244		172		56782		191
245		162		57013		188
246		157		57246		185
247		160		57484		191
248		165		57719		189
249		174		57948		191
250		181		58187		185
251		181		58419		185
252		187		58657		186
253		184		58892		194
254		189		59120		184
255		190		59356		190
256		186		59591		185
257		188		59824		191
258		198		60060		189
259		196		60293		187
260		180		60531		191
261		183		60769		193
262		191		60997		186
263		181		61232		191
264		186		61466		189
265		177		61697		187
266		173		61935		190
267		181		62169		189
268		184		62403		190
269		186		62635		184
270		186		62868		182
271		179		63106		187
272		179		63342		186
273		188		63576		186
274		172		63803		192
275		167		64042		189
276		163		64279		190
277		172		64511		186
278		173		64740		188
279		175		64978		191
280		183		65215		186
281		173		65444		186
282		175		65678		184
283		191		65909		188
284		195		66144		185
285		199		66380		184
286		206		66617		191
287		205		66851		195
288		206		67087		188
289		203		67320		188
290		198		67556		194
291		205		67793		186
292		213		68032		191
293		213		68272		190
294		215		68511		187
295		223		68745		180
296		210		68980		196
297		195		69214		191
298		195		69448		185
299		201		69687		183
300		211		69924		189
301		206		70164		187
302		192		70396		184
303		203		70636		193
304		209		70874		189
305		206		71111		189
306		211		71343		186
307		222		71582		191
308		223		71817		186
309		220		72051		190
310		222		72289		181
311		228		72528		182
312		214		72769		189
313		222		73004		184
314		232		73243		187
315		235		73488		185
316		233		73727		186
317		231		73962		189
318		239		74198		188
319		235		74432		180
320		234		74670		187
321		226		74913		189
322		222		75149		192
323		213		75386		186
324		205		75623		191
325		194		75864		187
326		205		76099		191
327		206		76343		186
328		204		76584		186
329		215		76823		188
330		209		77061		191
331		206		77307		188
332		200		77543		191
333		205		77786		187
334		214		78024		193
335		215		78266		190
336		205		78504		188
337		203		78741		187
338		206		78978		188
339		205		79218		191
340		202		79455		188
341		201		79696		185
342		202		79934		181
343		193		80176		190
344		196		80410		190
345		199		80653		192
346		193		80890		190
347		185		81126		190
348		190		81365		191
349		183		81602		189
350		191		81842		191
351		191		82076		187
352		182		82311		183
353		183		82554		189
354		183		82793		188
355		182		83033		190
356		179		83277		185
357		185		83517		183
358		168		83756		189
359		170		83988		193
360		166		84223		185
361		162		84462		193
362		168		84698		186
363		176		84938		190
364		177		85173		185
365		181		85415		190
366		175		85657		185
367		174		85890		184
368		174		86128		186
369		172		86363		186
370		167		86601		189
371		175		86839		193
372		167		87079		184
373		173		87321		184
374		165		87561		184
375		175		87795		191
376		173		88035		188
377		173		88276		193
378		171		88518		186
379		166		88748		190
380		164		88984		186
381		167		89222		186
382		161		89462		185
383		173		89706		186
384		170		89941		188
385		173		90184		186
386		171		90424		186
387		174		90666		192
388		174		90899		192
389		172		91135		188
390		168		91375		183
391		166		91614		185
392		168		91849		189
393		172		92092		190
394		173		92335		183
395		163		92576		186
396		160		92812		188
397		155		93052		187
398		156		93285		189
399		158		93522		188
400		154		93758		188
401		155		93990		188
402		149		94223		190
403		140		94451		186
404		144		94690		190
405		149		94932		186
406		149		95172		187
407		156		95413		189
408		150		95650		188
409		148		95890		188
410		140		96123		187
411		145		96360		190
412		149		96597		187
413		156		96834		187
414		159		97072		190
415		154		97309		185
416		155		97552		187
417		147		97796		190
418		142		98031		182
419		134		98271		188
420		133		98512		192
421		132		98750		190
422		133		98990		185
423		132		99231		186
424		143		99467		184
425		137		99704		186
426		133		99944		188
427		135		100181		193
428		127		100419		188
429		127		100657		189
430		130		100891		190
431		134		101132		188
432		119		101369		187
433		125		101608		189
434		123		101845		187
435		138		102088		191
436		145		102328		189
437		138		102571		188
438		139		102808		190
439		133		103046		186
440		133		103285		189
441		135		103520		191
442		140		103758		189
443		140		103991		190
444		138		104231		190
445		137		104470		188
446		132		104706		186
447		131		104946		189
448		133		105183		191
449		130		105418		185
450		127		105659		189
451		134		105898		186
452		140		106137		184
453		138		106377		189
454		132		106615		191
455		142		106854		191
456		140		107087		191
457		142		107326		186
458		131		107561		185
459		129		107795		194
460		130		108037		193
461		127		108277		188
462		134		108512		189
463		135		108750		189
464		124		108991		188
465		130		109228		185
466		133		109467		187
467		130		109701		189
468		133		109943		188
469		134		110177		189
470		130		110414		188
471		139		110654		192
472		135		110892		193
473		130		111132		193
474		133		111371		186
475		141		111605		187
476		144		111841		185
477		137		112079		189
478		141		112318		188
479		146		112554		189
480		146		112789		189
481		138		113025		189
482		141		113263		186
483		136		113502		189
484		137		113738		191
485		143		113979		188
486		148		114219		191
487		146		114455		185
488		152		114695		189
489		153		114934		190
490		162		115177		187
491		163		115414		189
492		164		115649		189
493		161		115890		189
494		164		116130		188
495		158		116368		188
496		160		116605		186
497		155		116839		185
498		160		117079		185
499		155		117318		189
500		148		117561		189
501		148		117800		191
502		150		118040		187
503		147		118278		189
504		151		118517		185
505		150		118756		186
506		150		118995		188
507		149		119234		187
508		150		119475		188
509		143		119716		186
510		145		119951		189
511		145		120190		188
512		143		120430		191
513		146		120672		192
514		138		120913		188
515		132		121154		188
516		140		121390		193
517		136		121629		187
518		137		121863		189
519		147		122105		186
520		140		122345		191
521		148		122585		189
522		145		122827		188
523		149		123066		192
524		152		123305		192
525		152		123547		187
526		154		123783		186
527		157		124017		188
528		155		124254		189
529		158		124487		188
530		177		124721		192
531		179		124960		189
532		180		125202		189
533		179		125438		187
534		182		125675		185
535		175		125909		185
536		166		126154		187
537		170		126390		185
538		166		126631		192
539		163		126874		190
540		156		127115		186
541		161		127353		188
542		160		127595		192
543		163		127839		189
544		161		128079		185
545		166		128315		184
546		165		128548		192
547		157		128782		185
548		154		129017		190
549		154		129252		188
550		153		129493		187
551		154		129738		187
552		154		129972		190
553		161		130213		186
554		166		130450		186
555		164		130687		189
556		163		130926		188
557		162		131165		187
558		161		131409		190
559		162		131654		186
560		155		131886		188
561		158		132128		186
562		163		132366		186
563		168		132605		189
564		161		132841		185
565		161		133079		183
566		163		133318		187
567		171		133555		194
568		176		133789		191
569		169		134026		187
570		168		134264		189
571		166		134500		185
572		169		134743		189
573		165		134984		188
574		174		135223		192
575		183		135461		186
576		185		135699		190
577		190		135939		186
578		190		136177		184
579		179		136419		185
580		191		136656		184
581		199		136892		192
582		189		137127		190
583		181		137365		188
584		184		137605		180
585		186		137849		184
586		183		138086		187
587		178		138320		189
588		178		138561		187
589		180		138803		188
590		178		139042		189
591		175		139285		188
592		178		139525		188
593		180		139762		187
594		177		140009		186
595		172		140249		187
596		173		140490		187
597		180		140730		186
598		181		140967		184
599		174		141203		186
600		176		141443		186
601		171		141684		188
602		167		141921		188
603		164		142162		186
604		168		142403		190
605		170		142641		193
606		172		142883		192
607		167		143125		191
608		165		143359		190
609		165		143598		187
610		164		143836		189
611		159		144078		189
612		160		144316		187
613		154		144555		188
614		155		144796		189
615		151		145033		186
616		147		145274		192
617		145		145515		188
618		140		145751		188
619		143		145990		188
620		141		146227		189
621		142		146461		193
622		137		146703		192
623		138		146943		188
624		137		147181		190
625		138		147423		188
626		137		147659		189
627		138		147897		191
628		135		148136		184
629		139		148376		190
630		143		148612		188
631		140		148850		187
632		139		149089		192
633		139		149326		191
634		141		149563		190
635		146		149802		187
636		151		150045		186
637		153		150284		190
638		152		150519		187
639		148		150762		188
640		152		150999		185
641		149		151235		187
642		147		151474		182
643		159		151718		192
644		162		151956		189
645		161		152198		189
646		150		152430		183
647		157		152671		193
648		142		152913		188
649		143		153158		187
650		126		153401		187
651		126		153640		184
652		129		153870		187
653		134		154107		187
654		137		154350		191
655		142		154586		191
656		138		154820		192
657		135		155055		188
658		135		155292		188
659		137		155532		184
660		133		155772		185
661		135		156008		186
662		124		156250		188
663		126		156490		187
664		125		156730		191
665		133		156974		186
666		133		157210		185
667		130		157445		188
668		134		157678		187
669		140		157913		190
670		140		158149		183
671		139		158385		188
672		142		158628		187
673		143		158869		190
674		141		159110		189
675		143		159350		188
676		149		159593		189
677		145		159836		188
678		149		160077		185
679		154		160315		189
680		152		160549		189
681		151		160780		183
682		153		161019		186
683		150		161251		186
684		139		161490		189
685		142		161733		188
686		142		161970		191
687		141		162209		193
688		143		162448		195
689		143		162683		185
690		137		162924		189
691		141		163165		190
692		149		163402		191
693		148		163641		188
694		152		163877		184
695		154		164120		191
696		165		164359		189
697		179		164602		190
698		177		164837		187
699		189		165078		188
700		190		165318		183
701		197		165562		187
702		183		165803		187
703		180		166039		188
704		179		166281		187
705		174		166520		188
706		171		166756		185
707		170		166994		192
708		170		167236		185
709		166		167470		186
710		166		167708		185
711		161		167943		184
712		165		168175		187
713		169		168412		187
714		163		168649		189
715		158		168880		180
716		160		169114		185
717		161		169355		189
718		164		169598		185
719		179		169839		186
720		175		170076		189
721		166		170316		190
722		171		170551		193
723		167		170788		188
724		170		171029		186
725		162		171261		185
726		167		171494		189
727		170		171729		182
728		177		171972		188
729		166		172209		186
730		172		172442		191
731		170		172680		193
732		163		172919		189
733		149		173156		185
734		148		173396		186
735		144		173639		186
736		145		173878		187
737		151		174119		187
738		151		174357		185
739		158		174597		184
740		158		174837		189
741		157		175076		188
742		156		175316		187
743		159		175556		188
744		151		175794		190
745		153		176030		188
746		163		176272		191
747		168		176511		184
748		164		176751		188
749		164		176996		193
750		163		177230		185
751		156		177469		184
752		159		177708		188
753		157		177949		191
754		155		178190		188
755		152		178423		192
756		158		178663		189
757		151		178908		188
758		157		179149		185
759		153		179393		193
760		147		179630		188
761		148		179869		191
762		154		180108		187
763		153		180349		189
764		147		180586		186
765		140		180825		188
766		138		181067		185
767		143		181299		191
768		143		181541		193
769		144		181783		187
770		145		182019		188
771		143		182254		187
772		137		182491		189
773		140		182732		187
774		135		182970		186
775		143		183210		187
776		147		183443		185
777		132		183681		189
778		137		183921		190
779		134		184158		190
780		133		184396		186
781		128		184636		187
782		130		184876		185
783		135		185120		188
784		140		185355		189
785		135		185591		189
786		129		185830		189
787		130		186067		189
788		135		186306		187
789		124		186548		185
790		120		186788		185
791		116		187028		186
792		118		187261		187
793		118		187496		189
794		119		187735		186
795		117		187979		187
796		120		188215		189
797		119		188455		188
798		118		188692		192
799		119		188930		189
800		114		189165		191
801		118		189404		188
802		124		189652		188
803		121		189887		187
804		125		190126		187
805		130		190371		185
806		131		190613		185
807		121		190851		188
808		124		191094		187
809		128		191338		191
810		129		191574		192
811		128		191813		186
812		127		192054		189
813		126		192285		188
814		132		192524		187
815		127		192768		186
816		122		193008		184
817		127		193247		186
818		125		193493		184
819		121		193734		186
820		116		193969		189
821		118		194203		186
822		116		194443		186
823		113		194684		185
824		109		194920		186
825		110		195153		190
826		105		195391		186
827		112		195630		186
828		114		195870		189
829		105		196109		185
830		111		196344		187
831		109		196586		186
832		109		196824		187
833		107		197054		188
834		121		197296		191
835		120		197535		187
836		126		197774		190
837		130		198014		190
838		135		198250		186
839		137		198493		189
840		125		198724		190
841		119		198963		188
842		123		199201		189
843		121		199445		191
844		123		199684		185
845		118		199923		188
846		119		200163		185
847		118		200401		188
848		122		200639		186
849		116		200883		186
850		119		201121		190
851		122		201359		189
852		117		201600		188
853		124		201842		184
854		114		202086		189
855		114		202327		189
856		110		202566		189
857		108		202799		186
858		113		203038		193
859		110		203277		191
860		107		203517		189
861		103		203757		187
862		98		203989		188
863		95		204226		187
864		93		204462		186
865		97		204702		190
866		96		204937		189
867		94		205185		185
868		98		205423		189
869		94		205667		188
870		95		205906		188
871		97		206145		188
872		92		206382		190
873		95		206619		189
874		95		206856		189
875		96		207099		191
876		96		207338		190
877		96		207582		191
878		96		207820		189
879		97		208060		188
880		105		208301		188
881		103		208544		189
882		103		208783		190
883		98		209028		187
884		94		209267		187
885		95		209506		189
886		99		209745		189
887		100		209985		188
888		98		210221		186
889		98		210460		190
890		102		210703		187
891		105		210944		187
892		110		211180		191
893		109		211419		189
894		103		211663		189
895		102		211898		189
896		103		212141		186
897		102		212378		188
898		96		212620		185
899		96		212855		189
900		94		213090		188
901		95		213328		187
902		101		213563		188
903		107		213804		188
904		109		214040		189
905		114		214278		187
906		107		214515		188
907		102		214760		188
908		106		215001		189
909		107		215240		193
910		112		215482		191
911		106		215721		186
912		107		215960		187
913		104		216201		188
914		102		216438		191
915		101		216675		190
916		98		216916		188
917		100		217152		186
918		99		217386		189
919		106		217621		185
920		104		217860		188
921		100		218101		191
922		104		218338		186
923		107		218571		184
924		111		218810		186
925		111		219048		184
926		119		219291		187
927		116		219526		188
928		114		219762		189
929		112		220004		190
930		116		220247		189
931		121		220487		189
932		114		220723		190
933		121		220965		188
934		117		221202		187
935		101		221439		186
936		101		221675		189
937		102		221916		188
938		101		222156		189
939		107		222394		190
940		106		222634		187
941		102		222870		186
942		104		223110		184
943		105		223352		183
944		104		223591		187
945		111		223829		191
946		102		224069		189
947		96		224311		188
948		102		224551		192
949		108		224794		187
950		103		225033		187
951		107		225268		191
952		104		225507		190
953		100		225752		187
954		98		225991		186
955		90		226231		187
956		90		226469		188
957		88		226705		189
958		88		226942		187
959		86		227184		187
960		83		227424		188
961		84		227665		188
962		86		227903		188
963		86		228142		186
964		86		228381		187
965		90		228620		185
966		90		228853		186
967		84		229096		188
968		87		229333		187
969		87		229573		187
970		85		229813		187
971		85		230055		190
972		82		230285		187
973		84		230523		189
974		86		230760		189
975		89		231001		185
976		92		231242		185
977		89		231481		189
978		87		231717		189
979		80		231953		187
980		80		232188		189
981		80		232427		187
982		81		232669		186
983		85		232905		185
984		81		233140		189
985		83		233382		187
986		83		233621		188
987		84		233856		185
988		89		234099		187
989		94		234341		189
990		85		234584		191
991		80		234825		188
992		81		235063		189
993		84		235301		188
994		81		235539		189
995		85		235778		186
996		85		236011		187
997		89		236253		190
998		89		236492		189
999		95		236730		186
