# Migration is number of nodes that have changed color.

Round		Edge-Cut		Swaps		Migrations		Skipped
0		808		248		181
1		774		498		170
2		756		743		190
3		747		991		186
4		755		1235		182
5		729		1484		177
6		730		1726		189
7		712		1970		181
8		717		2212		189
9		685		2455		184
10		703		2695		186
11		687		2931		188
12		706		3168		194
13		681		3409		183
14		682		3655		184
15		690		3897		196
16		651		4139		178
17		648		4373		183
18		671		4612		187
19		685		4853		205
20		654		5085		185
21		661		5323		190
22		640		5559		189
23		612		5797		193
24		639		6035		187
25		640		6270		189
26		634		6511		187
27		622		6745		191
28		603		6981		190
29		628		7210		184
30		625		7447		193
31		627		7680		191
32		627		7916		198
33		608		8148		188
34		571		8386		181
35		578		8618		189
36		570		8847		193
37		573		9079		180
38		576		9299		186
39		583		9536		191
40		591		9772		184
41		598		10000		189
42		583		10234		193
43		593		10461		190
44		608		10705		178
45		603		10935		183
46		609		11165		191
47		638		11404		193
48		633		11645		180
49		645		11884		187
50		653		12124		178
51		663		12364		193
52		632		12602		188
53		596		12839		186
54		563		13071		182
55		575		13303		191
56		576		13534		184
57		578		13765		188
58		573		14003		180
59		552		14240		189
60		577		14469		196
61		581		14702		199
62		559		14933		186
63		559		15158		184
64		553		15388		170
65		561		15625		196
66		548		15858		188
67		554		16094		186
68		537		16329		175
69		520		16565		182
70		538		16796		191
71		533		17031		190
72		537		17266		174
73		551		17497		185
74		544		17727		186
75		532		17955		187
76		526		18182		187
77		515		18413		186
78		503		18642		192
79		505		18871		191
80		523		19095		192
81		541		19333		186
82		527		19569		191
83		533		19810		180
84		545		20044		189
85		552		20280		180
86		552		20523		185
87		549		20758		192
88		533		21000		189
89		539		21236		189
90		529		21471		193
91		517		21704		184
92		512		21943		188
93		511		22178		189
94		510		22416		183
95		505		22646		189
96		530		22872		189
97		540		23106		187
98		528		23339		188
99		521		23577		185
100		496		23815		185
101		505		24047		180
102		497		24274		183
103		499		24510		187
104		509		24738		193
105		497		24974		174
106		480		25204		183
107		473		25436		193
108		484		25671		191
109		476		25908		190
110		475		26131		190
111		462		26365		188
112		466		26601		187
113		461		26829		176
114		448		27059		186
115		438		27288		174
116		428		27518		187
117		442		27751		188
118		417		27982		194
119		412		28211		185
120		389		28441		187
121		391		28670		183
122		382		28894		183
123		367		29120		184
124		357		29347		190
125		368		29565		186
126		350		29794		183
127		354		30022		187
128		348		30258		184
129		349		30486		196
130		328		30720		193
131		329		30951		189
132		336		31180		192
133		324		31400		187
134		331		31620		186
135		332		31849		191
136		337		32084		181
137		344		32318		187
138		358		32555		199
139		358		32789		183
140		379		33025		179
141		365		33253		184
142		352		33478		189
143		340		33708		186
144		347		33926		189
145		339		34145		184
146		355		34372		195
147		351		34589		192
148		340		34813		193
149		331		35043		191
150		322		35273		190
151		332		35497		184
152		341		35729		187
153		341		35964		184
154		346		36190		182
155		359		36421		190
156		348		36649		183
157		345		36881		192
158		331		37105		193
159		300		37329		187
160		309		37557		192
161		322		37775		188
162		328		37999		187
163		324		38229		186
164		321		38456		186
165		299		38693		185
166		303		38923		178
167		303		39147		190
168		311		39374		184
169		298		39608		189
170		302		39836		182
171		305		40068		188
172		307		40287		189
173		304		40519		183
174		301		40748		189
175		303		40969		186
176		302		41204		183
177		305		41430		188
178		295		41658		193
179		313		41881		187
180		307		42106		187
181		301		42345		191
182		304		42580		188
183		312		42808		188
184		303		43029		182
185		294		43255		185
186		299		43482		186
187		305		43714		181
188		296		43946		182
189		301		44179		191
190		283		44407		192
191		286		44638		190
192		277		44866		183
193		281		45098		192
194		290		45328		189
195		300		45551		186
196		309		45775		187
197		317		46010		195
198		323		46245		183
199		312		46470		183
200		308		46700		189
201		291		46931		188
202		286		47162		191
203		286		47390		187
204		273		47618		186
205		257		47850		183
206		260		48080		188
207		259		48314		187
208		267		48545		192
209		283		48781		192
210		262		49018		191
211		258		49245		188
212		266		49478		187
213		262		49714		187
214		254		49943		186
215		259		50177		185
216		249		50412		184
217		245		50637		179
218		242		50864		186
219		236		51094		191
220		241		51323		190
221		238		51558		185
222		236		51792		193
223		230		52022		180
224		225		52254		188
225		223		52482		186
226		221		52723		192
227		219		52953		185
228		228		53184		192
229		229		53416		192
230		235		53653		190
231		241		53885		188
232		231		54120		187
233		228		54353		190
234		204		54583		191
235		209		54815		187
236		198		55047		188
237		209		55269		194
238		217		55505		185
239		217		55740		192
240		220		55964		191
241		222		56190		189
242		215		56416		190
243		213		56645		192
244		222		56874		189
245		224		57104		192
246		222		57339		184
247		232		57572		189
248		229		57807		182
249		243		58029		195
250		243		58263		195
251		247		58497		191
252		260		58730		190
253		264		58960		184
254		264		59190		192
255		248		59417		186
256		237		59647		187
257		245		59871		188
258		249		60099		187
259		251		60330		189
260		250		60562		187
261		252		60792		189
262		242		61015		186
263		236		61246		185
264		244		61476		191
265		236		61709		183
266		237		61940		192
267		239		62176		189
268		231		62406		185
269		230		62639		191
270		232		62874		189
271		229		63107		188
272		217		63336		195
273		214		63568		189
274		214		63800		188
275		213		64037		185
276		219		64270		187
277		218		64502		191
278		220		64727		190
279		206		64954		186
280		208		65179		187
281		216		65409		187
282		208		65641		190
283		216		65873		190
284		207		66104		186
285		196		66334		186
286		205		66567		189
287		203		66799		189
288		200		67031		189
289		204		67265		191
290		205		67496		190
291		190		67721		190
292		194		67956		186
293		197		68191		184
294		195		68416		186
295		199		68645		192
296		184		68883		186
297		178		69115		186
298		177		69342		188
299		177		69577		189
300		176		69807		193
301		174		70043		190
302		178		70276		183
303		185		70508		183
304		183		70736		190
305		189		70968		191
306		176		71207		184
307		179		71444		185
308		177		71675		192
309		173		71906		186
310		175		72141		186
311		176		72373		189
312		176		72604		185
313		174		72833		190
314		173		73059		192
315		164		73290		188
316		169		73531		188
317		162		73758		190
318		160		73986		187
319		156		74215		187
320		153		74441		186
321		164		74668		185
322		168		74903		189
323		175		75133		189
324		171		75365		185
325		173		75591		190
326		173		75820		191
327		169		76055		187
328		165		76284		190
329		171		76518		191
330		176		76736		187
331		168		76973		183
332		179		77203		185
333		179		77433		185
334		178		77664		183
335		195		77893		186
336		208		78128		180
337		210		78359		188
338		207		78588		180
339		205		78819		180
340		192		79055		188
341		192		79289		186
342		191		79515		185
343		189		79736		189
344		187		79969		188
345		186		80197		188
346		179		80432		191
347		177		80669		191
348		179		80896		190
349		186		81128		192
350		184		81352		190
351		177		81575		185
352		183		81807		190
353		180		82029		187
354		181		82259		182
355		185		82492		188
356		191		82723		189
357		186		82960		184
358		185		83194		184
359		190		83419		186
360		192		83655		188
361		193		83892		185
362		186		84128		188
363		188		84351		187
364		197		84583		191
365		197		84818		187
366		193		85046		189
367		202		85275		188
368		190		85513		186
369		189		85741		187
370		195		85973		189
371		196		86211		185
372		197		86449		193
373		203		86673		192
374		198		86902		184
375		203		87139		186
376		194		87373		191
377		179		87603		191
378		177		87832		190
379		180		88060		186
380		181		88299		189
381		180		88528		186
382		168		88756		184
383		161		88986		186
384		156		89220		188
385		150		89447		189
386		142		89684		188
387		145		89920		186
388		145		90149		187
389		143		90378		187
390		145		90612		189
391		144		90841		189
392		149		91069		187
393		150		91300		190
394		151		91534		189
395		149		91771		187
396		153		91998		186
397		161		92222		186
398		162		92455		187
399		160		92687		187
400		159		92917		188
401		159		93153		193
402		173		93387		192
403		159		93621		192
404		160		93858		187
405		167		94084		189
406		152		94311		189
407		150		94541		188
408		151		94769		188
409		153		95003		191
410		158		95233		186
411		167		95464		185
412		162		95700		186
413		168		95930		190
414		168		96161		187
415		169		96393		189
416		173		96620		190
417		163		96855		184
418		162		97087		188
419		174		97319		186
420		172		97556		191
421		166		97782		187
422		177		98010		190
423		183		98244		191
424		192		98474		184
425		197		98712		190
426		213		98939		191
427		209		99169		184
428		216		99399		185
429		209		99628		185
430		211		99857		189
431		204		100091		188
432		198		100326		184
433		192		100557		189
434		192		100790		183
435		178		101024		193
436		183		101261		184
437		185		101497		185
438		179		101729		190
439		168		101961		189
440		170		102186		188
441		172		102417		189
442		180		102649		187
443		181		102881		186
444		182		103105		189
445		175		103333		185
446		187		103570		186
447		192		103799		187
448		192		104034		186
449		194		104266		189
450		175		104498		186
451		174		104726		188
452		173		104953		188
453		170		105187		188
454		167		105421		189
455		163		105657		192
456		171		105888		189
457		169		106117		189
458		160		106349		192
459		157		106579		188
460		149		106804		187
461		141		107028		187
462		144		107261		186
463		141		107486		189
464		143		107715		189
465		143		107942		186
466		126		108176		188
467		123		108406		188
468		131		108635		190
469		124		108862		190
470		120		109091		190
471		127		109330		190
472		139		109559		188
473		134		109784		186
474		136		110013		187
475		138		110248		187
476		143		110473		192
477		139		110705		188
478		137		110938		187
479		141		111168		185
480		143		111390		184
481		142		111617		185
482		147		111854		187
483		151		112084		185
484		157		112315		187
485		145		112547		189
486		152		112780		193
487		147		113011		190
488		150		113248		190
489		155		113473		188
490		149		113703		184
491		156		113930		184
492		161		114163		193
493		158		114391		186
494		156		114628		187
495		156		114862		184
496		153		115095		188
497		154		115330		185
498		154		115561		189
499		151		115795		189
500		134		116032		187
501		139		116267		188
502		154		116496		187
503		159		116730		184
504		154		116967		184
505		161		117205		191
506		173		117435		193
507		179		117673		189
508		180		117903		191
509		163		118130		192
510		165		118365		188
511		174		118601		188
512		163		118831		190
513		176		119068		189
514		176		119304		188
515		179		119535		192
516		178		119767		191
517		189		120001		189
518		185		120231		187
519		174		120464		191
520		174		120697		189
521		175		120933		189
522		173		121170		190
523		167		121396		189
524		180		121628		185
525		169		121866		183
526		171		122089		186
527		173		122319		189
528		168		122551		185
529		175		122784		182
530		164		123024		185
531		172		123252		188
532		162		123481		187
533		160		123716		187
534		164		123944		192
535		173		124175		186
536		166		124408		188
537		166		124644		185
538		160		124876		188
539		154		125109		188
540		159		125342		188
541		144		125581		185
542		148		125812		191
543		156		126045		191
544		152		126282		189
545		142		126514		189
546		138		126749		189
547		138		126985		189
548		141		127220		187
549		128		127456		188
550		129		127680		187
551		131		127912		186
552		141		128147		188
553		142		128375		192
554		146		128606		189
555		145		128842		190
556		135		129068		190
557		139		129305		187
558		141		129543		185
559		137		129776		188
560		134		130006		186
561		134		130243		189
562		131		130480		190
563		135		130714		189
564		135		130943		185
565		132		131177		190
566		125		131409		189
567		133		131649		187
568		136		131878		188
569		131		132108		187
570		130		132340		187
571		134		132568		188
572		126		132793		188
573		121		133022		188
574		121		133257		188
575		119		133493		192
576		119		133723		191
577		123		133955		186
578		122		134185		187
579		135		134419		189
580		129		134656		191
581		132		134889		187
582		150		135118		186
583		132		135352		189
584		133		135584		188
585		136		135821		192
586		144		136053		188
587		150		136284		186
588		143		136518		187
589		145		136750		189
590		141		136982		187
591		143		137212		187
592		140		137443		188
593		148		137675		185
594		153		137907		188
595		149		138138		191
596		154		138366		190
597		153		138603		187
598		159		138833		187
599		158		139070		189
600		151		139309		190
601		161		139546		190
602		168		139780		187
603		166		140013		191
604		171		140245		187
605		175		140471		195
606		172		140707		189
607		173		140937		194
608		172		141168		188
609		160		141404		191
610		165		141639		191
611		159		141872		188
612		163		142106		186
613		167		142343		192
614		169		142577		187
615		169		142812		184
616		175		143040		193
617		181		143284		190
618		190		143509		185
619		190		143744		191
620		191		143972		189
621		196		144212		187
622		194		144448		184
623		206		144681		188
624		204		144912		185
625		190		145143		185
626		178		145373		190
627		166		145604		187
628		171		145840		189
629		171		146070		190
630		172		146304		191
631		175		146540		186
632		173		146769		193
633		173		146994		190
634		174		147231		194
635		183		147467		194
636		193		147704		187
637		201		147942		185
638		205		148175		193
639		209		148408		188
640		213		148646		179
641		222		148881		183
642		224		149119		183
643		219		149358		188
644		212		149591		189
645		219		149827		192
646		214		150067		189
647		203		150306		186
648		199		150545		187
649		195		150780		184
650		191		151018		192
651		192		151254		185
652		201		151495		190
653		197		151732		186
654		205		151970		187
655		211		152203		184
656		211		152440		190
657		217		152673		182
658		224		152902		188
659		214		153137		189
660		221		153368		188
661		200		153606		189
662		197		153843		185
663		196		154083		188
664		205		154315		192
665		198		154555		193
666		193		154784		190
667		188		155016		190
668		185		155252		187
669		186		155481		184
670		177		155715		181
671		178		155944		190
672		194		156184		187
673		188		156422		192
674		197		156660		190
675		185		156898		187
676		193		157132		187
677		194		157370		183
678		185		157598		188
679		175		157829		189
680		184		158061		190
681		182		158290		185
682		176		158528		187
683		180		158758		186
684		186		158994		181
685		187		159227		186
686		182		159458		187
687		184		159695		187
688		185		159933		189
689		182		160163		187
690		179		160397		189
691		177		160626		192
692		184		160860		186
693		181		161085		187
694		181		161321		192
695		189		161561		191
696		195		161796		187
697		190		162035		189
698		194		162271		186
699		183		162503		190
700		183		162730		189
701		172		162967		188
702		178		163203		186
703		183		163444		186
704		184		163678		193
705		165		163914		186
706		159		164147		190
707		173		164381		194
708		173		164608		188
709		175		164839		192
710		181		165076		190
711		184		165310		192
712		189		165549		191
713		192		165787		186
714		189		166019		194
715		193		166254		186
716		191		166490		190
717		199		166730		190
718		188		166969		191
719		194		167206		186
720		207		167444		190
721		205		167681		189
722		213		167921		187
723		212		168161		183
724		214		168399		185
725		220		168634		195
726		213		168872		187
727		215		169108		190
728		216		169345		187
729		216		169583		190
730		200		169816		189
731		199		170044		188
732		188		170280		191
733		194		170514		193
734		192		170745		191
735		197		170980		188
736		193		171221		191
737		196		171458		190
738		182		171686		188
739		183		171914		186
740		184		172158		188
741		178		172398		186
742		191		172635		183
743		178		172875		186
744		183		173108		189
745		189		173346		188
746		193		173583		186
747		192		173817		183
748		189		174051		190
749		190		174285		188
750		188		174521		188
751		193		174756		192
752		183		174995		191
753		194		175233		188
754		186		175470		192
755		191		175710		184
756		186		175949		187
757		183		176185		189
758		185		176420		189
759		183		176659		192
760		192		176892		189
761		194		177130		186
762		195		177362		190
763		192		177597		188
764		193		177838		194
765		185		178080		191
766		201		178314		186
767		205		178548		183
768		201		178786		193
769		212		179019		190
770		211		179257		193
771		222		179498		183
772		220		179735		187
773		225		179971		186
774		228		180208		189
775		213		180445		182
776		214		180684		184
777		211		180912		185
778		202		181145		198
779		205		181381		193
780		196		181618		183
781		193		181852		186
782		183		182079		188
783		190		182311		188
784		191		182547		196
785		186		182782		188
786		201		183023		190
787		202		183262		190
788		186		183496		191
789		190		183730		195
790		193		183961		189
791		194		184198		184
792		188		184432		188
793		184		184672		187
794		184		184915		195
795		189		185158		188
796		193		185393		195
797		193		185631		193
798		198		185869		190
799		198		186106		193
800		207		186341		192
801		211		186577		188
802		211		186815		191
803		222		187057		191
804		226		187294		190
805		235		187532		191
806		238		187764		191
807		247		188003		184
808		237		188235		194
809		233		188471		188
810		248		188707		192
811		243		188947		192
812		247		189190		191
813		243		189431		189
814		233		189672		191
815		201		189912		192
816		209		190145		189
817		202		190385		189
818		199		190627		188
819		188		190868		187
820		188		191111		190
821		196		191344		189
822		187		191574		189
823		199		191814		189
824		209		192052		183
825		211		192289		190
826		209		192530		186
827		213		192765		195
828		207		193000		189
829		206		193234		187
830		206		193469		185
831		211		193702		181
832		211		193942		187
833		213		194176		191
834		213		194412		183
835		225		194647		185
836		214		194887		187
837		217		195121		184
838		213		195357		183
839		196		195593		187
840		182		195827		188
841		181		196060		189
842		179		196297		191
843		176		196529		190
844		171		196764		188
845		172		196998		187
846		170		197236		190
847		171		197477		188
848		171		197713		187
849		182		197948		186
850		171		198187		181
851		179		198426		187
852		181		198662		189
853		176		198905		191
854		173		199140		191
855		172		199378		184
856		171		199612		191
857		166		199847		193
858		171		200079		190
859		166		200309		183
860		158		200550		188
861		162		200786		186
862		169		201023		186
863		172		201258		189
864		167		201491		190
865		165		201726		191
866		157		201962		191
867		156		202194		191
868		161		202430		188
869		167		202665		183
870		176		202901		187
871		177		203136		190
872		173		203370		191
873		177		203604		182
874		184		203839		188
875		181		204079		186
876		181		204318		192
877		177		204558		187
878		165		204792		185
879		160		205030		193
880		169		205266		187
881		169		205503		185
882		175		205740		193
883		165		205979		188
884		175		206217		188
885		176		206453		186
886		172		206694		184
887		176		206933		186
888		175		207169		188
889		168		207404		186
890		172		207640		189
891		157		207873		193
892		162		208112		184
893		152		208344		188
894		152		208581		188
895		148		208821		187
896		150		209061		185
897		156		209296		190
898		158		209534		190
899		172		209770		190
900		163		210009		188
901		174		210246		190
902		173		210484		190
903		182		210722		187
904		175		210959		188
905		177		211187		192
906		187		211416		192
907		183		211644		187
908		176		211878		188
909		179		212112		192
910		179		212348		191
911		185		212589		192
912		185		212823		192
913		185		213061		188
914		180		213303		189
915		176		213542		190
916		179		213784		186
917		173		214017		189
918		173		214250		187
919		164		214483		187
920		176		214724		190
921		174		214960		185
922		178		215193		192
923		173		215432		188
924		175		215670		183
925		171		215896		184
926		172		216127		187
927		173		216359		188
928		168		216597		185
929		171		216833		184
930		170		217068		186
931		172		217304		187
932		169		217534		190
933		160		217768		187
934		158		218006		186
935		150		218244		187
936		151		218481		188
937		147		218711		186
938		144		218949		188
939		146		219191		186
940		150		219425		188
941		146		219662		192
942		146		219899		192
943		155		220135		190
944		157		220372		190
945		159		220606		187
946		156		220841		187
947		159		221074		192
948		154		221305		191
949		157		221539		188
950		162		221775		187
951		155		222016		190
952		160		222249		183
953		147		222486		185
954		149		222718		192
955		145		222952		191
956		157		223181		191
957		170		223418		191
958		160		223654		188
959		166		223890		190
960		162		224128		186
961		167		224369		190
962		162		224602		195
963		162		224836		186
964		147		225076		188
965		142		225309		188
966		145		225544		187
967		144		225778		192
968		145		226016		185
969		138		226249		189
970		143		226483		187
971		141		226720		188
972		130		226959		184
973		136		227190		188
974		138		227427		190
975		145		227665		195
976		141		227903		187
977		142		228140		189
978		144		228378		186
979		143		228617		187
980		149		228856		189
981		152		229096		190
982		151		229330		191
983		148		229571		194
984		145		229806		191
985		141		230046		186
986		150		230279		187
987		158		230515		190
988		157		230752		190
989		159		230990		190
990		157		231224		187
991		163		231463		187
992		170		231701		186
993		170		231934		186
994		174		232172		191
995		157		232408		186
996		160		232645		190
997		161		232887		190
998		165		233119		191
999		160		233357		189
