# Migration is number of nodes that have changed color.

Round		Edge-Cut		Swaps		Migrations		Skipped
0		817		250		184
1		805		496		195
2		770		746		194
3		747		987		187
4		750		1233		188
5		717		1475		196
6		714		1718		184
7		705		1960		190
8		702		2200		194
9		715		2445		189
10		686		2690		185
11		671		2921		203
12		661		3153		193
13		640		3387		181
14		645		3616		185
15		679		3849		193
16		669		4089		185
17		643		4323		180
18		660		4558		175
19		668		4784		186
20		646		5021		181
21		632		5257		186
22		604		5488		185
23		591		5718		186
24		592		5953		185
25		579		6187		190
26		585		6420		181
27		589		6655		187
28		582		6883		190
29		540		7111		194
30		524		7343		191
31		539		7573		184
32		540		7810		196
33		541		8034		192
34		514		8260		177
35		514		8490		177
36		527		8721		184
37		535		8957		182
38		538		9190		184
39		507		9416		186
40		519		9648		186
41		511		9881		189
42		516		10109		189
43		478		10344		194
44		471		10566		192
45		445		10801		189
46		454		11023		189
47		439		11253		184
48		441		11487		187
49		417		11714		192
50		412		11940		182
51		386		12171		193
52		386		12406		180
53		385		12636		191
54		395		12859		193
55		392		13090		196
56		393		13324		190
57		382		13564		190
58		376		13795		190
59		369		14017		192
60		358		14247		192
61		369		14475		183
62		362		14703		189
63		347		14930		191
64		338		15155		190
65		329		15385		191
66		314		15609		191
67		303		15837		188
68		289		16071		181
69		290		16295		188
70		292		16522		186
71		302		16755		186
72		308		16983		183
73		294		17217		184
74		297		17448		185
75		270		17670		185
76		253		17902		186
77		247		18134		193
78		258		18359		187
79		261		18589		184
80		258		18817		190
81		243		19047		185
82		234		19280		186
83		229		19510		186
84		224		19734		182
85		225		19957		186
86		236		20190		190
87		239		20426		189
88		239		20659		184
89		245		20878		184
90		260		21108		179
91		262		21340		188
92		252		21568		191
93		268		21793		189
94		259		22024		185
95		257		22257		191
96		267		22485		188
97		254		22712		189
98		251		22942		189
99		258		23175		186
100		258		23404		192
101		241		23637		185
102		249		23869		183
103		252		24098		188
104		252		24322		184
105		245		24556		189
106		253		24790		186
107		260		25020		183
108		260		25249		187
109		256		25476		185
110		255		25700		187
111		243		25930		190
112		238		26162		193
113		249		26395		186
114		246		26624		188
115		232		26859		190
116		243		27088		184
117		254		27320		186
118		252		27548		183
119		241		27782		187
120		247		28017		187
121		247		28248		179
122		248		28485		176
123		250		28707		189
124		258		28927		189
125		250		29152		186
126		246		29378		181
127		242		29612		183
128		236		29843		189
129		238		30075		186
130		235		30309		189
131		241		30539		188
132		237		30773		182
133		238		31005		191
134		227		31234		191
135		223		31460		189
136		224		31695		187
137		210		31928		182
138		204		32158		185
139		205		32388		188
140		205		32615		189
141		224		32841		187
142		210		33072		188
143		216		33301		188
144		223		33536		187
145		219		33767		188
146		212		33994		181
147		193		34222		187
148		195		34452		186
149		188		34681		189
150		193		34912		183
151		203		35147		181
152		204		35378		194
153		192		35618		186
154		194		35853		188
155		201		36083		188
156		196		36318		181
157		204		36547		188
158		198		36779		185
159		199		37015		191
160		205		37243		183
161		206		37471		186
162		202		37704		187
163		199		37930		192
164		202		38164		187
165		204		38390		190
166		196		38622		187
167		202		38850		189
168		203		39078		187
169		197		39308		187
170		191		39543		187
171		208		39774		191
172		195		40007		186
173		200		40231		189
174		198		40460		188
175		188		40683		189
176		186		40916		187
177		187		41140		185
178		193		41376		189
179		193		41603		185
180		191		41839		186
181		194		42075		184
182		187		42315		182
183		189		42545		189
184		192		42775		189
185		193		43003		188
186		190		43233		188
187		192		43463		189
188		191		43694		191
189		190		43924		191
190		196		44155		190
191		217		44385		189
192		211		44616		189
193		221		44847		184
194		242		45080		188
195		238		45306		192
196		219		45541		191
197		203		45767		186
198		200		45999		183
199		194		46227		190
200		196		46459		191
201		197		46682		192
202		208		46912		184
203		202		47143		187
204		203		47375		186
205		190		47608		186
206		189		47845		191
207		199		48071		186
208		206		48299		185
209		204		48525		190
210		203		48759		187
211		196		48993		188
212		190		49218		189
213		186		49451		188
214		195		49679		189
215		194		49909		184
216		195		50138		191
217		194		50369		185
218		197		50601		183
219		193		50837		195
220		182		51066		189
221		180		51295		185
222		184		51525		185
223		180		51751		187
224		186		51985		184
225		185		52216		187
226		187		52445		187
227		184		52672		191
228		183		52904		190
229		183		53132		189
230		183		53356		189
231		187		53593		188
232		180		53823		190
233		186		54054		185
234		191		54282		184
235		194		54514		183
236		196		54743		187
237		200		54972		187
238		205		55198		185
239		199		55430		187
240		201		55656		189
241		194		55884		187
242		204		56113		187
243		216		56344		190
244		223		56567		183
245		221		56803		186
246		216		57030		187
247		218		57261		178
248		212		57493		186
249		203		57730		191
250		199		57952		189
251		200		58185		190
252		200		58414		188
253		195		58647		184
254		180		58874		189
255		186		59110		190
256		174		59336		192
257		183		59565		190
258		183		59790		187
259		180		60022		186
260		179		60253		187
261		180		60479		185
262		190		60711		188
263		193		60942		185
264		192		61172		188
265		185		61400		188
266		175		61636		186
267		183		61869		192
268		180		62096		191
269		182		62323		185
270		197		62557		185
271		187		62794		185
272		178		63026		192
273		173		63257		185
274		175		63490		193
275		184		63722		190
276		187		63955		187
277		180		64178		188
278		176		64411		187
279		180		64631		186
280		179		64860		190
281		172		65092		189
282		176		65324		188
283		177		65560		188
284		188		65795		186
285		189		66027		182
286		185		66257		187
287		184		66489		183
288		183		66723		186
289		176		66953		187
290		184		67182		184
291		178		67418		186
292		177		67650		189
293		184		67882		188
294		189		68114		183
295		180		68347		188
296		183		68578		191
297		168		68816		188
298		173		69043		187
299		179		69272		186
300		175		69498		183
301		182		69722		187
302		177		69954		192
303		173		70184		188
304		159		70415		186
305		164		70643		183
306		155		70869		186
307		165		71098		187
308		165		71336		185
309		167		71564		181
310		168		71801		185
311		153		72034		185
312		153		72263		186
313		152		72496		189
314		156		72724		189
315		151		72960		188
316		150		73188		186
317		150		73419		189
318		152		73638		189
319		149		73867		191
320		156		74096		189
321		156		74330		189
322		168		74558		191
323		171		74789		188
324		179		75016		188
325		180		75251		189
326		160		75489		186
327		158		75720		188
328		158		75950		187
329		163		76177		188
330		157		76410		187
331		157		76641		186
332		159		76864		187
333		167		77094		185
334		167		77329		189
335		158		77564		190
336		165		77799		184
337		167		78035		183
338		163		78258		187
339		170		78493		185
340		157		78727		187
341		156		78962		187
342		163		79194		195
343		164		79432		188
344		161		79653		186
345		165		79886		183
346		161		80117		187
347		157		80342		187
348		151		80570		185
349		159		80799		190
350		156		81032		192
351		159		81255		193
352		162		81474		190
353		171		81705		190
354		170		81936		189
355		172		82169		190
356		163		82401		191
357		149		82623		188
358		148		82855		191
359		156		83086		189
360		150		83321		187
361		156		83548		188
362		141		83787		185
363		145		84017		182
364		147		84246		181
365		150		84477		183
366		153		84708		183
367		158		84939		188
368		156		85163		187
369		164		85398		187
370		161		85625		186
371		161		85852		189
372		158		86081		184
373		146		86310		188
374		148		86539		186
375		148		86770		183
376		147		86997		184
377		149		87225		188
378		143		87452		188
379		141		87688		188
380		141		87915		186
381		140		88140		187
382		138		88379		186
383		143		88608		186
384		152		88836		190
385		149		89066		190
386		148		89298		187
387		156		89528		186
388		151		89765		184
389		142		89995		184
390		144		90226		188
391		145		90459		185
392		143		90689		185
393		138		90919		186
394		146		91161		186
395		151		91391		188
396		145		91621		187
397		144		91855		190
398		133		92082		186
399		138		92310		189
400		144		92540		188
401		140		92767		187
402		142		92998		184
403		142		93221		185
404		140		93448		188
405		144		93679		190
406		146		93914		187
407		151		94149		189
408		145		94380		186
409		141		94605		186
410		141		94835		187
411		131		95062		190
412		129		95290		188
413		135		95523		185
414		140		95755		184
415		144		95984		190
416		141		96215		189
417		144		96449		185
418		138		96675		185
419		132		96904		185
420		136		97134		186
421		134		97370		185
422		127		97596		187
423		129		97819		184
424		130		98048		183
425		133		98275		183
426		139		98499		185
427		143		98731		187
428		143		98961		190
429		148		99184		187
430		143		99412		186
431		140		99636		185
432		137		99864		186
433		139		100099		187
434		139		100333		190
435		138		100557		187
436		139		100783		190
437		147		101013		193
438		147		101245		188
439		136		101474		189
440		137		101709		189
441		135		101937		188
442		134		102170		186
443		132		102397		187
444		134		102621		188
445		142		102848		186
446		138		103081		188
447		141		103313		188
448		149		103542		186
449		140		103774		185
450		140		104005		183
451		139		104239		187
452		149		104469		192
453		145		104697		190
454		149		104921		188
455		146		105158		187
456		150		105391		189
457		140		105621		188
458		142		105849		187
459		147		106070		191
460		144		106297		190
461		144		106526		190
462		142		106754		188
463		138		106988		187
464		142		107214		189
465		144		107444		189
466		146		107676		193
467		150		107906		189
468		153		108135		191
469		147		108362		188
470		147		108590		184
471		150		108817		187
472		146		109047		186
473		144		109273		188
474		149		109509		187
475		150		109744		189
476		145		109968		186
477		151		110198		187
478		150		110428		189
479		152		110653		192
480		149		110885		194
481		153		111119		190
482		155		111348		190
483		154		111582		190
484		154		111811		187
485		147		112039		190
486		148		112274		188
487		155		112507		189
488		162		112731		185
489		176		112966		190
490		159		113197		187
491		161		113432		188
492		154		113663		185
493		169		113897		186
494		155		114131		186
495		162		114362		183
496		159		114592		186
497		159		114821		185
498		152		115055		188
499		141		115277		187
500		142		115505		189
501		144		115735		189
502		146		115963		189
503		145		116188		190
504		151		116408		190
505		140		116634		191
506		141		116864		191
507		146		117099		188
508		145		117329		186
509		148		117558		188
510		144		117785		186
511		143		118018		189
512		151		118239		185
513		156		118466		188
514		160		118693		186
515		163		118925		185
516		159		119155		190
517		161		119384		183
518		152		119611		187
519		153		119845		186
520		133		120081		189
521		133		120309		186
522		135		120537		185
523		141		120772		183
524		145		120997		183
525		153		121236		188
526		157		121463		190
527		168		121695		191
528		169		121920		191
529		168		122148		187
530		165		122378		187
531		169		122610		188
532		161		122836		185
533		158		123065		186
534		154		123290		188
535		154		123517		186
536		158		123747		187
537		165		123981		188
538		169		124211		189
539		164		124446		185
540		164		124681		183
541		159		124915		189
542		161		125146		187
543		161		125378		192
544		170		125605		184
545		160		125840		191
546		150		126073		188
547		159		126310		192
548		167		126546		189
549		168		126782		189
550		164		127019		191
551		168		127257		191
552		157		127492		185
553		167		127724		185
554		162		127953		187
555		159		128184		187
556		163		128416		188
557		170		128647		188
558		183		128878		192
559		182		129108		189
560		172		129340		185
561		175		129573		185
562		170		129808		185
563		173		130040		188
564		172		130269		186
565		178		130491		189
566		164		130715		187
567		163		130949		185
568		147		131180		191
569		149		131413		185
570		156		131645		187
571		155		131868		187
572		161		132102		188
573		164		132329		188
574		164		132566		189
575		161		132789		188
576		142		133021		186
577		138		133252		185
578		143		133479		185
579		148		133709		189
580		151		133944		189
581		151		134180		186
582		151		134407		189
583		146		134635		188
584		147		134864		188
585		149		135093		192
586		143		135313		186
587		141		135542		185
588		144		135772		185
589		143		136008		186
590		136		136240		187
591		138		136479		186
592		130		136711		188
593		128		136934		191
594		134		137168		188
595		133		137403		187
596		139		137638		186
597		144		137869		187
598		148		138102		183
599		155		138338		184
600		145		138577		190
601		133		138807		186
602		129		139037		188
603		131		139270		184
604		129		139501		187
605		135		139733		187
606		129		139966		187
607		135		140194		190
608		146		140426		187
609		137		140658		190
610		135		140883		189
611		119		141114		187
612		121		141341		189
613		125		141573		187
614		118		141803		185
615		124		142031		186
616		124		142264		185
617		126		142493		184
618		123		142725		187
619		129		142960		188
620		125		143181		185
621		129		143417		186
622		131		143645		189
623		122		143872		189
624		118		144110		188
625		118		144337		188
626		122		144571		185
627		126		144799		187
628		136		145027		190
629		140		145259		190
630		146		145489		187
631		157		145720		184
632		140		145955		187
633		141		146186		188
634		137		146427		190
635		140		146666		185
636		141		146899		188
637		138		147128		188
638		142		147364		192
639		133		147587		189
640		129		147811		188
641		131		148049		192
642		134		148281		188
643		126		148515		187
644		136		148747		191
645		140		148970		186
646		144		149202		189
647		152		149440		185
648		148		149675		188
649		154		149904		192
650		162		150136		190
651		163		150371		191
652		164		150600		185
653		160		150837		189
654		161		151073		192
655		159		151305		185
656		155		151537		184
657		155		151765		187
658		163		151997		186
659		166		152232		188
660		162		152472		189
661		160		152707		188
662		146		152936		188
663		142		153171		191
664		150		153405		189
665		137		153635		186
666		139		153861		183
667		137		154094		188
668		145		154325		186
669		147		154558		187
670		149		154790		190
671		146		155021		191
672		149		155252		192
673		152		155482		192
674		151		155709		188
675		152		155931		186
676		151		156161		187
677		154		156400		186
678		151		156634		186
679		152		156868		186
680		151		157103		189
681		159		157326		186
682		162		157559		190
683		166		157788		186
684		172		158023		185
685		162		158250		184
686		167		158471		192
687		157		158708		190
688		165		158937		186
689		168		159172		184
690		176		159405		184
691		173		159634		186
692		171		159863		184
693		167		160090		185
694		168		160320		187
695		167		160554		187
696		170		160786		191
697		171		161022		185
698		178		161256		189
699		168		161488		187
700		164		161721		190
701		164		161952		186
702		169		162179		187
703		172		162407		188
704		181		162646		194
705		183		162882		188
706		182		163111		186
707		185		163343		187
708		187		163566		187
709		187		163799		191
710		192		164032		188
711		198		164257		186
712		192		164487		185
713		190		164711		189
714		191		164949		187
715		186		165185		184
716		188		165413		181
717		196		165641		183
718		194		165877		185
719		186		166110		190
720		188		166351		191
721		179		166585		186
722		191		166816		180
723		194		167043		186
724		185		167271		186
725		179		167495		187
726		179		167729		187
727		165		167951		185
728		164		168181		187
729		161		168417		185
730		168		168651		188
731		157		168881		187
732		163		169104		192
733		164		169330		186
734		162		169562		188
735		168		169794		185
736		170		170024		188
737		172		170253		185
738		172		170487		190
739		176		170722		181
740		179		170954		185
741		167		171189		191
742		177		171425		189
743		172		171655		188
744		160		171882		187
745		165		172111		187
746		166		172347		188
747		168		172572		191
748		166		172810		186
749		168		173043		191
750		166		173278		190
751		152		173516		189
752		150		173745		185
753		149		173981		185
754		149		174212		184
755		159		174447		191
756		153		174679		193
757		162		174906		195
758		150		175136		189
759		151		175375		183
760		154		175608		187
761		161		175840		191
762		153		176075		187
763		154		176304		186
764		148		176535		185
765		154		176765		188
766		155		176998		190
767		159		177226		189
768		158		177460		188
769		152		177690		188
770		157		177919		187
771		162		178156		191
772		170		178386		189
773		164		178612		189
774		169		178843		189
775		170		179064		189
776		173		179291		186
777		182		179529		185
778		195		179762		193
779		182		179996		185
780		183		180221		191
781		194		180452		187
782		207		180687		193
783		206		180920		194
784		206		181152		190
785		202		181384		187
786		209		181612		185
787		218		181848		190
788		225		182083		186
789		224		182317		185
790		228		182547		187
791		231		182784		184
792		228		183014		185
793		219		183245		186
794		214		183480		186
795		208		183720		187
796		206		183950		191
797		208		184178		188
798		207		184411		184
799		184		184645		193
800		188		184870		191
801		186		185104		192
802		174		185341		184
803		156		185572		185
804		166		185802		189
805		163		186032		190
806		163		186263		189
807		182		186490		189
808		184		186722		189
809		193		186939		189
810		186		187167		184
811		168		187397		187
812		180		187630		187
813		174		187857		183
814		172		188082		187
815		183		188320		187
816		185		188549		183
817		168		188786		185
818		165		189023		191
819		164		189255		188
820		167		189484		186
821		162		189721		182
822		167		189947		182
823		173		190176		184
824		164		190400		188
825		162		190636		190
826		161		190866		190
827		166		191093		184
828		168		191325		191
829		163		191561		191
830		163		191790		188
831		165		192025		184
832		164		192258		184
833		166		192491		184
834		167		192720		187
835		165		192949		189
836		158		193184		187
837		159		193416		188
838		160		193644		184
839		157		193874		188
840		165		194107		189
841		165		194341		191
842		168		194573		186
843		165		194799		188
844		171		195033		187
845		162		195262		186
846		165		195490		185
847		162		195720		187
848		171		195956		187
849		175		196181		189
850		173		196409		188
851		174		196642		191
852		173		196882		181
853		176		197113		183
854		182		197340		184
855		181		197557		186
856		180		197789		186
857		188		198026		188
858		182		198252		191
859		186		198474		185
860		185		198706		189
861		184		198936		193
862		181		199170		191
863		177		199393		193
864		187		199623		195
865		181		199858		187
866		183		200088		182
867		189		200316		187
868		205		200545		188
869		191		200787		184
870		188		201019		188
871		193		201250		185
872		195		201480		182
873		191		201718		183
874		184		201951		189
875		182		202182		184
876		183		202415		189
877		174		202647		188
878		176		202882		185
879		178		203120		191
880		187		203351		187
881		177		203584		190
882		167		203811		184
883		169		204045		188
884		177		204270		189
885		173		204498		186
886		167		204732		191
887		165		204963		191
888		161		205188		191
889		149		205424		191
890		160		205657		187
891		164		205890		189
892		166		206115		185
893		171		206344		188
894		175		206572		190
895		166		206803		189
896		161		207037		181
897		168		207271		182
898		172		207502		185
899		168		207735		187
900		174		207969		185
901		182		208203		189
902		181		208435		193
903		173		208670		187
904		167		208904		188
905		158		209136		184
906		161		209370		188
907		159		209598		186
908		160		209830		189
909		160		210064		185
910		158		210293		186
911		155		210533		190
912		159		210763		190
913		153		210990		189
914		156		211219		186
915		157		211447		187
916		167		211673		188
917		168		211906		186
918		153		212136		186
919		146		212368		185
920		153		212596		192
921		147		212828		187
922		143		213055		189
923		139		213286		189
924		141		213517		190
925		140		213748		189
926		137		213983		186
927		143		214217		187
928		141		214446		188
929		148		214683		188
930		150		214913		189
931		153		215141		184
932		159		215377		190
933		179		215608		189
934		170		215835		190
935		167		216069		183
936		167		216303		187
937		165		216541		187
938		171		216770		185
939		176		216995		187
940		181		217226		184
941		169		217457		184
942		166		217691		185
943		172		217924		184
944		158		218155		182
945		159		218386		187
946		160		218616		188
947		164		218844		185
948		174		219073		190
949		165		219297		187
950		164		219522		187
951		159		219754		190
952		146		219987		190
953		153		220226		183
954		156		220460		187
955		150		220699		192
956		156		220932		188
957		151		221164		185
958		151		221392		187
959		149		221621		188
960		150		221856		189
961		153		222085		186
962		155		222314		187
963		157		222552		189
964		158		222774		186
965		156		223003		189
966		167		223241		187
967		165		223469		188
968		170		223704		183
969		176		223936		187
970		173		224165		187
971		177		224391		187
972		173		224623		184
973		168		224857		187
974		160		225088		184
975		149		225320		187
976		150		225559		188
977		150		225791		189
978		143		226021		191
979		148		226254		190
980		153		226487		188
981		160		226722		188
982		156		226958		190
983		155		227196		188
984		151		227428		190
985		152		227658		191
986		152		227896		186
987		153		228132		190
988		157		228362		190
989		150		228591		187
990		147		228820		188
991		145		229053		187
992		148		229290		190
993		156		229518		187
994		162		229750		190
995		150		229974		188
996		148		230207		184
997		155		230440		186
998		157		230677		191
999		143		230904		190
