# Migration is number of nodes that have changed color.

Round		Edge-Cut		Swaps		Migrations		Skipped
0		826		247		180
1		791		496		189
2		759		740		187
3		766		981		189
4		768		1226		193
5		749		1468		191
6		755		1710		190
7		737		1956		194
8		732		2202		181
9		692		2442		186
10		689		2686		179
11		664		2923		186
12		657		3161		186
13		636		3396		189
14		609		3629		189
15		635		3862		187
16		617		4101		191
17		608		4334		183
18		627		4570		204
19		594		4814		200
20		596		5042		189
21		565		5274		197
22		560		5506		189
23		559		5741		179
24		538		5970		189
25		524		6194		201
26		510		6422		186
27		506		6654		183
28		493		6889		189
29		481		7125		194
30		485		7353		200
31		485		7580		181
32		470		7810		178
33		473		8037		179
34		463		8269		187
35		462		8503		192
36		454		8728		199
37		441		8955		183
38		449		9183		194
39		454		9408		183
40		438		9638		194
41		424		9866		188
42		415		10098		179
43		385		10328		189
44		385		10555		191
45		390		10778		187
46		389		11011		183
47		384		11240		192
48		365		11473		193
49		371		11705		183
50		367		11934		189
51		362		12162		187
52		368		12385		179
53		373		12614		191
54		365		12835		195
55		372		13063		185
56		387		13292		189
57		376		13521		196
58		364		13747		179
59		370		13981		187
60		369		14209		191
61		368		14440		179
62		362		14660		183
63		364		14886		182
64		366		15115		189
65		354		15340		183
66		349		15575		195
67		342		15805		181
68		341		16037		183
69		342		16271		183
70		324		16494		185
71		315		16722		182
72		314		16950		186
73		290		17184		191
74		283		17414		185
75		287		17642		192
76		285		17872		192
77		274		18102		180
78		279		18321		186
79		278		18549		187
80		273		18782		187
81		280		19011		188
82		273		19231		190
83		284		19462		181
84		273		19691		183
85		263		19921		185
86		256		20155		191
87		257		20385		189
88		261		20617		192
89		256		20844		191
90		253		21074		190
91		256		21303		189
92		259		21533		186
93		261		21765		194
94		257		22000		186
95		257		22229		185
96		247		22460		187
97		248		22693		189
98		240		22921		189
99		250		23148		187
100		233		23380		188
101		231		23612		189
102		222		23840		185
103		235		24073		186
104		229		24304		189
105		216		24539		188
106		217		24772		187
107		214		24996		188
108		219		25224		187
109		238		25461		186
110		242		25699		185
111		227		25932		186
112		234		26161		184
113		237		26382		191
114		247		26612		190
115		254		26848		185
116		241		27085		195
117		230		27320		189
118		230		27547		189
119		222		27783		189
120		225		28021		188
121		230		28247		189
122		217		28486		192
123		213		28719		192
124		206		28952		192
125		205		29187		186
126		191		29419		185
127		198		29656		193
128		199		29892		191
129		189		30128		190
130		197		30359		192
131		192		30592		188
132		196		30824		187
133		203		31052		188
134		203		31280		191
135		208		31515		193
136		215		31755		185
137		202		31989		186
138		196		32224		188
139		195		32457		186
140		194		32690		188
141		198		32928		187
142		208		33158		185
143		208		33395		191
144		207		33618		190
145		207		33855		190
146		200		34085		192
147		191		34316		192
148		197		34554		189
149		194		34790		191
150		201		35023		187
151		190		35258		191
152		194		35497		187
153		187		35729		183
154		182		35969		190
155		180		36203		190
156		182		36438		189
157		179		36676		191
158		180		36910		185
159		167		37135		189
160		171		37370		189
161		168		37606		185
162		171		37838		187
163		172		38064		190
164		161		38290		187
165		161		38519		186
166		160		38755		188
167		169		38981		185
168		168		39211		189
169		169		39443		186
170		179		39672		191
171		176		39905		185
172		174		40141		185
173		169		40377		191
174		169		40613		185
175		172		40843		187
176		165		41076		191
177		171		41308		193
178		176		41540		186
179		174		41774		187
180		168		42005		190
181		163		42239		191
182		153		42469		187
183		161		42692		183
184		151		42926		186
185		151		43159		186
186		146		43403		185
187		153		43637		189
188		159		43878		189
189		150		44118		187
190		153		44346		189
191		156		44582		187
192		158		44812		185
193		159		45049		186
194		160		45282		191
195		160		45513		187
196		162		45747		185
197		161		45986		190
198		164		46219		190
199		160		46454		188
200		160		46687		186
201		154		46911		189
202		151		47145		193
203		149		47379		189
204		146		47604		189
205		145		47844		186
206		150		48081		188
207		144		48313		189
208		143		48544		190
209		143		48772		192
210		143		49006		189
211		144		49238		185
212		146		49474		187
213		157		49709		182
214		154		49943		187
215		157		50170		184
216		151		50407		188
217		162		50643		185
218		161		50874		185
219		159		51114		190
220		165		51357		186
221		162		51591		190
222		164		51824		188
223		164		52055		192
224		157		52294		188
225		161		52525		190
226		152		52755		189
227		154		52991		189
228		152		53224		184
229		154		53461		187
230		146		53693		187
231		148		53928		186
232		154		54155		186
233		157		54388		189
234		156		54628		188
235		153		54863		187
236		150		55098		188
237		145		55332		188
238		143		55558		191
239		150		55783		188
240		143		56009		189
241		131		56243		189
242		136		56477		188
243		136		56710		191
244		143		56945		188
245		133		57179		187
246		131		57408		187
247		133		57644		186
248		133		57868		188
249		139		58107		186
250		133		58336		188
251		137		58569		187
252		130		58800		188
253		130		59034		181
254		125		59259		185
255		125		59496		185
256		128		59731		190
257		137		59962		191
258		128		60192		190
259		129		60424		188
260		141		60662		191
261		139		60889		188
262		135		61127		190
263		139		61355		190
264		141		61591		191
265		134		61821		188
266		127		62052		189
267		123		62281		189
268		129		62510		185
269		141		62739		186
270		148		62969		189
271		148		63207		189
272		148		63438		189
273		146		63670		186
274		148		63907		187
275		155		64143		193
276		163		64383		190
277		163		64618		190
278		162		64851		183
279		155		65088		193
280		153		65325		188
281		155		65560		190
282		155		65793		187
283		147		66033		189
284		148		66272		186
285		147		66509		187
286		149		66744		185
287		139		66979		187
288		135		67220		190
289		134		67461		188
290		131		67697		188
291		134		67931		187
292		134		68172		184
293		127		68403		187
294		122		68639		189
295		123		68871		184
296		125		69100		186
297		124		69339		186
298		125		69577		185
299		125		69813		187
300		127		70047		188
301		124		70282		186
302		130		70525		191
303		132		70761		192
304		123		70999		189
305		115		71229		189
306		118		71467		188
307		114		71704		187
308		110		71937		184
309		114		72175		186
310		110		72403		185
311		102		72645		188
312		99		72880		187
313		106		73116		186
314		112		73354		186
315		112		73589		185
316		102		73826		183
317		109		74056		187
318		105		74292		188
319		115		74530		187
320		114		74762		188
321		117		74998		188
322		120		75236		187
323		128		75475		188
324		120		75712		188
325		118		75942		192
326		122		76173		190
327		123		76410		186
328		119		76652		186
329		123		76888		185
330		122		77123		183
331		123		77345		184
332		122		77578		187
333		130		77808		188
334		124		78048		188
335		126		78281		186
336		126		78513		186
337		124		78746		184
338		121		78984		189
339		120		79222		187
340		121		79458		185
341		127		79697		186
342		125		79934		186
343		124		80173		184
344		130		80409		188
345		128		80650		185
346		119		80892		188
347		125		81122		185
348		132		81359		187
349		132		81596		185
350		139		81831		184
351		133		82068		185
352		126		82305		192
353		127		82539		191
354		130		82776		187
355		121		83015		186
356		118		83251		190
357		119		83486		190
358		125		83715		186
359		120		83952		185
360		122		84191		185
361		127		84430		185
362		121		84668		186
363		127		84908		184
364		126		85145		189
365		120		85376		190
366		125		85612		186
367		130		85845		191
368		119		86075		185
369		122		86307		186
370		112		86544		186
371		111		86779		187
372		120		87013		184
373		120		87248		184
374		123		87482		187
375		123		87722		188
376		123		87958		187
377		133		88190		188
378		124		88430		188
379		131		88668		186
380		110		88909		184
381		111		89143		183
382		112		89376		183
383		115		89609		185
384		115		89842		184
385		117		90081		186
386		117		90312		184
387		115		90545		187
388		116		90780		186
389		115		91022		187
390		122		91260		187
391		120		91501		189
392		114		91738		185
393		118		91975		184
394		119		92213		189
395		126		92447		186
396		121		92684		188
397		122		92920		186
398		122		93159		186
399		122		93397		189
400		121		93636		189
401		130		93877		189
402		124		94111		186
403		123		94350		191
404		130		94586		190
405		132		94821		188
406		132		95060		189
407		126		95296		185
408		130		95532		187
409		130		95773		187
410		140		96007		190
411		142		96244		189
412		138		96479		188
413		132		96713		185
414		133		96954		189
415		133		97194		190
416		128		97434		188
417		131		97665		189
418		133		97904		192
419		135		98141		189
420		131		98377		187
421		142		98614		186
422		138		98850		185
423		131		99083		185
424		133		99316		187
425		129		99551		186
426		127		99784		188
427		133		100020		186
428		133		100257		184
429		132		100495		187
430		137		100729		189
431		138		100959		191
432		133		101196		185
433		137		101432		187
434		133		101676		187
435		133		101913		187
436		133		102143		188
437		135		102373		189
438		136		102610		193
439		130		102850		190
440		120		103087		188
441		129		103326		187
442		118		103561		186
443		123		103796		186
444		122		104033		185
445		132		104279		187
446		128		104513		188
447		129		104750		188
448		133		104990		188
449		139		105224		191
450		129		105458		188
451		131		105696		188
452		125		105930		188
453		127		106170		189
454		119		106408		188
455		121		106649		190
456		120		106887		191
457		119		107127		189
458		119		107360		190
459		121		107597		184
460		122		107834		186
461		129		108069		188
462		129		108306		188
463		127		108539		188
464		123		108779		188
465		127		109014		184
466		125		109254		184
467		128		109486		186
468		126		109719		187
469		128		109947		184
470		130		110178		185
471		133		110408		182
472		131		110643		185
473		127		110883		187
474		130		111117		187
475		134		111353		188
476		131		111594		184
477		129		111833		187
478		128		112076		186
479		127		112314		189
480		123		112546		188
481		123		112785		188
482		129		113022		185
483		130		113255		188
484		121		113485		186
485		116		113720		188
486		117		113961		189
487		119		114197		190
488		123		114432		193
489		123		114667		187
490		123		114913		191
491		118		115152		189
492		120		115384		189
493		123		115623		189
494		131		115858		185
495		128		116099		188
496		133		116335		188
497		129		116572		184
498		124		116808		188
499		123		117048		193
500		120		117282		188
501		125		117520		186
502		127		117755		186
503		128		117991		189
504		128		118229		190
505		129		118465		190
506		131		118698		192
507		140		118929		186
508		144		119160		189
509		143		119401		189
510		142		119634		188
511		135		119869		188
512		131		120104		189
513		130		120341		188
514		119		120571		186
515		115		120809		188
516		118		121041		187
517		111		121276		188
518		113		121509		190
519		115		121742		188
520		122		121984		184
521		122		122209		186
522		123		122441		189
523		122		122674		190
524		127		122910		185
525		122		123148		190
526		124		123382		188
527		120		123617		189
528		124		123853		188
529		121		124091		187
530		125		124330		186
531		126		124568		188
532		131		124809		192
533		124		125049		186
534		123		125287		188
535		122		125522		188
536		121		125757		186
537		126		125998		190
538		126		126239		188
539		127		126482		181
540		136		126721		183
541		139		126954		188
542		140		127188		185
543		140		127421		186
544		138		127656		186
545		139		127897		186
546		136		128132		188
547		131		128371		186
548		137		128604		191
549		128		128842		190
550		127		129080		188
551		130		129314		190
552		136		129553		190
553		136		129792		189
554		118		130029		188
555		123		130271		183
556		122		130506		188
557		124		130740		189
558		122		130968		188
559		120		131205		186
560		118		131444		184
561		125		131684		189
562		122		131922		187
563		128		132157		186
564		131		132397		185
565		135		132640		188
566		128		132876		188
567		128		133114		188
568		131		133350		185
569		138		133582		187
570		137		133818		186
571		139		134052		185
572		142		134288		188
573		144		134523		186
574		151		134759		187
575		152		134993		187
576		150		135225		190
577		150		135459		187
578		154		135689		188
579		147		135927		186
580		143		136163		184
581		143		136401		190
582		147		136639		190
583		132		136874		190
584		118		137115		191
585		105		137345		188
586		111		137582		187
587		107		137822		188
588		105		138050		187
589		111		138288		188
590		118		138523		188
591		113		138763		185
592		113		138998		190
593		109		139234		188
594		111		139472		188
595		109		139709		190
596		107		139947		189
597		109		140185		188
598		107		140418		190
599		110		140651		187
600		112		140880		187
601		110		141113		185
602		112		141350		187
603		112		141588		186
604		114		141824		185
605		120		142057		182
606		115		142287		186
607		118		142515		187
608		126		142744		187
609		119		142983		189
610		121		143218		186
611		122		143456		187
612		124		143694		187
613		120		143935		186
614		127		144169		191
615		123		144409		187
616		119		144644		187
617		120		144878		188
618		120		145109		184
619		126		145341		185
620		117		145576		188
621		107		145816		187
622		105		146047		189
623		107		146283		189
624		114		146518		188
625		112		146758		187
626		104		146993		188
627		99		147231		185
628		103		147468		187
629		103		147699		190
630		106		147929		190
631		109		148167		187
632		112		148410		186
633		126		148649		183
634		119		148885		190
635		110		149117		189
636		110		149353		188
637		107		149590		188
638		106		149826		186
639		106		150061		186
640		111		150296		188
641		114		150527		187
642		113		150759		188
643		108		151002		186
644		107		151239		187
645		102		151475		188
646		103		151712		187
647		104		151951		189
648		103		152192		188
649		101		152424		188
650		100		152664		189
651		95		152896		188
652		98		153135		188
653		97		153372		186
654		97		153606		187
655		94		153835		190
656		98		154074		187
657		98		154309		188
658		96		154544		186
659		93		154779		188
660		92		155017		189
661		95		155250		188
662		99		155481		189
663		95		155715		187
664		95		155954		189
665		93		156181		191
666		97		156418		188
667		91		156660		189
668		98		156898		186
669		95		157136		188
670		94		157368		187
671		95		157600		188
672		99		157833		188
673		102		158071		188
674		99		158303		188
675		99		158538		188
676		101		158777		187
677		102		159013		186
678		101		159248		189
679		100		159486		186
680		99		159723		188
681		105		159956		188
682		108		160188		189
683		110		160426		188
684		114		160653		189
685		107		160896		187
686		111		161134		187
687		115		161366		189
688		112		161604		186
689		114		161836		186
690		112		162074		190
691		110		162312		189
692		110		162549		191
693		107		162788		189
694		109		163027		188
695		112		163261		190
696		115		163492		186
697		119		163725		188
698		116		163963		189
699		112		164201		187
700		108		164438		186
701		108		164678		187
702		112		164918		184
703		116		165153		186
704		124		165389		187
705		128		165617		185
706		136		165854		185
707		132		166090		188
708		138		166325		187
709		120		166564		190
710		121		166803		186
711		118		167043		185
712		121		167281		188
713		122		167521		190
714		120		167756		189
715		115		167984		188
716		121		168218		188
717		119		168456		184
718		112		168688		188
719		109		168931		191
720		108		169167		190
721		112		169402		190
722		113		169639		187
723		114		169878		187
724		108		170116		189
725		113		170358		189
726		115		170591		188
727		117		170823		187
728		123		171056		186
729		122		171293		188
730		110		171527		187
731		113		171758		187
732		112		171994		187
733		106		172237		183
734		107		172472		187
735		108		172708		189
736		107		172942		186
737		103		173174		188
738		98		173410		186
739		100		173644		189
740		101		173879		189
741		104		174117		188
742		101		174356		185
743		106		174590		185
744		101		174828		189
745		102		175063		188
746		96		175298		187
747		97		175533		188
748		100		175767		189
749		103		176000		188
750		104		176241		188
751		107		176476		190
752		111		176709		190
753		115		176943		187
754		118		177174		187
755		117		177413		185
756		117		177649		186
757		117		177878		186
758		121		178116		187
759		120		178348		185
760		121		178584		188
761		121		178824		189
762		116		179060		190
763		113		179299		188
764		112		179537		186
765		116		179772		186
766		114		180007		189
767		114		180239		190
768		115		180479		191
769		117		180718		190
770		118		180955		187
771		118		181195		186
772		118		181428		189
773		112		181663		190
774		109		181897		187
775		106		182134		189
776		108		182370		188
777		105		182604		187
778		106		182840		188
779		104		183078		189
780		106		183316		186
781		100		183551		186
782		98		183788		186
783		98		184030		185
784		99		184264		188
785		97		184497		186
786		102		184731		187
787		106		184969		188
788		102		185209		187
789		104		185442		187
790		106		185675		187
791		108		185912		188
792		115		186152		187
793		115		186388		188
794		117		186622		185
795		119		186863		186
796		127		187103		187
797		128		187340		188
798		126		187571		184
799		128		187803		185
800		126		188041		184
801		125		188277		184
802		113		188515		183
803		111		188752		184
804		113		188991		187
805		113		189226		188
806		105		189464		188
807		100		189696		185
808		93		189935		188
809		97		190175		189
810		95		190415		188
811		97		190650		190
812		101		190894		187
813		99		191129		187
814		105		191365		188
815		105		191594		187
816		98		191831		188
817		98		192071		186
818		104		192305		186
819		100		192542		186
820		101		192781		189
821		97		193024		189
822		102		193257		187
823		101		193497		184
824		101		193733		186
825		97		193970		186
826		98		194206		188
827		102		194445		185
828		100		194683		187
829		96		194912		186
830		105		195150		186
831		105		195387		187
832		111		195621		185
833		113		195853		188
834		116		196083		185
835		116		196320		186
836		115		196558		186
837		114		196794		185
838		119		197024		188
839		123		197265		186
840		123		197502		187
841		120		197743		185
842		121		197978		187
843		115		198210		187
844		115		198446		187
845		117		198684		188
846		121		198917		189
847		120		199147		188
848		108		199380		186
849		107		199617		187
850		105		199850		185
851		104		200087		187
852		103		200323		187
853		102		200562		186
854		108		200787		188
855		109		201019		186
856		107		201256		185
857		106		201491		188
858		111		201725		185
859		109		201964		186
860		106		202197		187
861		107		202433		189
862		113		202673		187
863		109		202909		188
864		112		203149		186
865		113		203387		185
866		117		203626		187
867		119		203870		188
868		117		204106		190
869		122		204338		186
870		124		204576		182
871		121		204816		188
872		110		205051		186
873		106		205291		188
874		109		205533		188
875		109		205768		188
876		107		206005		187
877		105		206244		186
878		106		206478		187
879		108		206710		186
880		107		206941		187
881		116		207180		185
882		112		207415		188
883		114		207651		184
884		117		207889		185
885		116		208127		188
886		116		208365		188
887		120		208596		188
888		122		208830		188
889		120		209063		192
890		117		209298		189
891		119		209530		188
892		121		209768		187
893		123		210004		187
894		118		210237		186
895		122		210475		189
896		121		210703		188
897		110		210940		189
898		113		211176		189
899		107		211418		187
900		106		211659		190
901		105		211892		190
902		108		212125		188
903		112		212362		188
904		107		212599		187
905		111		212836		190
906		112		213074		189
907		111		213303		187
908		110		213542		186
909		106		213774		185
910		103		214016		188
911		103		214249		187
912		107		214480		188
913		108		214718		187
914		108		214953		187
915		106		215187		185
916		101		215425		187
917		103		215660		187
918		102		215894		186
919		101		216135		186
920		102		216373		188
921		109		216607		188
922		106		216844		189
923		110		217081		186
924		106		217321		186
925		104		217554		189
926		106		217799		186
927		110		218034		186
928		109		218267		186
929		113		218495		186
930		111		218733		191
931		110		218973		190
932		114		219207		190
933		108		219443		189
934		110		219677		192
935		108		219916		189
936		113		220155		190
937		113		220388		190
938		112		220626		190
939		112		220854		187
940		114		221092		186
941		114		221322		191
942		126		221556		189
943		122		221794		192
944		121		222032		190
945		118		222268		189
946		121		222506		185
947		121		222740		190
948		124		222976		188
949		122		223209		190
950		121		223449		186
951		112		223682		186
952		109		223926		190
953		112		224163		188
954		114		224400		189
955		118		224634		187
956		120		224863		191
957		127		225096		189
958		125		225328		185
959		120		225561		187
960		133		225796		191
961		133		226034		190
962		125		226270		189
963		132		226510		185
964		131		226750		188
965		128		226989		189
966		128		227222		186
967		128		227459		190
968		128		227696		188
969		133		227933		188
970		135		228164		185
971		124		228400		187
972		128		228631		189
973		123		228875		188
974		130		229114		188
975		127		229350		188
976		128		229584		191
977		132		229820		185
978		129		230054		186
979		136		230281		188
980		143		230520		191
981		151		230756		192
982		147		230992		188
983		150		231228		192
984		151		231464		190
985		158		231695		187
986		166		231928		186
987		156		232163		196
988		161		232396		192
989		157		232632		188
990		168		232870		186
991		151		233104		187
992		153		233337		184
993		149		233568		187
994		153		233801		190
995		146		234039		189
996		154		234274		190
997		152		234509		188
998		152		234745		188
999		152		234979		187
