# Migration is number of nodes that have changed color.

Round		Edge-Cut		Swaps		Migrations		Skipped
0		815		249		198
1		784		497		182
2		793		744		196
3		788		992		176
4		775		1237		195
5		753		1477		183
6		737		1714		191
7		743		1951		197
8		729		2190		193
9		724		2431		186
10		712		2671		195
11		728		2908		202
12		736		3153		191
13		726		3390		190
14		692		3632		185
15		697		3866		195
16		682		4107		200
17		679		4345		186
18		661		4579		175
19		661		4812		176
20		668		5058		191
21		639		5295		194
22		604		5528		187
23		589		5748		185
24		579		5976		201
25		569		6201		198
26		578		6420		190
27		578		6651		201
28		560		6872		186
29		568		7108		192
30		582		7349		176
31		554		7578		185
32		544		7810		181
33		536		8032		188
34		559		8260		191
35		580		8494		187
36		570		8725		191
37		543		8957		199
38		536		9174		197
39		514		9399		178
40		506		9620		181
41		489		9839		186
42		477		10067		182
43		489		10285		197
44		488		10505		193
45		480		10728		178
46		494		10958		192
47		475		11182		183
48		479		11396		176
49		488		11623		185
50		477		11847		192
51		472		12068		190
52		461		12295		186
53		459		12527		182
54		472		12749		188
55		468		12974		183
56		490		13198		183
57		495		13428		192
58		486		13657		186
59		453		13882		198
60		428		14107		188
61		409		14327		191
62		419		14549		181
63		435		14771		188
64		434		14993		182
65		421		15228		188
66		408		15459		191
67		400		15676		186
68		393		15905		188
69		378		16138		184
70		369		16360		177
71		369		16585		183
72		376		16817		188
73		388		17039		188
74		374		17270		181
75		357		17491		184
76		349		17714		184
77		357		17942		193
78		362		18164		188
79		356		18385		185
80		363		18609		186
81		363		18833		186
82		342		19058		186
83		337		19286		190
84		331		19506		189
85		330		19726		191
86		322		19944		188
87		316		20168		185
88		340		20390		183
89		344		20618		184
90		329		20840		185
91		335		21069		190
92		341		21290		185
93		330		21514		180
94		330		21738		184
95		335		21964		183
96		325		22188		185
97		334		22409		185
98		344		22634		190
99		339		22861		185
100		325		23087		183
101		322		23308		192
102		323		23526		185
103		322		23748		187
104		330		23973		184
105		334		24196		189
106		325		24419		186
107		324		24641		183
108		320		24867		193
109		322		25090		187
110		328		25321		185
111		347		25550		190
112		323		25777		189
113		316		25998		187
114		320		26223		187
115		320		26451		182
116		311		26677		189
117		315		26899		191
118		309		27128		193
119		302		27358		188
120		296		27583		191
121		302		27806		187
122		283		28036		187
123		280		28261		195
124		274		28492		187
125		281		28721		189
126		278		28949		184
127		272		29176		190
128		267		29402		187
129		259		29628		189
130		252		29850		188
131		262		30078		191
132		258		30298		187
133		273		30521		185
134		248		30751		187
135		256		30977		189
136		248		31207		189
137		260		31430		189
138		259		31653		190
139		250		31881		187
140		257		32114		193
141		259		32347		193
142		254		32574		187
143		258		32803		192
144		267		33040		190
145		259		33264		196
146		277		33486		188
147		288		33714		190
148		273		33941		189
149		261		34166		191
150		270		34390		192
151		267		34619		183
152		270		34847		194
153		269		35080		194
154		265		35311		192
155		268		35538		193
156		263		35771		189
157		262		35998		189
158		260		36219		189
159		256		36449		191
160		256		36684		193
161		259		36913		181
162		243		37136		187
163		244		37368		189
164		235		37602		190
165		246		37834		186
166		251		38065		191
167		251		38293		191
168		265		38521		192
169		256		38748		179
170		262		38983		185
171		252		39210		188
172		265		39441		189
173		259		39674		185
174		255		39897		187
175		262		40118		185
176		260		40349		185
177		256		40581		192
178		253		40817		182
179		245		41047		191
180		242		41280		185
181		238		41505		184
182		231		41737		187
183		215		41967		184
184		212		42198		186
185		209		42430		184
186		214		42660		186
187		206		42889		189
188		212		43123		189
189		214		43350		190
190		213		43581		185
191		213		43807		185
192		208		44039		190
193		212		44267		188
194		206		44503		187
195		201		44729		187
196		209		44957		188
197		212		45190		186
198		211		45419		189
199		206		45645		186
200		219		45875		189
201		212		46112		179
202		208		46346		190
203		200		46580		193
204		200		46809		196
205		215		47044		189
206		208		47269		183
207		196		47500		188
208		199		47733		184
209		197		47966		189
210		199		48195		186
211		194		48420		191
212		195		48649		190
213		205		48878		188
214		203		49118		185
215		212		49350		183
216		214		49584		185
217		211		49815		189
218		208		50050		188
219		205		50275		192
220		194		50504		187
221		202		50736		187
222		201		50967		188
223		196		51186		193
224		197		51417		191
225		203		51644		194
226		215		51870		183
227		216		52105		191
228		219		52327		186
229		220		52556		185
230		222		52780		185
231		210		53013		188
232		219		53249		188
233		222		53485		185
234		220		53717		186
235		230		53951		189
236		217		54183		187
237		215		54417		186
238		222		54649		181
239		224		54881		186
240		228		55125		191
241		213		55358		194
242		219		55592		191
243		219		55825		192
244		227		56059		192
245		236		56291		186
246		238		56522		187
247		225		56766		190
248		232		57004		188
249		223		57234		183
250		212		57462		185
251		215		57696		188
252		215		57928		190
253		217		58165		190
254		227		58396		187
255		211		58631		188
256		214		58861		183
257		201		59098		182
258		207		59330		187
259		209		59560		189
260		213		59793		195
261		205		60023		193
262		215		60261		192
263		218		60501		193
264		210		60732		187
265		207		60962		187
266		201		61205		190
267		210		61437		190
268		206		61670		186
269		192		61905		187
270		196		62141		185
271		201		62375		187
272		200		62606		190
273		200		62844		189
274		202		63073		191
275		172		63312		187
276		181		63543		189
277		184		63778		189
278		191		64019		190
279		205		64250		188
280		203		64480		183
281		206		64714		189
282		208		64955		188
283		206		65192		190
284		221		65432		187
285		224		65668		193
286		220		65910		190
287		212		66144		189
288		206		66382		185
289		204		66614		187
290		200		66851		190
291		197		67087		186
292		205		67317		187
293		195		67552		190
294		200		67786		192
295		193		68017		187
296		200		68252		189
297		198		68492		192
298		196		68719		191
299		208		68952		187
300		204		69190		186
301		203		69419		179
302		202		69656		185
303		202		69892		188
304		196		70125		184
305		195		70350		186
306		192		70580		189
307		191		70815		191
308		200		71051		190
309		190		71283		187
310		186		71519		187
311		185		71750		190
312		173		71984		185
313		186		72214		186
314		181		72451		189
315		171		72686		189
316		166		72919		186
317		176		73158		185
318		158		73392		186
319		158		73621		186
320		162		73850		186
321		156		74090		186
322		155		74322		188
323		149		74551		188
324		156		74782		189
325		159		75015		188
326		166		75251		189
327		173		75487		180
328		171		75723		187
329		179		75959		184
330		172		76197		187
331		166		76435		192
332		158		76668		187
333		156		76911		183
334		160		77145		185
335		163		77384		181
336		159		77614		181
337		166		77847		187
338		170		78080		184
339		168		78318		186
340		178		78554		189
341		173		78779		185
342		176		79014		188
343		170		79247		188
344		177		79477		187
345		178		79714		188
346		183		79949		188
347		173		80188		189
348		175		80424		188
349		177		80662		190
350		171		80900		185
351		179		81140		186
352		191		81377		190
353		188		81610		188
354		186		81850		189
355		188		82083		187
356		185		82317		193
357		186		82558		188
358		187		82798		192
359		188		83038		194
360		184		83273		193
361		188		83508		190
362		187		83741		185
363		180		83975		187
364		187		84200		189
365		187		84438		192
366		193		84672		195
367		190		84906		187
368		195		85141		186
369		186		85377		191
370		186		85610		190
371		197		85843		193
372		194		86079		187
373		184		86309		189
374		186		86541		187
375		186		86771		191
376		189		87007		191
377		184		87242		191
378		182		87474		190
379		188		87716		186
380		195		87954		189
381		194		88194		186
382		204		88430		189
383		205		88663		185
384		195		88902		183
385		185		89132		189
386		186		89367		190
387		186		89601		191
388		183		89837		191
389		177		90072		190
390		178		90312		191
391		180		90545		188
392		176		90786		189
393		176		91017		185
394		179		91258		191
395		171		91495		187
396		170		91728		187
397		164		91958		187
398		168		92194		188
399		161		92424		191
400		160		92652		185
401		161		92881		188
402		164		93117		186
403		165		93353		183
404		164		93588		184
405		154		93819		185
406		157		94051		183
407		168		94285		186
408		173		94516		190
409		172		94748		190
410		171		94983		186
411		172		95222		187
412		174		95458		185
413		169		95696		184
414		164		95931		191
415		160		96171		190
416		149		96408		183
417		150		96647		187
418		155		96887		186
419		154		97121		188
420		155		97356		189
421		160		97589		186
422		149		97824		190
423		157		98063		188
424		156		98297		189
425		152		98529		184
426		140		98766		187
427		132		99006		185
428		132		99239		181
429		142		99476		187
430		148		99716		184
431		137		99946		186
432		138		100180		185
433		139		100415		186
434		148		100651		186
435		136		100878		184
436		138		101114		181
437		146		101349		181
438		136		101587		185
439		127		101822		186
440		123		102055		186
441		125		102289		183
442		121		102529		187
443		127		102764		187
444		129		103000		184
445		128		103230		184
446		122		103462		184
447		130		103700		186
448		133		103936		187
449		126		104166		184
450		131		104404		183
451		129		104641		186
452		128		104882		185
453		125		105122		189
454		124		105350		186
455		125		105584		189
456		132		105818		183
457		130		106050		184
458		134		106285		185
459		136		106518		182
460		141		106755		183
461		135		106993		181
462		141		107231		185
463		131		107464		186
464		127		107695		185
465		126		107931		185
466		135		108171		186
467		132		108410		188
468		135		108648		186
469		132		108887		184
470		133		109125		184
471		128		109359		189
472		129		109596		186
473		128		109830		186
474		127		110067		189
475		135		110298		187
476		140		110531		187
477		131		110763		190
478		129		111003		187
479		129		111237		187
480		135		111473		188
481		135		111709		187
482		128		111947		186
483		135		112177		187
484		135		112408		186
485		137		112642		188
486		142		112880		189
487		139		113117		187
488		142		113350		184
489		144		113587		190
490		136		113820		187
491		145		114056		188
492		139		114291		188
493		141		114524		189
494		153		114753		187
495		146		114985		188
496		149		115222		188
497		146		115460		185
498		136		115699		186
499		131		115938		185
500		130		116173		186
501		135		116412		188
502		126		116647		189
503		130		116879		191
504		123		117120		190
505		130		117358		188
506		134		117594		187
507		134		117828		190
508		130		118059		187
509		143		118294		189
510		133		118531		189
511		127		118762		189
512		123		118994		188
513		114		119230		188
514		120		119468		186
515		120		119699		186
516		120		119934		187
517		110		120173		190
518		113		120406		188
519		110		120640		190
520		118		120879		190
521		128		121112		186
522		130		121339		185
523		135		121572		187
524		129		121810		185
525		123		122043		185
526		129		122281		188
527		133		122522		184
528		121		122760		186
529		135		123001		184
530		137		123240		182
531		138		123480		181
532		123		123725		182
533		120		123957		185
534		129		124197		188
535		129		124427		188
536		132		124665		186
537		128		124903		186
538		137		125139		188
539		138		125372		185
540		140		125605		186
541		138		125841		184
542		123		126084		183
543		120		126321		185
544		121		126553		183
545		124		126786		187
546		127		127018		189
547		132		127256		185
548		136		127490		183
549		127		127725		183
550		123		127964		184
551		124		128197		185
552		122		128435		184
553		116		128668		187
554		124		128904		187
555		122		129142		189
556		128		129382		187
557		118		129612		189
558		115		129849		188
559		119		130081		184
560		122		130318		184
561		119		130553		185
562		127		130783		186
563		125		131022		190
564		130		131263		186
565		130		131498		187
566		127		131732		186
567		129		131964		187
568		124		132199		190
569		128		132434		186
570		122		132669		187
571		119		132903		184
572		118		133136		184
573		125		133374		182
574		113		133609		186
575		114		133846		189
576		120		134081		189
577		111		134317		185
578		116		134556		186
579		128		134792		186
580		129		135021		184
581		136		135257		189
582		135		135493		185
583		136		135730		186
584		144		135960		185
585		130		136199		189
586		130		136433		188
587		131		136666		183
588		129		136901		183
589		129		137136		185
590		130		137374		186
591		130		137609		190
592		124		137846		188
593		117		138077		188
594		121		138308		185
595		119		138541		186
596		127		138777		188
597		126		139001		188
598		127		139233		186
599		126		139473		187
600		131		139708		188
601		130		139937		186
602		135		140164		187
603		140		140397		183
604		137		140636		187
605		133		140870		185
606		134		141108		182
607		137		141342		187
608		136		141578		185
609		126		141810		181
610		126		142042		184
611		128		142278		183
612		131		142510		182
613		130		142745		185
614		126		142976		186
615		127		143212		189
616		129		143451		182
617		124		143686		186
618		124		143916		184
619		128		144153		187
620		126		144385		187
621		121		144621		182
622		124		144858		187
623		124		145091		187
624		122		145320		185
625		117		145556		186
626		115		145792		186
627		120		146029		189
628		112		146259		189
629		112		146490		188
630		109		146725		187
631		113		146956		186
632		121		147193		186
633		131		147421		183
634		130		147655		183
635		135		147896		183
636		144		148127		185
637		149		148362		183
638		150		148599		184
639		146		148835		189
640		140		149072		189
641		129		149305		187
642		129		149539		186
643		127		149772		186
644		129		150012		191
645		128		150238		185
646		126		150476		189
647		128		150711		187
648		137		150950		184
649		135		151187		187
650		143		151419		188
651		144		151652		188
652		146		151890		188
653		145		152122		188
654		144		152359		190
655		139		152596		188
656		146		152830		186
657		146		153068		188
658		143		153302		184
659		149		153533		187
660		160		153763		186
661		162		153997		184
662		164		154235		189
663		164		154471		189
664		173		154704		185
665		178		154942		186
666		169		155176		184
667		162		155414		187
668		159		155648		188
669		168		155887		186
670		165		156124		188
671		156		156357		190
672		157		156584		189
673		149		156815		187
674		162		157055		188
675		151		157291		184
676		150		157525		188
677		156		157763		186
678		162		157995		184
679		156		158236		184
680		153		158471		188
681		154		158706		191
682		148		158939		188
683		155		159171		190
684		149		159406		184
685		163		159643		187
686		161		159877		184
687		161		160117		184
688		165		160345		190
689		168		160576		190
690		164		160810		187
691		149		161037		187
692		146		161274		183
693		149		161517		185
694		149		161753		187
695		148		161988		189
696		151		162224		190
697		158		162458		190
698		162		162687		186
699		164		162921		189
700		160		163161		196
701		160		163401		192
702		171		163639		189
703		174		163878		192
704		176		164112		189
705		183		164347		188
706		179		164583		184
707		175		164821		185
708		169		165057		183
709		170		165297		188
710		170		165526		186
711		163		165760		183
712		164		165987		186
713		167		166222		180
714		176		166457		183
715		167		166689		187
716		164		166920		186
717		167		167158		187
718		164		167390		187
719		157		167631		187
720		140		167868		192
721		141		168099		187
722		123		168336		183
723		128		168573		186
724		126		168810		184
725		123		169052		184
726		129		169282		187
727		131		169517		183
728		132		169749		188
729		137		169986		185
730		130		170224		186
731		125		170460		184
732		128		170695		187
733		118		170933		187
734		108		171165		187
735		106		171402		186
736		110		171633		186
737		112		171864		188
738		113		172094		187
739		117		172325		189
740		119		172560		189
741		117		172793		188
742		124		173020		184
743		123		173258		183
744		130		173492		184
745		127		173726		187
746		131		173965		186
747		127		174195		190
748		129		174431		191
749		133		174669		187
750		124		174905		190
751		129		175140		184
752		132		175377		185
753		129		175609		183
754		129		175840		183
755		131		176073		184
756		131		176303		185
757		136		176538		186
758		135		176766		187
759		132		177000		186
760		137		177236		184
761		132		177475		185
762		132		177711		186
763		124		177944		183
764		118		178176		184
765		122		178408		187
766		122		178646		185
767		116		178878		182
768		118		179116		184
769		118		179349		185
770		119		179579		187
771		118		179811		187
772		114		180047		186
773		118		180273		186
774		118		180507		186
775		123		180739		185
776		117		180974		188
777		121		181201		188
778		124		181438		188
779		119		181673		186
780		121		181906		187
781		131		182141		189
782		128		182374		186
783		129		182608		186
784		126		182845		186
785		127		183080		186
786		131		183316		189
787		127		183555		188
788		130		183790		186
789		130		184023		185
790		130		184261		188
791		133		184502		185
792		133		184735		189
793		127		184971		185
794		123		185202		184
795		126		185436		188
796		132		185671		184
797		130		185903		185
798		131		186139		187
799		122		186368		188
800		114		186602		184
801		118		186829		185
802		129		187062		190
803		126		187292		184
804		125		187533		184
805		125		187764		185
806		130		188005		185
807		134		188243		185
808		141		188478		187
809		146		188709		191
810		144		188941		187
811		153		189170		191
812		149		189412		189
813		150		189648		185
814		158		189885		177
815		161		190124		193
816		157		190357		190
817		155		190600		182
818		145		190836		185
819		149		191074		183
820		157		191311		189
821		150		191552		190
822		143		191789		185
823		151		192023		183
824		148		192261		184
825		158		192495		182
826		162		192734		184
827		158		192966		189
828		160		193205		189
829		172		193436		188
830		175		193672		187
831		177		193903		184
832		177		194139		184
833		178		194375		188
834		174		194604		187
835		180		194840		184
836		181		195073		191
837		178		195306		190
838		182		195543		184
839		183		195778		193
840		193		196011		191
841		192		196246		184
842		186		196480		182
843		182		196715		185
844		176		196958		187
845		165		197194		191
846		174		197429		188
847		178		197670		189
848		176		197910		191
849		168		198153		189
850		162		198394		191
851		164		198626		188
852		168		198862		188
853		175		199101		185
854		170		199340		185
855		170		199577		189
856		174		199809		187
857		171		200038		187
858		168		200270		187
859		172		200505		188
860		174		200742		185
861		178		200975		190
862		172		201215		185
863		171		201454		186
864		170		201694		188
865		169		201927		189
866		169		202161		186
867		178		202402		182
868		184		202639		187
869		183		202879		188
870		179		203109		188
871		182		203340		187
872		184		203579		191
873		187		203816		187
874		178		204053		185
875		176		204290		182
876		176		204523		179
877		178		204761		188
878		166		204994		182
879		162		205237		187
880		158		205474		187
881		159		205706		186
882		157		205944		182
883		159		206175		189
884		160		206413		187
885		155		206649		188
886		157		206882		187
887		161		207111		190
888		159		207344		187
889		154		207576		185
890		153		207804		187
891		142		208040		187
892		143		208268		183
893		147		208500		185
894		149		208734		182
895		150		208970		185
896		142		209208		184
897		149		209446		187
898		157		209684		187
899		151		209917		184
900		156		210151		189
901		156		210387		187
902		144		210622		187
903		138		210860		187
904		140		211092		188
905		145		211328		188
906		138		211556		186
907		146		211792		183
908		141		212021		189
909		142		212255		187
910		133		212494		187
911		130		212728		184
912		138		212964		186
913		136		213195		185
914		145		213435		186
915		137		213672		188
916		140		213911		182
917		136		214139		187
918		143		214370		184
919		137		214599		185
920		137		214828		188
921		126		215059		188
922		132		215289		186
923		133		215525		188
924		137		215766		188
925		133		216001		186
926		139		216230		184
927		136		216464		181
928		130		216690		187
929		138		216917		187
930		132		217154		184
931		136		217389		186
932		140		217625		185
933		143		217855		185
934		146		218096		187
935		149		218329		190
936		151		218567		188
937		152		218798		186
938		161		219038		186
939		160		219271		188
940		156		219507		185
941		162		219743		190
942		151		219976		186
943		160		220216		185
944		161		220441		190
945		168		220670		186
946		160		220905		187
947		156		221142		186
948		153		221373		182
949		156		221611		188
950		160		221843		187
951		157		222074		188
952		153		222307		184
953		155		222536		187
954		157		222772		188
955		156		223000		186
956		151		223233		187
957		152		223460		187
958		155		223699		185
959		161		223935		188
960		152		224169		185
961		157		224397		192
962		161		224632		188
963		164		224867		187
964		157		225105		187
965		151		225344		190
966		149		225583		189
967		148		225815		187
968		146		226050		183
969		145		226284		185
970		142		226518		189
971		145		226750		189
972		144		226982		187
973		141		227223		189
974		157		227459		183
975		147		227694		183
976		149		227925		188
977		148		228164		187
978		141		228397		186
979		138		228635		186
980		145		228869		187
981		146		229102		187
982		142		229333		187
983		158		229561		190
984		148		229791		184
985		139		230029		183
986		148		230261		189
987		141		230497		186
988		139		230730		187
989		138		230958		190
990		139		231188		187
991		138		231430		188
992		132		231667		191
993		135		231904		185
994		138		232145		190
995		136		232382		190
996		133		232619		185
997		136		232850		189
998		132		233081		186
999		133		233312		186
