# Migration is number of nodes that have changed color.

Round		Edge-Cut		Swaps		Migrations		Skipped
0		809		248		187
1		786		496		192
2		804		741		187
3		780		985		191
4		766		1229		182
5		729		1472		196
6		742		1713		194
7		736		1955		184
8		733		2196		189
9		716		2436		185
10		724		2678		183
11		684		2916		184
12		668		3150		190
13		671		3390		186
14		652		3622		174
15		641		3854		185
16		622		4085		188
17		604		4316		190
18		582		4548		199
19		561		4779		198
20		557		5004		178
21		551		5230		191
22		548		5466		182
23		555		5697		185
24		527		5927		194
25		542		6161		187
26		522		6389		184
27		509		6621		190
28		503		6843		194
29		496		7067		195
30		489		7288		194
31		501		7517		192
32		496		7743		185
33		503		7979		198
34		490		8208		170
35		505		8435		188
36		479		8667		189
37		473		8896		185
38		440		9124		182
39		439		9364		187
40		432		9595		190
41		402		9821		189
42		396		10041		182
43		386		10270		184
44		375		10493		186
45		389		10716		186
46		374		10942		192
47		377		11173		193
48		382		11399		187
49		383		11631		190
50		339		11865		182
51		340		12085		182
52		350		12315		190
53		345		12545		190
54		354		12769		177
55		360		12994		188
56		376		13220		193
57		370		13447		184
58		376		13673		193
59		381		13901		191
60		397		14128		190
61		379		14357		185
62		349		14588		187
63		326		14811		190
64		320		15036		180
65		326		15257		190
66		325		15486		189
67		311		15709		185
68		304		15945		194
69		318		16168		193
70		319		16399		192
71		311		16619		189
72		310		16850		185
73		310		17075		180
74		305		17308		185
75		299		17538		187
76		308		17761		187
77		292		17990		191
78		279		18221		185
79		282		18446		179
80		291		18677		180
81		290		18912		188
82		291		19139		191
83		288		19366		194
84		284		19588		185
85		286		19812		187
86		290		20037		184
87		276		20262		186
88		281		20487		186
89		266		20723		191
90		251		20952		190
91		247		21186		191
92		256		21411		192
93		256		21640		184
94		265		21865		191
95		260		22097		185
96		254		22324		184
97		255		22553		189
98		250		22784		183
99		262		23021		189
100		268		23258		186
101		258		23484		185
102		267		23717		186
103		271		23949		185
104		275		24183		187
105		264		24410		188
106		272		24640		187
107		263		24871		188
108		264		25105		192
109		259		25341		189
110		272		25571		190
111		271		25806		186
112		279		26032		189
113		279		26262		192
114		294		26496		185
115		285		26724		186
116		278		26953		187
117		271		27182		186
118		257		27423		184
119		266		27654		185
120		260		27880		185
121		261		28113		191
122		261		28344		186
123		255		28579		187
124		257		28809		190
125		256		29046		187
126		251		29272		181
127		256		29499		191
128		245		29735		181
129		244		29971		186
130		238		30204		187
131		250		30441		188
132		246		30675		189
133		243		30911		187
134		247		31146		185
135		249		31373		187
136		244		31604		189
137		246		31835		183
138		241		32067		190
139		243		32296		188
140		233		32527		186
141		235		32760		187
142		235		32993		187
143		224		33222		187
144		215		33455		186
145		205		33687		191
146		212		33914		183
147		219		34148		188
148		224		34379		192
149		220		34612		184
150		218		34845		189
151		223		35076		180
152		218		35311		184
153		229		35543		188
154		226		35772		193
155		221		36006		183
156		230		36243		189
157		233		36474		190
158		239		36709		186
159		233		36945		188
160		227		37179		186
161		235		37404		189
162		233		37623		185
163		220		37864		191
164		211		38096		186
165		203		38327		185
166		197		38553		186
167		198		38784		188
168		201		39019		189
169		197		39255		184
170		187		39487		182
171		190		39722		182
172		192		39953		187
173		187		40184		186
174		196		40418		187
175		198		40649		189
176		180		40886		189
177		178		41115		189
178		177		41347		190
179		182		41582		183
180		188		41812		188
181		197		42044		192
182		197		42275		188
183		197		42518		188
184		194		42747		189
185		194		42984		184
186		186		43208		183
187		185		43438		180
188		175		43667		184
189		177		43896		189
190		189		44129		188
191		181		44358		184
192		178		44592		188
193		176		44830		185
194		177		45065		186
195		169		45298		191
196		171		45530		188
197		160		45761		186
198		170		45991		188
199		164		46225		185
200		172		46459		188
201		162		46691		186
202		163		46920		187
203		158		47149		183
204		157		47383		186
205		152		47614		186
206		153		47846		187
207		145		48078		188
208		153		48309		185
209		148		48540		187
210		137		48775		188
211		139		49004		186
212		142		49232		187
213		146		49464		186
214		144		49693		190
215		159		49928		186
216		166		50152		185
217		158		50380		182
218		154		50612		187
219		156		50844		183
220		158		51073		182
221		162		51307		188
222		170		51538		186
223		175		51775		190
224		182		52006		189
225		183		52231		185
226		169		52465		189
227		173		52698		186
228		172		52930		185
229		174		53160		187
230		178		53391		183
231		180		53618		187
232		183		53855		181
233		183		54087		189
234		159		54324		184
235		166		54551		185
236		163		54786		185
237		160		55017		189
238		159		55242		186
239		162		55474		186
240		155		55699		187
241		152		55934		188
242		155		56164		188
243		162		56398		182
244		161		56626		186
245		168		56855		188
246		181		57090		186
247		176		57323		187
248		181		57554		189
249		180		57780		186
250		165		58011		184
251		155		58249		181
252		161		58477		186
253		168		58710		184
254		164		58958		187
255		169		59186		189
256		162		59414		186
257		168		59645		185
258		161		59872		184
259		156		60103		187
260		153		60339		186
261		154		60573		186
262		164		60805		187
263		173		61037		182
264		170		61266		185
265		169		61494		185
266		169		61730		186
267		171		61956		187
268		182		62196		183
269		182		62430		186
270		181		62661		188
271		183		62885		185
272		174		63114		183
273		177		63345		187
274		167		63571		183
275		175		63802		188
276		177		64038		187
277		181		64273		188
278		189		64507		185
279		195		64743		188
280		201		64978		188
281		218		65211		193
282		214		65440		189
283		224		65670		186
284		218		65909		183
285		232		66141		189
286		221		66376		183
287		210		66607		189
288		220		66840		191
289		228		67076		192
290		230		67314		186
291		230		67553		187
292		245		67788		185
293		237		68017		186
294		227		68249		195
295		221		68481		192
296		215		68718		183
297		208		68959		186
298		219		69196		187
299		223		69433		187
300		229		69665		184
301		215		69896		188
302		222		70130		185
303		213		70362		182
304		213		70600		182
305		203		70838		188
306		198		71064		184
307		188		71290		186
308		187		71532		186
309		186		71763		191
310		184		71995		186
311		184		72225		192
312		187		72458		186
313		191		72692		187
314		199		72922		189
315		212		73156		180
316		200		73389		187
317		197		73623		188
318		198		73856		191
319		196		74085		189
320		198		74315		185
321		193		74553		178
322		191		74791		189
323		181		75024		185
324		184		75260		183
325		187		75494		185
326		179		75721		183
327		176		75954		187
328		174		76186		189
329		185		76420		185
330		181		76652		188
331		177		76881		189
332		175		77116		190
333		168		77345		184
334		169		77579		185
335		168		77808		180
336		170		78040		185
337		168		78275		187
338		167		78505		189
339		171		78738		186
340		166		78966		182
341		172		79196		185
342		166		79429		185
343		164		79663		187
344		168		79893		186
345		170		80130		189
346		166		80367		185
347		162		80593		185
348		175		80829		187
349		183		81063		185
350		184		81301		184
351		183		81539		185
352		190		81779		186
353		185		82008		184
354		195		82238		186
355		185		82472		185
356		199		82698		184
357		196		82929		186
358		179		83160		189
359		187		83399		186
360		182		83636		185
361		189		83875		186
362		199		84107		182
363		191		84333		183
364		198		84567		185
365		189		84795		188
366		188		85020		186
367		178		85260		184
368		174		85496		189
369		189		85719		183
370		191		85952		183
371		193		86183		189
372		198		86416		189
373		190		86648		190
374		196		86879		186
375		195		87108		182
376		191		87338		184
377		203		87565		183
378		199		87797		187
379		201		88024		185
380		200		88253		188
381		197		88487		189
382		206		88722		189
383		212		88953		187
384		216		89187		185
385		214		89420		187
386		207		89656		188
387		209		89891		189
388		207		90131		189
389		194		90364		191
390		197		90592		190
391		197		90829		187
392		201		91060		191
393		177		91299		183
394		176		91533		185
395		181		91768		185
396		178		92004		189
397		197		92236		183
398		196		92470		188
399		195		92705		187
400		190		92940		187
401		187		93173		192
402		189		93406		187
403		192		93642		188
404		189		93874		184
405		178		94118		189
406		182		94355		185
407		180		94591		185
408		186		94828		188
409		202		95060		186
410		191		95299		189
411		186		95528		180
412		179		95766		185
413		169		95996		182
414		170		96228		187
415		175		96468		186
416		175		96701		188
417		170		96931		183
418		170		97164		184
419		164		97397		192
420		162		97633		184
421		155		97868		184
422		152		98101		189
423		159		98335		186
424		164		98569		184
425		169		98802		184
426		167		99033		184
427		163		99272		186
428		166		99510		181
429		162		99747		189
430		172		99976		188
431		162		100214		190
432		162		100453		190
433		158		100689		187
434		160		100926		188
435		153		101162		186
436		154		101394		188
437		151		101627		187
438		150		101866		186
439		148		102101		187
440		145		102336		187
441		151		102567		187
442		151		102806		182
443		154		103039		186
444		150		103279		183
445		140		103510		188
446		139		103747		190
447		126		103980		186
448		126		104217		187
449		125		104444		187
450		122		104668		188
451		128		104897		184
452		143		105126		189
453		141		105360		189
454		134		105596		189
455		139		105826		186
456		142		106061		188
457		136		106299		184
458		132		106538		187
459		145		106776		186
460		149		107011		188
461		150		107239		185
462		142		107467		189
463		149		107697		187
464		151		107930		184
465		145		108161		190
466		141		108396		186
467		141		108630		185
468		139		108865		187
469		139		109100		186
470		139		109336		186
471		138		109574		187
472		128		109809		185
473		130		110044		187
474		132		110274		188
475		133		110505		187
476		141		110736		185
477		142		110972		185
478		140		111206		185
479		138		111445		186
480		139		111681		188
481		143		111920		186
482		153		112155		186
483		150		112390		187
484		147		112625		184
485		152		112862		185
486		144		113094		186
487		150		113334		192
488		153		113563		187
489		157		113796		181
490		157		114028		179
491		161		114254		182
492		157		114492		189
493		150		114727		185
494		156		114967		186
495		138		115204		186
496		141		115436		184
497		126		115667		186
498		128		115903		187
499		126		116135		187
500		127		116369		188
501		129		116606		187
502		129		116845		189
503		129		117079		188
504		132		117307		185
505		129		117539		188
506		122		117775		190
507		124		118013		187
508		125		118252		186
509		126		118489		182
510		126		118725		186
511		126		118960		186
512		130		119199		190
513		121		119429		185
514		122		119667		190
515		126		119906		184
516		124		120139		184
517		129		120373		184
518		126		120607		185
519		129		120840		186
520		135		121069		184
521		143		121304		185
522		126		121534		187
523		124		121773		189
524		124		122006		188
525		134		122242		189
526		128		122476		186
527		125		122709		190
528		131		122946		188
529		132		123181		191
530		134		123419		186
531		134		123654		189
532		138		123892		191
533		147		124131		185
534		145		124373		187
535		146		124612		186
536		139		124847		187
537		144		125087		186
538		147		125323		187
539		147		125556		185
540		147		125795		185
541		138		126031		185
542		139		126265		185
543		147		126501		189
544		147		126735		186
545		147		126964		187
546		156		127204		188
547		149		127445		186
548		154		127676		189
549		147		127908		182
550		148		128144		188
551		148		128379		187
552		145		128615		185
553		157		128852		188
554		154		129087		188
555		155		129321		187
556		156		129549		184
557		147		129785		187
558		145		130020		186
559		151		130258		189
560		150		130496		189
561		162		130732		188
562		161		130969		185
563		175		131203		186
564		171		131438		184
565		178		131677		183
566		177		131909		185
567		175		132140		187
568		163		132377		184
569		166		132613		188
570		159		132852		187
571		154		133078		188
572		149		133316		187
573		154		133551		184
574		150		133788		189
575		157		134019		185
576		156		134249		187
577		151		134474		189
578		145		134709		187
579		156		134947		183
580		163		135179		184
581		166		135414		185
582		166		135654		186
583		173		135887		189
584		173		136124		186
585		155		136357		188
586		162		136591		190
587		176		136822		186
588		171		137058		189
589		160		137293		187
590		160		137526		187
591		155		137764		187
592		152		137996		189
593		147		138229		187
594		152		138469		185
595		150		138698		186
596		153		138929		188
597		152		139162		187
598		151		139397		190
599		154		139631		185
600		159		139868		185
601		160		140098		188
602		169		140334		185
603		157		140570		185
604		147		140799		184
605		152		141035		184
606		151		141264		184
607		151		141499		188
608		149		141733		187
609		151		141964		189
610		152		142197		189
611		150		142434		188
612		152		142669		182
613		144		142902		187
614		153		143136		180
615		148		143368		187
616		153		143605		184
617		153		143837		185
618		156		144072		189
619		156		144308		188
620		157		144538		186
621		155		144777		189
622		151		145011		188
623		150		145247		188
624		144		145483		183
625		152		145719		187
626		153		145955		190
627		156		146194		187
628		166		146427		190
629		169		146668		187
630		163		146901		188
631		158		147127		186
632		156		147361		190
633		149		147591		189
634		147		147820		186
635		147		148053		190
636		147		148287		191
637		146		148521		185
638		145		148750		183
639		155		148980		183
640		154		149210		184
641		149		149445		190
642		146		149677		187
643		141		149912		187
644		153		150139		190
645		154		150371		186
646		158		150609		188
647		149		150845		192
648		150		151076		184
649		166		151313		188
650		162		151549		186
651		166		151787		190
652		167		152020		188
653		164		152248		189
654		155		152485		185
655		162		152719		188
656		164		152947		185
657		162		153180		190
658		159		153414		189
659		152		153647		185
660		155		153886		188
661		156		154119		187
662		154		154355		189
663		162		154582		189
664		163		154812		186
665		160		155047		191
666		167		155281		187
667		165		155510		189
668		169		155742		185
669		168		155977		188
670		175		156212		187
671		176		156448		189
672		172		156684		189
673		184		156921		189
674		179		157153		192
675		183		157395		191
676		182		157635		185
677		185		157870		190
678		175		158111		183
679		172		158350		181
680		180		158583		189
681		183		158818		187
682		186		159061		191
683		189		159296		189
684		189		159534		187
685		183		159767		192
686		181		160002		191
687		185		160240		186
688		187		160476		190
689		163		160709		184
690		159		160944		188
691		173		161178		186
692		176		161410		185
693		174		161649		190
694		186		161882		186
695		181		162119		190
696		180		162354		184
697		168		162587		186
698		154		162824		189
699		152		163055		184
700		154		163288		187
701		157		163525		187
702		158		163758		186
703		162		163995		191
704		157		164223		185
705		159		164462		184
706		163		164699		188
707		162		164936		187
708		156		165170		185
709		159		165404		187
710		167		165640		193
711		173		165869		188
712		168		166108		190
713		176		166344		194
714		168		166579		191
715		174		166813		189
716		178		167043		192
717		168		167276		187
718		163		167512		186
719		158		167751		185
720		150		167985		188
721		145		168223		191
722		147		168458		187
723		154		168696		185
724		151		168938		190
725		151		169179		185
726		151		169413		191
727		134		169652		186
728		127		169882		186
729		129		170114		184
730		139		170348		190
731		129		170582		186
732		128		170818		188
733		130		171059		183
734		131		171291		187
735		133		171531		189
736		129		171769		186
737		125		172008		183
738		131		172238		187
739		133		172477		186
740		139		172711		186
741		137		172947		189
742		139		173181		188
743		143		173417		188
744		132		173652		184
745		133		173889		184
746		139		174122		186
747		139		174356		184
748		135		174598		185
749		132		174836		185
750		137		175068		184
751		142		175301		186
752		143		175540		190
753		151		175779		189
754		151		176018		183
755		153		176256		192
756		155		176493		189
757		159		176727		188
758		157		176963		191
759		151		177198		184
760		152		177436		187
761		148		177675		188
762		146		177908		187
763		149		178146		182
764		143		178382		186
765		141		178611		185
766		144		178846		185
767		146		179085		183
768		154		179319		188
769		144		179556		188
770		139		179786		185
771		140		180025		186
772		145		180261		189
773		140		180493		189
774		143		180728		188
775		148		180959		189
776		150		181191		187
777		155		181423		183
778		155		181657		183
779		156		181884		188
780		160		182122		187
781		156		182360		184
782		151		182589		186
783		153		182827		186
784		152		183062		184
785		157		183290		185
786		155		183526		188
787		159		183764		184
788		168		183999		188
789		162		184238		183
790		171		184471		185
791		156		184711		183
792		151		184947		188
793		151		185189		186
794		148		185422		188
795		148		185658		186
796		140		185891		186
797		153		186126		185
798		155		186366		186
799		132		186599		185
800		130		186836		184
801		138		187068		187
802		136		187303		185
803		140		187536		181
804		141		187767		191
805		148		187994		187
806		147		188229		187
807		137		188463		185
808		142		188692		186
809		142		188925		187
810		145		189154		188
811		140		189388		186
812		155		189625		187
813		153		189858		182
814		155		190103		181
815		158		190332		183
816		160		190568		185
817		169		190806		184
818		158		191038		185
819		154		191272		187
820		154		191508		188
821		158		191746		194
822		160		191980		190
823		165		192214		192
824		160		192449		183
825		152		192682		185
826		150		192916		187
827		147		193153		186
828		153		193390		185
829		157		193622		186
830		157		193857		185
831		157		194089		186
832		157		194327		190
833		155		194563		188
834		149		194797		183
835		148		195028		185
836		144		195262		185
837		146		195498		183
838		141		195738		185
839		135		195971		186
840		138		196208		186
841		147		196440		189
842		144		196677		188
843		145		196912		190
844		141		197145		185
845		140		197376		184
846		140		197609		186
847		132		197844		190
848		131		198078		190
849		135		198308		187
850		133		198547		186
851		127		198784		187
852		131		199020		186
853		130		199258		187
854		128		199488		187
855		137		199720		188
856		139		199957		186
857		124		200189		186
858		129		200426		187
859		146		200660		189
860		147		200893		185
861		143		201125		187
862		151		201361		187
863		150		201600		187
864		140		201833		188
865		145		202064		184
866		153		202298		191
867		157		202528		185
868		161		202766		181
869		165		203005		188
870		167		203241		186
871		154		203478		187
872		147		203717		183
873		154		203954		185
874		153		204189		181
875		147		204425		185
876		150		204655		184
877		157		204889		185
878		174		205127		185
879		179		205360		187
880		168		205598		184
881		179		205834		188
882		181		206064		182
883		177		206302		188
884		193		206542		186
885		204		206781		186
886		221		207017		192
887		199		207252		188
888		201		207480		188
889		210		207717		188
890		218		207953		182
891		209		208191		187
892		215		208432		189
893		202		208663		188
894		212		208905		185
895		198		209148		184
896		201		209390		187
897		192		209624		182
898		200		209858		187
899		205		210097		190
900		214		210334		183
901		195		210562		189
902		188		210799		186
903		193		211035		183
904		185		211272		184
905		185		211510		188
906		180		211749		188
907		192		211987		188
908		195		212228		186
909		189		212457		192
910		188		212696		186
911		195		212937		183
912		198		213177		186
913		206		213414		182
914		207		213648		187
915		204		213880		188
916		219		214119		187
917		222		214356		183
918		227		214593		186
919		222		214826		187
920		219		215060		188
921		202		215296		189
922		205		215531		191
923		191		215766		191
924		201		215999		192
925		198		216232		191
926		213		216466		191
927		198		216702		185
928		185		216941		185
929		183		217181		186
930		189		217421		190
931		178		217660		188
932		168		217900		186
933		177		218137		187
934		182		218372		186
935		183		218612		182
936		188		218851		188
937		191		219086		189
938		192		219324		186
939		190		219560		180
940		194		219789		187
941		191		220029		188
942		191		220265		186
943		186		220500		179
944		187		220735		180
945		178		220976		190
946		180		221210		189
947		171		221450		183
948		179		221683		184
949		171		221916		186
950		178		222150		185
951		170		222391		188
952		166		222630		188
953		160		222864		187
954		166		223102		192
955		168		223338		184
956		179		223570		181
957		178		223803		189
958		188		224034		184
959		184		224270		186
960		180		224500		188
961		186		224733		192
962		197		224966		188
963		186		225203		191
964		184		225439		187
965		189		225676		182
966		174		225916		183
967		180		226143		189
968		178		226375		188
969		184		226615		188
970		180		226843		189
971		186		227084		189
972		189		227325		186
973		199		227562		181
974		191		227803		183
975		183		228039		186
976		195		228269		183
977		182		228501		185
978		200		228734		189
979		207		228968		181
980		210		229203		188
981		195		229438		182
982		205		229677		192
983		186		229915		188
984		179		230150		191
985		187		230380		188
986		186		230616		184
987		181		230851		184
988		197		231086		189
989		210		231322		185
990		211		231562		184
991		188		231802		190
992		192		232035		184
993		178		232267		189
994		190		232503		187
995		205		232741		187
996		196		232979		190
997		192		233218		187
998		195		233450		187
999		208		233688		192
