# Migration is number of nodes that have changed color.

Round		Edge-Cut		Swaps		Migrations		Skipped
0		823		249		186
1		810		497		184
2		779		739		187
3		780		987		189
4		743		1235		199
5		746		1471		181
6		728		1710		189
7		716		1954		194
8		721		2198		180
9		702		2442		189
10		691		2685		178
11		668		2923		192
12		672		3152		204
13		666		3388		180
14		646		3613		184
15		629		3843		185
16		596		4067		177
17		606		4302		188
18		590		4531		186
19		574		4756		181
20		561		4986		205
21		582		5207		182
22		577		5432		175
23		558		5660		176
24		555		5880		180
25		563		6115		186
26		547		6343		203
27		537		6559		174
28		532		6784		184
29		516		7011		187
30		518		7235		185
31		528		7465		198
32		524		7699		191
33		498		7921		187
34		487		8144		188
35		487		8368		192
36		468		8601		186
37		452		8825		187
38		464		9046		190
39		450		9276		191
40		463		9506		181
41		460		9730		182
42		446		9961		192
43		436		10188		187
44		432		10411		195
45		431		10635		193
46		437		10860		184
47		431		11086		193
48		432		11301		183
49		432		11532		182
50		448		11754		186
51		431		11981		183
52		416		12207		183
53		414		12421		192
54		383		12637		183
55		394		12860		185
56		396		13091		188
57		409		13325		191
58		356		13549		182
59		356		13770		188
60		350		13997		190
61		357		14224		193
62		357		14448		192
63		357		14669		191
64		366		14884		193
65		361		15094		188
66		349		15314		190
67		345		15531		186
68		355		15753		179
69		348		15976		189
70		357		16203		196
71		363		16434		183
72		364		16660		179
73		344		16878		185
74		325		17097		183
75		333		17310		188
76		333		17534		192
77		342		17752		188
78		327		17971		182
79		345		18196		186
80		359		18419		192
81		358		18634		192
82		355		18850		183
83		345		19074		183
84		341		19298		193
85		330		19512		183
86		342		19721		188
87		345		19940		188
88		335		20166		181
89		347		20383		187
90		346		20611		183
91		338		20833		188
92		339		21052		185
93		337		21273		193
94		319		21505		184
95		319		21734		187
96		332		21958		187
97		337		22190		190
98		323		22407		187
99		311		22629		183
100		305		22836		185
101		320		23062		181
102		320		23288		187
103		333		23494		184
104		333		23715		186
105		325		23946		188
106		331		24163		191
107		328		24392		191
108		327		24608		184
109		338		24831		185
110		329		25056		183
111		321		25282		185
112		320		25501		187
113		317		25712		184
114		322		25929		185
115		310		26146		182
116		306		26370		189
117		309		26588		186
118		319		26803		187
119		307		27021		187
120		298		27244		189
121		298		27474		188
122		300		27697		191
123		302		27919		192
124		295		28141		192
125		283		28366		193
126		288		28592		195
127		299		28822		188
128		291		29042		189
129		301		29266		193
130		293		29488		193
131		301		29714		183
132		304		29936		185
133		297		30158		184
134		299		30381		189
135		302		30605		185
136		292		30832		189
137		274		31050		192
138		273		31271		187
139		265		31501		186
140		260		31724		191
141		262		31942		184
142		273		32166		188
143		264		32386		187
144		269		32617		193
145		282		32842		189
146		271		33062		186
147		283		33286		189
148		290		33514		195
149		290		33732		190
150		286		33952		189
151		284		34167		186
152		261		34397		185
153		257		34627		185
154		254		34855		190
155		229		35079		188
156		233		35308		192
157		237		35529		190
158		229		35745		187
159		234		35972		187
160		213		36196		189
161		223		36415		191
162		220		36643		183
163		225		36864		187
164		228		37085		190
165		223		37310		190
166		221		37534		186
167		226		37754		190
168		216		37980		185
169		206		38204		185
170		207		38423		188
171		217		38644		185
172		217		38858		191
173		220		39081		185
174		219		39300		184
175		211		39521		182
176		212		39743		188
177		215		39960		187
178		212		40181		184
179		213		40402		181
180		225		40626		190
181		236		40847		190
182		235		41073		184
183		223		41300		187
184		228		41523		185
185		238		41739		184
186		228		41966		182
187		241		42191		185
188		240		42421		191
189		239		42654		185
190		246		42884		184
191		253		43116		186
192		257		43337		194
193		253		43564		183
194		233		43792		189
195		237		44015		183
196		245		44244		179
197		251		44466		182
198		259		44690		191
199		269		44922		188
200		257		45158		190
201		273		45388		184
202		285		45619		186
203		273		45845		187
204		282		46072		188
205		289		46312		188
206		291		46546		192
207		289		46772		180
208		290		46997		187
209		286		47223		185
210		275		47456		192
211		275		47687		185
212		273		47916		186
213		276		48145		192
214		283		48371		191
215		282		48595		184
216		283		48827		188
217		293		49065		188
218		292		49297		188
219		275		49523		186
220		272		49755		187
221		277		49980		190
222		268		50209		187
223		269		50438		190
224		265		50659		190
225		276		50890		183
226		269		51118		191
227		274		51346		183
228		270		51576		190
229		277		51802		186
230		264		52036		188
231		275		52259		184
232		283		52488		181
233		283		52714		183
234		294		52948		190
235		289		53181		185
236		277		53413		184
237		265		53643		183
238		262		53874		187
239		258		54104		183
240		257		54335		183
241		281		54566		191
242		283		54802		189
243		267		55031		191
244		271		55256		187
245		276		55491		189
246		272		55721		185
247		257		55952		187
248		258		56180		187
249		257		56410		188
250		246		56645		196
251		245		56880		191
252		257		57101		195
253		277		57336		190
254		286		57564		181
255		291		57797		181
256		287		58027		186
257		285		58261		193
258		286		58490		193
259		281		58721		187
260		290		58956		189
261		289		59186		190
262		293		59424		188
263		291		59656		195
264		283		59887		180
265		287		60112		185
266		298		60349		192
267		295		60582		193
268		270		60818		187
269		260		61052		186
270		259		61282		190
271		253		61518		180
272		243		61745		185
273		239		61982		189
274		238		62208		195
275		240		62432		192
276		241		62663		184
277		235		62897		186
278		242		63128		188
279		244		63355		190
280		240		63586		190
281		243		63812		188
282		240		64040		188
283		239		64273		189
284		234		64508		187
285		231		64742		186
286		238		64977		192
287		239		65205		185
288		238		65438		185
289		238		65670		190
290		236		65896		195
291		239		66129		189
292		234		66365		187
293		234		66594		187
294		237		66822		189
295		237		67054		186
296		226		67278		186
297		217		67503		186
298		216		67737		185
299		212		67968		185
300		214		68206		186
301		218		68441		189
302		217		68670		187
303		208		68902		193
304		199		69139		185
305		212		69369		191
306		215		69595		190
307		215		69833		193
308		225		70061		186
309		216		70291		184
310		217		70521		188
311		217		70754		187
312		219		70980		185
313		225		71212		188
314		229		71444		193
315		227		71676		191
316		222		71913		187
317		230		72151		189
318		230		72371		192
319		231		72605		187
320		226		72839		189
321		223		73063		188
322		227		73291		182
323		238		73529		187
324		246		73760		187
325		238		73992		183
326		242		74222		182
327		233		74454		187
328		249		74685		192
329		257		74915		190
330		256		75146		198
331		244		75380		192
332		242		75615		192
333		248		75848		195
334		245		76079		186
335		229		76310		189
336		236		76543		188
337		238		76771		192
338		242		77006		193
339		225		77241		193
340		211		77474		187
341		209		77699		195
342		203		77925		190
343		210		78157		184
344		209		78386		184
345		215		78609		188
346		216		78843		191
347		216		79072		191
348		212		79299		185
349		221		79531		190
350		239		79766		188
351		233		79999		193
352		234		80231		192
353		229		80459		184
354		229		80693		184
355		214		80920		186
356		217		81154		191
357		229		81383		190
358		228		81612		189
359		239		81853		191
360		239		82091		190
361		245		82320		188
362		250		82550		187
363		228		82777		197
364		216		83008		189
365		234		83238		194
366		229		83470		188
367		220		83701		189
368		229		83932		190
369		230		84167		190
370		217		84394		190
371		232		84625		190
372		222		84857		190
373		224		85089		189
374		216		85323		183
375		214		85555		189
376		228		85790		191
377		221		86021		187
378		216		86250		189
379		220		86487		194
380		218		86717		191
381		208		86945		191
382		216		87169		194
383		225		87409		191
384		230		87638		184
385		220		87872		188
386		217		88100		181
387		229		88334		184
388		240		88566		188
389		232		88795		190
390		224		89032		192
391		206		89265		185
392		203		89497		191
393		201		89725		192
394		198		89961		189
395		201		90195		186
396		196		90430		189
397		195		90666		195
398		198		90903		190
399		207		91139		189
400		212		91373		188
401		200		91600		190
402		192		91832		191
403		191		92063		188
404		196		92291		186
405		207		92526		184
406		213		92757		190
407		208		92993		187
408		208		93226		188
409		214		93455		188
410		208		93689		188
411		196		93926		187
412		192		94158		185
413		196		94392		190
414		199		94627		192
415		198		94867		183
416		202		95103		194
417		202		95343		190
418		204		95575		186
419		200		95819		186
420		211		96048		184
421		208		96285		191
422		203		96521		187
423		205		96752		190
424		204		96988		190
425		202		97223		193
426		193		97454		188
427		199		97687		187
428		205		97919		192
429		216		98155		186
430		213		98382		186
431		219		98615		188
432		222		98858		185
433		235		99098		186
434		219		99337		190
435		202		99571		194
436		211		99802		187
437		214		100035		187
438		207		100268		189
439		215		100502		192
440		211		100728		196
441		207		100960		188
442		215		101192		189
443		216		101424		194
444		218		101658		190
445		210		101894		187
446		213		102126		191
447		216		102359		191
448		198		102589		186
449		205		102818		183
450		215		103047		189
451		209		103275		189
452		204		103514		190
453		208		103747		191
454		207		103975		185
455		209		104207		191
456		209		104438		189
457		204		104670		191
458		207		104904		188
459		208		105138		188
460		204		105370		192
461		204		105605		182
462		205		105835		185
463		199		106070		188
464		199		106295		194
465		192		106529		191
466		199		106764		186
467		203		106994		185
468		195		107229		186
469		194		107456		185
470		200		107684		186
471		199		107911		188
472		198		108141		191
473		193		108368		189
474		201		108604		192
475		198		108835		190
476		206		109060		193
477		199		109299		187
478		206		109529		193
479		209		109763		183
480		216		109994		182
481		208		110223		185
482		213		110450		187
483		207		110679		186
484		216		110920		187
485		213		111157		190
486		200		111388		187
487		201		111626		186
488		211		111858		189
489		190		112087		187
490		186		112318		191
491		190		112554		189
492		188		112790		186
493		182		113025		191
494		182		113259		187
495		178		113490		183
496		179		113720		189
497		181		113951		182
498		182		114185		190
499		186		114415		190
500		168		114650		190
501		172		114887		193
502		162		115121		190
503		157		115350		187
504		164		115589		187
505		164		115820		190
506		167		116053		189
507		164		116283		191
508		162		116518		192
509		152		116751		190
510		150		116985		186
511		148		117210		188
512		151		117441		189
513		160		117672		194
514		156		117909		190
515		159		118138		184
516		159		118368		190
517		156		118602		193
518		159		118833		187
519		168		119069		190
520		168		119301		188
521		166		119533		191
522		169		119766		187
523		172		119999		188
524		161		120226		189
525		172		120461		187
526		180		120690		185
527		179		120927		186
528		185		121156		186
529		191		121385		189
530		192		121618		188
531		195		121854		190
532		205		122088		186
533		193		122316		188
534		191		122550		190
535		194		122780		186
536		188		123007		187
537		190		123242		192
538		195		123472		190
539		194		123708		183
540		198		123941		186
541		186		124169		187
542		188		124398		180
543		197		124633		188
544		184		124868		186
545		188		125098		189
546		191		125330		190
547		181		125563		185
548		176		125795		189
549		169		126020		188
550		169		126261		191
551		177		126498		190
552		179		126733		187
553		172		126962		185
554		178		127185		189
555		182		127415		191
556		177		127651		193
557		180		127877		188
558		181		128109		186
559		178		128342		180
560		178		128581		190
561		169		128816		186
562		175		129053		186
563		159		129280		185
564		161		129514		188
565		161		129747		189
566		155		129977		187
567		149		130214		189
568		147		130439		188
569		154		130674		187
570		158		130908		191
571		161		131139		186
572		175		131371		191
573		169		131601		188
574		171		131841		187
575		171		132073		184
576		168		132301		188
577		167		132537		187
578		169		132772		190
579		166		133007		191
580		154		133238		191
581		154		133476		189
582		148		133706		185
583		142		133934		191
584		149		134162		188
585		166		134397		187
586		166		134632		189
587		158		134864		188
588		162		135098		184
589		151		135329		188
590		158		135559		189
591		153		135791		184
592		153		136024		187
593		161		136256		184
594		165		136483		182
595		178		136714		190
596		182		136945		188
597		185		137180		192
598		179		137419		187
599		183		137649		188
600		188		137887		186
601		182		138129		186
602		189		138369		192
603		184		138598		191
604		182		138830		189
605		187		139059		194
606		186		139295		188
607		186		139532		189
608		179		139768		194
609		183		140006		192
610		182		140238		185
611		187		140476		190
612		196		140710		189
613		199		140947		186
614		196		141183		189
615		189		141415		188
616		181		141647		191
617		183		141881		191
618		197		142115		185
619		193		142351		187
620		196		142582		188
621		204		142817		187
622		218		143052		188
623		209		143292		192
624		213		143530		189
625		203		143765		186
626		207		143999		190
627		197		144233		190
628		195		144462		187
629		203		144693		189
630		210		144931		188
631		193		145157		190
632		188		145389		191
633		181		145625		190
634		183		145860		191
635		189		146091		190
636		198		146323		186
637		180		146550		188
638		162		146779		191
639		165		147012		189
640		169		147248		187
641		170		147481		188
642		172		147713		191
643		172		147949		191
644		169		148186		189
645		175		148417		188
646		169		148655		190
647		165		148890		191
648		174		149119		192
649		176		149348		191
650		177		149581		190
651		172		149809		191
652		163		150038		191
653		176		150274		187
654		174		150509		186
655		163		150742		190
656		168		150972		186
657		167		151210		187
658		175		151442		192
659		180		151682		191
660		186		151915		188
661		187		152149		190
662		187		152380		182
663		190		152619		190
664		197		152854		187
665		207		153086		189
666		205		153321		190
667		198		153558		190
668		191		153792		184
669		185		154024		185
670		189		154257		185
671		203		154487		184
672		196		154714		187
673		197		154949		188
674		193		155176		190
675		190		155412		189
676		185		155649		190
677		179		155880		188
678		178		156107		190
679		174		156342		188
680		180		156575		186
681		178		156808		190
682		178		157039		191
683		193		157269		190
684		210		157506		186
685		201		157740		186
686		196		157974		182
687		202		158209		184
688		209		158446		185
689		203		158682		184
690		196		158921		187
691		201		159151		189
692		189		159389		184
693		189		159626		186
694		194		159857		191
695		193		160091		186
696		195		160324		188
697		199		160551		189
698		183		160782		188
699		197		161022		192
700		209		161251		188
701		218		161480		187
702		210		161719		187
703		202		161952		185
704		196		162187		186
705		197		162414		188
706		192		162644		191
707		193		162874		187
708		188		163107		187
709		187		163344		187
710		179		163572		192
711		187		163808		192
712		189		164040		190
713		191		164272		188
714		190		164507		185
715		185		164744		192
716		180		164979		192
717		190		165219		188
718		199		165446		186
719		196		165676		189
720		190		165911		189
721		181		166145		188
722		185		166379		189
723		179		166616		186
724		181		166849		187
725		178		167081		190
726		186		167317		193
727		187		167551		186
728		187		167789		186
729		186		168014		190
730		192		168247		188
731		181		168484		186
732		183		168711		190
733		175		168952		186
734		178		169182		184
735		181		169414		189
736		186		169646		191
737		188		169879		190
738		197		170116		187
739		198		170357		188
740		196		170582		191
741		188		170810		186
742		195		171041		184
743		185		171269		188
744		186		171502		191
745		194		171733		188
746		197		171971		192
747		193		172202		183
748		192		172439		187
749		193		172668		192
750		199		172909		189
751		201		173145		190
752		190		173382		188
753		188		173615		191
754		188		173848		190
755		189		174080		191
756		175		174312		181
757		171		174542		186
758		181		174780		187
759		175		175012		184
760		182		175239		181
761		191		175474		185
762		203		175708		184
763		200		175944		188
764		214		176175		187
765		199		176409		184
766		196		176643		188
767		201		176872		187
768		202		177108		187
769		208		177336		178
770		208		177566		181
771		213		177801		190
772		207		178045		192
773		204		178282		187
774		208		178515		189
775		195		178745		188
776		195		178974		188
777		189		179210		187
778		194		179439		191
779		189		179668		188
780		182		179907		187
781		180		180135		188
782		187		180363		186
783		191		180599		186
784		185		180827		186
785		174		181062		187
786		165		181294		186
787		167		181527		186
788		164		181759		189
789		174		181987		186
790		177		182218		186
791		179		182449		189
792		180		182680		185
793		174		182914		186
794		179		183149		187
795		170		183382		189
796		171		183610		188
797		173		183841		186
798		169		184079		184
799		172		184315		188
800		178		184543		189
801		175		184773		184
802		173		185001		182
803		169		185229		186
804		173		185461		190
805		163		185692		183
806		168		185925		181
807		173		186158		188
808		167		186383		187
809		165		186610		187
810		159		186842		188
811		159		187078		187
812		153		187305		188
813		148		187533		186
814		152		187773		188
815		154		187999		189
816		158		188234		187
817		152		188465		187
818		157		188697		187
819		167		188927		188
820		172		189166		187
821		171		189399		185
822		164		189620		189
823		160		189857		188
824		158		190088		186
825		161		190323		185
826		166		190556		186
827		169		190786		183
828		159		191015		183
829		155		191249		188
830		156		191477		185
831		160		191709		183
832		160		191942		187
833		162		192175		188
834		166		192412		187
835		165		192646		188
836		165		192877		189
837		158		193114		188
838		154		193345		189
839		153		193576		188
840		154		193812		183
841		151		194047		189
842		147		194277		187
843		146		194507		186
844		146		194743		186
845		148		194975		190
846		153		195203		187
847		156		195437		190
848		154		195665		188
849		151		195899		191
850		152		196130		186
851		152		196364		183
852		154		196597		188
853		151		196830		189
854		165		197064		183
855		163		197299		181
856		159		197527		186
857		163		197752		183
858		155		197982		184
859		154		198215		186
860		150		198442		186
861		147		198677		188
862		150		198912		187
863		151		199142		187
864		152		199377		189
865		151		199610		190
866		156		199848		191
867		159		200077		185
868		145		200310		183
869		154		200550		184
870		156		200786		186
871		163		201016		188
872		167		201252		186
873		173		201484		187
874		175		201719		185
875		170		201958		190
876		161		202193		186
877		153		202427		186
878		158		202657		185
879		162		202889		187
880		165		203116		188
881		160		203355		184
882		162		203589		190
883		149		203823		189
884		144		204059		187
885		152		204296		191
886		158		204526		185
887		136		204765		190
888		139		204999		189
889		141		205229		185
890		134		205462		185
891		139		205699		186
892		145		205933		184
893		144		206169		191
894		144		206405		192
895		151		206638		188
896		151		206881		185
897		136		207114		188
898		136		207345		190
899		142		207579		187
900		148		207811		186
901		147		208041		189
902		148		208271		190
903		135		208500		187
904		131		208729		187
905		131		208968		187
906		135		209198		183
907		136		209429		186
908		134		209660		185
909		137		209892		183
910		131		210118		186
911		131		210348		185
912		138		210580		186
913		133		210816		188
914		143		211046		184
915		145		211279		187
916		146		211506		189
917		152		211741		188
918		147		211976		186
919		143		212211		187
920		140		212447		189
921		139		212682		187
922		144		212913		187
923		138		213152		188
924		144		213390		184
925		147		213625		184
926		155		213858		187
927		150		214083		189
928		144		214318		189
929		137		214542		188
930		137		214770		188
931		142		215003		188
932		133		215238		185
933		130		215466		185
934		130		215701		188
935		134		215933		191
936		135		216167		190
937		132		216396		188
938		132		216636		187
939		132		216863		188
940		139		217098		187
941		143		217335		185
942		151		217574		183
943		151		217809		187
944		146		218047		186
945		132		218283		186
946		135		218509		189
947		146		218748		186
948		150		218984		187
949		133		219223		184
950		128		219455		188
951		129		219688		185
952		132		219920		185
953		133		220154		187
954		135		220385		189
955		132		220614		188
956		135		220851		190
957		135		221078		189
958		136		221311		188
959		136		221541		191
960		135		221773		189
961		138		222007		189
962		139		222237		188
963		149		222475		183
964		158		222709		186
965		160		222947		189
966		167		223175		186
967		174		223407		190
968		170		223642		189
969		167		223872		191
970		166		224103		188
971		148		224335		190
972		158		224566		185
973		163		224801		189
974		163		225039		188
975		148		225275		186
976		144		225502		187
977		142		225739		187
978		131		225971		186
979		128		226199		187
980		132		226434		184
981		132		226670		185
982		132		226899		189
983		133		227132		189
984		137		227364		187
985		136		227600		186
986		146		227836		190
987		140		228066		186
988		143		228293		189
989		145		228525		184
990		152		228762		181
991		153		228993		185
992		139		229222		182
993		137		229451		185
994		145		229689		184
995		136		229913		187
996		139		230144		186
997		145		230379		184
998		136		230615		183
999		135		230841		185
