# Migration is number of nodes that have changed color.

Round		Edge-Cut		Swaps		Migrations		Skipped
0		848		249		194
1		809		498		189
2		798		745		193
3		770		994		188
4		778		1242		177
5		764		1485		196
6		742		1729		177
7		708		1968		188
8		703		2207		200
9		698		2450		185
10		700		2684		179
11		698		2920		177
12		685		3163		186
13		674		3406		180
14		674		3639		192
15		646		3878		190
16		647		4116		189
17		673		4356		174
18		642		4588		184
19		642		4827		190
20		652		5064		175
21		645		5301		188
22		620		5535		198
23		619		5766		187
24		580		6002		191
25		545		6238		193
26		542		6465		184
27		571		6695		194
28		550		6925		180
29		531		7159		188
30		533		7386		198
31		525		7621		195
32		505		7850		183
33		507		8087		188
34		489		8321		181
35		497		8557		188
36		502		8794		190
37		489		9024		180
38		485		9252		180
39		462		9487		185
40		459		9723		187
41		467		9954		189
42		480		10191		192
43		490		10426		179
44		496		10659		182
45		473		10896		186
46		462		11129		199
47		459		11364		187
48		448		11599		182
49		433		11832		188
50		430		12062		178
51		430		12298		192
52		429		12534		187
53		432		12767		187
54		416		12995		187
55		397		13229		182
56		401		13466		181
57		396		13699		185
58		395		13926		185
59		401		14158		186
60		402		14393		181
61		391		14625		187
62		387		14853		185
63		382		15085		182
64		366		15316		194
65		366		15549		188
66		358		15786		189
67		361		16016		183
68		380		16247		193
69		383		16478		186
70		364		16712		195
71		359		16948		184
72		349		17183		186
73		362		17417		182
74		368		17652		178
75		365		17889		192
76		356		18126		189
77		352		18364		184
78		323		18600		193
79		323		18835		189
80		331		19067		188
81		327		19298		186
82		321		19539		181
83		315		19772		190
84		311		20008		188
85		302		20241		192
86		309		20478		191
87		304		20712		183
88		301		20943		188
89		316		21181		184
90		311		21416		182
91		291		21645		185
92		282		21877		189
93		276		22112		185
94		292		22344		193
95		280		22577		181
96		276		22811		186
97		299		23049		188
98		297		23282		182
99		288		23509		186
100		297		23741		187
101		311		23977		181
102		301		24210		184
103		285		24444		186
104		289		24669		186
105		288		24901		186
106		291		25134		172
107		269		25363		184
108		276		25593		185
109		273		25824		184
110		271		26054		187
111		272		26284		188
112		275		26516		191
113		281		26748		189
114		276		26980		191
115		286		27214		184
116		284		27446		188
117		279		27674		185
118		279		27911		191
119		266		28151		189
120		259		28381		186
121		257		28620		190
122		258		28845		193
123		266		29082		191
124		272		29318		188
125		267		29551		189
126		264		29787		181
127		268		30016		186
128		274		30251		188
129		256		30485		194
130		269		30723		190
131		257		30960		189
132		258		31194		188
133		239		31420		194
134		247		31647		190
135		249		31884		181
136		250		32122		184
137		258		32356		193
138		263		32581		183
139		266		32812		196
140		259		33038		187
141		261		33266		191
142		262		33501		187
143		275		33734		192
144		277		33969		184
145		285		34202		187
146		286		34432		182
147		286		34654		186
148		287		34889		195
149		279		35126		189
150		274		35352		194
151		280		35579		191
152		258		35809		187
153		253		36037		189
154		256		36273		191
155		261		36509		185
156		263		36748		191
157		279		36980		185
158		283		37216		188
159		280		37447		196
160		278		37681		192
161		250		37913		189
162		257		38149		188
163		253		38377		191
164		252		38614		187
165		254		38845		182
166		251		39075		196
167		243		39312		190
168		246		39542		191
169		253		39772		193
170		247		40001		189
171		246		40237		188
172		246		40469		192
173		234		40705		188
174		242		40938		186
175		243		41166		188
176		239		41396		185
177		224		41635		190
178		216		41868		190
179		219		42103		185
180		220		42340		194
181		210		42568		193
182		207		42803		189
183		210		43040		185
184		205		43270		185
185		205		43502		181
186		200		43734		188
187		199		43968		184
188		200		44202		186
189		196		44440		186
190		205		44674		190
191		217		44907		184
192		208		45138		187
193		202		45369		188
194		198		45603		190
195		203		45835		184
196		210		46066		188
197		214		46305		189
198		209		46544		187
199		204		46779		190
200		203		47013		189
201		195		47248		190
202		187		47477		185
203		185		47708		191
204		189		47942		190
205		181		48172		186
206		187		48403		186
207		192		48639		183
208		208		48864		185
209		193		49096		186
210		217		49332		191
211		208		49563		196
212		212		49801		184
213		216		50037		186
214		198		50274		187
215		187		50505		193
216		194		50738		190
217		201		50976		189
218		189		51210		189
219		192		51446		190
220		187		51681		189
221		184		51912		188
222		187		52142		187
223		188		52378		196
224		190		52610		189
225		189		52841		191
226		186		53075		189
227		201		53311		190
228		201		53550		181
229		196		53791		190
230		190		54026		190
231		192		54259		186
232		183		54491		189
233		190		54728		185
234		180		54959		188
235		184		55195		183
236		176		55428		187
237		174		55658		184
238		180		55887		186
239		183		56122		189
240		181		56356		189
241		176		56582		189
242		183		56814		189
243		194		57047		193
244		197		57283		189
245		190		57518		191
246		191		57756		185
247		181		57987		183
248		170		58221		187
249		169		58452		188
250		170		58682		192
251		177		58917		187
252		179		59147		187
253		174		59379		187
254		175		59612		190
255		166		59845		186
256		163		60079		188
257		169		60314		184
258		168		60547		186
259		175		60779		187
260		176		61010		191
261		164		61241		191
262		173		61475		187
263		173		61714		192
264		171		61945		182
265		167		62176		188
266		170		62408		185
267		175		62634		184
268		180		62865		184
269		176		63094		185
270		186		63324		181
271		186		63558		188
272		184		63794		186
273		179		64026		184
274		180		64258		193
275		186		64491		193
276		200		64724		185
277		209		64955		194
278		215		65194		193
279		213		65424		191
280		211		65660		187
281		216		65896		186
282		220		66132		185
283		216		66361		189
284		209		66588		188
285		205		66829		188
286		206		67060		190
287		198		67290		186
288		197		67529		190
289		201		67764		186
290		190		67997		186
291		185		68237		188
292		184		68475		184
293		184		68706		189
294		187		68937		190
295		189		69168		188
296		189		69398		189
297		183		69637		189
298		176		69865		188
299		178		70101		188
300		180		70337		183
301		187		70575		186
302		178		70812		187
303		173		71044		189
304		180		71275		188
305		173		71506		189
306		171		71738		192
307		161		71974		188
308		161		72205		185
309		161		72440		186
310		168		72675		189
311		165		72904		191
312		174		73138		189
313		171		73372		190
314		180		73606		185
315		169		73838		185
316		174		74070		186
317		174		74302		188
318		175		74526		191
319		170		74755		190
320		175		74988		190
321		178		75224		190
322		183		75461		182
323		181		75689		190
324		173		75918		185
325		179		76148		184
326		189		76379		186
327		200		76616		184
328		206		76845		186
329		207		77079		183
330		198		77317		191
331		189		77552		193
332		188		77787		186
333		189		78019		188
334		183		78246		187
335		190		78476		191
336		190		78708		185
337		192		78939		185
338		185		79170		188
339		180		79405		192
340		180		79636		186
341		175		79867		186
342		171		80100		188
343		174		80338		187
344		178		80574		192
345		183		80811		187
346		181		81046		185
347		185		81274		187
348		188		81505		192
349		188		81733		188
350		187		81963		190
351		184		82195		185
352		187		82426		183
353		191		82662		186
354		187		82894		191
355		185		83121		185
356		191		83351		189
357		193		83582		181
358		194		83818		191
359		194		84052		192
360		190		84280		189
361		194		84506		191
362		195		84743		184
363		199		84975		185
364		201		85204		188
365		202		85435		188
366		202		85674		187
367		206		85901		190
368		203		86129		189
369		210		86361		193
370		203		86594		189
371		197		86828		189
372		190		87064		187
373		197		87297		188
374		187		87535		184
375		195		87771		189
376		196		88006		190
377		208		88243		188
378		211		88479		184
379		215		88717		184
380		216		88955		186
381		217		89187		191
382		209		89419		189
383		208		89654		188
384		211		89891		190
385		212		90123		188
386		216		90358		188
387		214		90587		191
388		219		90817		190
389		215		91050		190
390		198		91283		189
391		185		91520		187
392		182		91754		191
393		183		91982		188
394		180		92215		186
395		174		92446		189
396		178		92679		191
397		175		92907		188
398		175		93138		193
399		178		93366		192
400		182		93601		184
401		185		93829		184
402		168		94057		186
403		172		94286		185
404		188		94518		185
405		183		94747		194
406		183		94976		187
407		175		95208		184
408		170		95443		189
409		169		95673		191
410		172		95903		184
411		174		96128		191
412		171		96363		190
413		162		96594		186
414		171		96828		192
415		156		97070		186
416		156		97306		188
417		151		97542		186
418		157		97775		189
419		152		98011		189
420		148		98242		187
421		150		98479		186
422		152		98708		184
423		147		98940		188
424		154		99170		187
425		164		99399		192
426		176		99635		187
427		165		99871		188
428		170		100104		189
429		176		100330		185
430		169		100565		188
431		190		100797		187
432		196		101036		191
433		200		101272		190
434		201		101504		190
435		196		101737		186
436		205		101967		189
437		203		102203		190
438		217		102438		187
439		220		102667		190
440		222		102894		193
441		237		103119		192
442		229		103355		194
443		216		103588		188
444		210		103824		189
445		212		104057		181
446		206		104290		194
447		204		104529		185
448		200		104756		190
449		206		104986		190
450		204		105221		192
451		211		105451		193
452		212		105688		191
453		202		105921		187
454		205		106157		190
455		207		106387		182
456		207		106624		182
457		200		106855		187
458		201		107085		190
459		209		107317		194
460		210		107554		187
461		215		107790		190
462		216		108023		191
463		220		108253		182
464		224		108483		190
465		221		108716		187
466		223		108944		192
467		231		109178		187
468		239		109408		188
469		246		109646		192
470		238		109878		187
471		243		110110		183
472		237		110334		181
473		232		110560		186
474		224		110793		187
475		217		111026		187
476		214		111257		186
477		209		111482		184
478		215		111712		192
479		212		111945		192
480		213		112186		192
481		198		112417		192
482		203		112649		194
483		206		112878		190
484		199		113117		183
485		199		113346		188
486		190		113574		191
487		191		113815		191
488		200		114048		192
489		192		114275		186
490		197		114502		183
491		191		114733		190
492		188		114963		187
493		193		115189		188
494		196		115424		186
495		196		115657		189
496		191		115891		187
497		187		116126		193
498		188		116361		185
499		187		116584		191
500		195		116811		193
501		190		117044		188
502		198		117280		188
503		191		117519		189
504		198		117750		188
505		198		117981		183
506		182		118212		188
507		178		118444		192
508		181		118677		191
509		186		118911		188
510		191		119150		187
511		188		119382		187
512		185		119617		184
513		184		119852		186
514		187		120085		190
515		185		120313		183
516		179		120545		192
517		173		120779		186
518		163		121011		189
519		166		121242		188
520		154		121471		190
521		147		121706		187
522		150		121939		188
523		150		122170		192
524		148		122405		190
525		154		122640		187
526		157		122864		187
527		161		123099		192
528		159		123335		190
529		144		123565		191
530		144		123799		189
531		146		124030		190
532		151		124259		195
533		148		124491		189
534		153		124725		189
535		157		124967		186
536		146		125198		189
537		155		125432		192
538		149		125665		192
539		146		125896		192
540		139		126134		188
541		148		126367		192
542		137		126597		190
543		147		126831		190
544		148		127065		189
545		144		127299		189
546		153		127534		188
547		155		127764		186
548		152		128004		187
549		151		128237		189
550		161		128472		188
551		156		128701		190
552		156		128930		191
553		149		129153		190
554		147		129387		189
555		149		129616		191
556		142		129851		186
557		143		130080		191
558		155		130313		187
559		165		130554		190
560		156		130782		189
561		158		131013		188
562		157		131245		189
563		166		131479		191
564		162		131711		187
565		170		131943		194
566		160		132170		186
567		169		132408		193
568		164		132641		188
569		166		132873		185
570		166		133109		190
571		167		133339		192
572		166		133570		196
573		157		133803		194
574		144		134038		193
575		149		134267		189
576		157		134507		186
577		166		134746		183
578		159		134974		187
579		163		135210		185
580		162		135438		189
581		165		135665		187
582		172		135898		186
583		181		136135		188
584		169		136368		189
585		174		136605		190
586		169		136834		188
587		157		137064		195
588		153		137290		192
589		166		137530		187
590		164		137762		191
591		160		137998		189
592		141		138227		189
593		140		138458		187
594		136		138693		188
595		140		138922		188
596		143		139153		188
597		148		139382		188
598		146		139612		189
599		149		139847		185
600		153		140081		188
601		150		140308		184
602		160		140538		185
603		157		140768		186
604		166		141002		185
605		156		141240		185
606		160		141473		183
607		168		141706		181
608		179		141937		188
609		184		142171		187
610		187		142403		189
611		183		142633		192
612		188		142862		192
613		203		143092		186
614		204		143321		188
615		194		143551		186
616		180		143783		185
617		181		144013		192
618		189		144245		189
619		201		144478		184
620		212		144710		183
621		198		144943		192
622		192		145177		192
623		199		145402		187
624		206		145641		190
625		210		145872		189
626		196		146107		193
627		202		146342		191
628		194		146572		186
629		200		146807		185
630		205		147042		192
631		221		147276		189
632		213		147512		191
633		232		147736		188
634		230		147968		189
635		228		148200		186
636		233		148433		194
637		235		148667		183
638		240		148902		186
639		238		149131		187
640		231		149369		194
641		220		149598		192
642		216		149825		189
643		213		150057		194
644		215		150283		192
645		211		150520		190
646		207		150759		186
647		221		150997		187
648		216		151234		190
649		211		151469		188
650		194		151699		191
651		183		151931		192
652		191		152157		185
653		189		152389		187
654		185		152619		188
655		180		152849		184
656		187		153080		188
657		195		153314		189
658		192		153548		183
659		190		153783		188
660		185		154022		187
661		189		154260		189
662		185		154488		185
663		183		154714		189
664		178		154945		188
665		178		155179		187
666		180		155416		188
667		187		155653		192
668		191		155889		187
669		181		156117		190
670		184		156346		193
671		166		156573		190
672		174		156804		187
673		168		157033		192
674		169		157262		187
675		169		157495		189
676		180		157728		191
677		175		157965		189
678		168		158195		188
679		166		158421		187
680		177		158652		186
681		172		158885		185
682		174		159118		189
683		166		159347		188
684		164		159582		188
685		167		159812		188
686		172		160044		189
687		175		160277		185
688		171		160508		183
689		184		160732		181
690		178		160966		184
691		176		161201		186
692		163		161433		185
693		156		161664		190
694		156		161902		188
695		158		162131		192
696		158		162364		187
697		157		162603		187
698		161		162834		185
699		162		163061		187
700		168		163288		188
701		169		163519		185
702		170		163750		187
703		165		163977		187
704		172		164215		191
705		170		164448		188
706		173		164684		190
707		168		164912		188
708		164		165139		189
709		166		165372		191
710		166		165608		189
711		166		165843		186
712		163		166066		186
713		161		166302		188
714		163		166531		192
715		163		166762		189
716		161		166997		193
717		160		167226		192
718		158		167462		188
719		159		167693		189
720		162		167931		193
721		163		168163		192
722		160		168393		189
723		160		168631		191
724		158		168866		187
725		161		169094		191
726		164		169328		191
727		168		169560		188
728		175		169791		185
729		173		170026		187
730		168		170256		192
731		161		170486		185
732		172		170723		189
733		173		170963		191
734		168		171204		193
735		164		171436		192
736		154		171671		191
737		166		171901		188
738		161		172141		185
739		166		172367		192
740		167		172597		191
741		162		172826		189
742		169		173057		189
743		175		173291		187
744		167		173517		190
745		172		173741		194
746		162		173965		188
747		158		174198		188
748		165		174430		190
749		177		174665		190
750		174		174898		189
751		177		175131		190
752		176		175366		188
753		178		175600		189
754		165		175833		184
755		175		176063		187
756		174		176299		192
757		177		176529		191
758		187		176763		197
759		173		176996		189
760		172		177227		186
761		162		177461		188
762		158		177686		187
763		168		177919		194
764		165		178151		191
765		161		178394		193
766		173		178633		185
767		176		178861		187
768		172		179097		189
769		173		179327		190
770		160		179565		191
771		168		179798		191
772		167		180026		188
773		160		180256		186
774		171		180490		188
775		166		180728		189
776		157		180965		187
777		152		181197		188
778		149		181434		188
779		152		181670		185
780		152		181902		189
781		156		182135		190
782		153		182363		184
783		156		182594		191
784		149		182830		188
785		160		183061		187
786		163		183297		189
787		158		183531		191
788		161		183761		189
789		160		183994		190
790		154		184231		191
791		152		184466		191
792		145		184701		188
793		126		184934		192
794		125		185166		190
795		127		185400		189
796		128		185633		187
797		123		185867		189
798		129		186110		189
799		121		186343		189
800		119		186575		190
801		125		186813		185
802		133		187042		189
803		139		187279		191
804		117		187512		191
805		113		187748		190
806		116		187986		190
807		116		188227		190
808		127		188465		188
809		124		188694		184
810		126		188932		189
811		127		189164		185
812		124		189392		187
813		127		189628		188
814		137		189864		186
815		130		190097		187
816		134		190332		190
817		137		190565		186
818		133		190797		187
819		145		191037		187
820		130		191269		187
821		128		191501		192
822		127		191733		191
823		125		191961		188
824		124		192193		189
825		127		192431		186
826		127		192670		189
827		126		192900		189
828		121		193124		189
829		121		193350		189
830		120		193582		191
831		117		193812		190
832		121		194045		191
833		123		194280		191
834		139		194514		191
835		139		194748		191
836		142		194987		189
837		132		195220		187
838		140		195445		190
839		145		195680		192
840		142		195912		189
841		148		196149		189
842		149		196380		186
843		152		196613		190
844		151		196842		189
845		147		197064		188
846		156		197299		188
847		166		197536		190
848		157		197763		190
849		149		197994		188
850		141		198232		192
851		148		198461		194
852		147		198698		193
853		144		198930		190
854		134		199162		188
855		133		199394		188
856		142		199634		188
857		143		199869		189
858		148		200103		191
859		159		200336		187
860		159		200573		190
861		152		200809		190
862		157		201049		189
863		156		201277		190
864		151		201513		190
865		156		201747		189
866		153		201979		189
867		150		202218		190
868		145		202451		191
869		145		202685		187
870		149		202914		191
871		146		203147		191
872		139		203379		189
873		146		203613		187
874		143		203845		190
875		143		204075		188
876		138		204306		191
877		148		204539		190
878		149		204773		186
879		152		205002		187
880		148		205237		190
881		142		205472		187
882		147		205705		189
883		142		205941		186
884		142		206170		190
885		141		206406		188
886		135		206644		189
887		139		206875		193
888		141		207103		191
889		140		207339		192
890		150		207573		191
891		158		207810		190
892		154		208045		190
893		162		208279		186
894		166		208513		187
895		153		208746		190
896		154		208974		194
897		148		209211		192
898		149		209445		193
899		168		209679		192
900		160		209910		188
901		151		210141		190
902		157		210378		193
903		160		210606		191
904		174		210837		192
905		168		211072		190
906		175		211303		192
907		171		211540		192
908		167		211760		186
909		175		212000		186
910		169		212239		189
911		173		212469		187
912		164		212706		190
913		168		212938		188
914		180		213175		186
915		188		213403		188
916		183		213642		185
917		175		213873		187
918		164		214109		189
919		161		214342		191
920		155		214575		191
921		152		214806		190
922		159		215041		190
923		156		215273		190
924		155		215508		188
925		169		215745		191
926		166		215973		190
927		159		216212		187
928		165		216452		191
929		167		216684		192
930		169		216914		192
931		168		217140		188
932		170		217368		186
933		169		217605		190
934		174		217838		189
935		168		218075		192
936		167		218306		192
937		160		218543		191
938		164		218770		184
939		160		219006		187
940		169		219236		193
941		177		219461		188
942		168		219693		190
943		161		219926		191
944		171		220155		195
945		172		220386		191
946		162		220623		190
947		168		220848		187
948		162		221085		188
949		164		221320		189
950		163		221545		188
951		163		221780		187
952		166		222008		188
953		169		222242		189
954		168		222477		190
955		164		222706		188
956		169		222939		188
957		177		223173		187
958		179		223405		190
959		172		223638		183
960		185		223872		188
961		186		224107		186
962		183		224338		180
963		171		224574		180
964		167		224809		185
965		156		225047		186
966		162		225280		184
967		155		225513		189
968		160		225747		188
969		155		225977		190
970		158		226209		189
971		171		226446		190
972		163		226681		191
973		146		226910		192
974		149		227138		189
975		149		227365		190
976		140		227599		193
977		140		227829		190
978		140		228060		192
979		130		228288		189
980		128		228519		189
981		138		228751		188
982		146		228985		190
983		143		229222		191
984		156		229453		190
985		161		229685		192
986		170		229920		186
987		165		230145		187
988		172		230379		188
989		170		230617		184
990		171		230848		192
991		175		231086		189
992		169		231319		188
993		164		231551		186
994		162		231784		188
995		158		232013		188
996		151		232246		187
997		151		232477		188
998		155		232710		189
999		148		232941		190
