# Migration is number of nodes that have changed color.

Round		Edge-Cut		Swaps		Migrations		Skipped
0		834		247		170
1		800		492		197
2		781		740		196
3		783		986		177
4		773		1231		196
5		750		1470		180
6		743		1715		196
7		752		1961		178
8		775		2207		189
9		751		2453		188
10		766		2692		193
11		751		2941		189
12		698		3183		184
13		729		3420		194
14		711		3663		205
15		715		3901		200
16		723		4144		193
17		723		4385		181
18		693		4629		176
19		667		4865		177
20		653		5102		171
21		631		5336		182
22		618		5568		191
23		625		5797		189
24		631		6029		185
25		643		6270		187
26		627		6509		172
27		644		6756		196
28		643		6989		196
29		628		7229		187
30		602		7466		191
31		617		7702		188
32		597		7939		187
33		583		8172		187
34		529		8399		181
35		555		8631		184
36		574		8866		193
37		569		9095		186
38		557		9328		193
39		536		9555		185
40		575		9789		185
41		578		10028		193
42		564		10264		178
43		552		10496		192
44		555		10729		195
45		560		10964		193
46		562		11196		189
47		528		11429		189
48		550		11665		203
49		564		11895		189
50		541		12128		180
51		529		12361		180
52		536		12598		187
53		544		12834		191
54		528		13067		194
55		541		13300		189
56		512		13535		186
57		483		13768		193
58		479		14004		191
59		433		14227		187
60		440		14457		188
61		414		14680		186
62		406		14909		182
63		400		15129		188
64		400		15361		190
65		393		15593		182
66		372		15814		191
67		353		16037		180
68		340		16266		184
69		340		16490		188
70		348		16711		184
71		351		16938		190
72		336		17162		186
73		346		17382		190
74		333		17612		192
75		327		17828		194
76		330		18052		188
77		329		18274		191
78		337		18506		188
79		336		18744		185
80		348		18977		190
81		345		19209		188
82		343		19439		185
83		359		19670		184
84		350		19904		184
85		363		20134		192
86		339		20369		184
87		346		20596		185
88		336		20829		195
89		355		21062		188
90		355		21292		193
91		358		21518		191
92		362		21745		184
93		366		21984		192
94		362		22219		185
95		355		22442		186
96		357		22671		190
97		372		22903		187
98		359		23129		182
99		357		23365		184
100		321		23594		185
101		317		23818		193
102		319		24046		186
103		314		24276		186
104		317		24499		181
105		316		24730		187
106		307		24950		192
107		296		25176		186
108		293		25408		182
109		286		25639		185
110		271		25868		193
111		278		26095		192
112		266		26323		190
113		258		26556		194
114		245		26785		191
115		249		27014		191
116		241		27242		185
117		253		27465		181
118		238		27691		185
119		227		27920		190
120		227		28149		191
121		234		28374		192
122		241		28600		186
123		232		28826		188
124		234		29047		186
125		236		29274		188
126		233		29504		190
127		240		29727		186
128		246		29954		189
129		245		30183		186
130		242		30415		184
131		242		30643		188
132		254		30872		187
133		251		31107		188
134		255		31329		183
135		236		31553		181
136		241		31782		184
137		244		32012		190
138		244		32243		182
139		246		32480		187
140		256		32709		191
141		260		32942		185
142		255		33168		189
143		260		33399		190
144		257		33627		194
145		255		33862		182
146		258		34094		196
147		253		34321		190
148		246		34545		188
149		257		34775		191
150		263		35010		190
151		272		35236		191
152		276		35466		181
153		280		35700		194
154		284		35928		196
155		262		36165		194
156		266		36398		185
157		268		36628		187
158		275		36865		189
159		274		37106		185
160		271		37334		191
161		267		37574		184
162		270		37809		184
163		283		38044		191
164		277		38280		192
165		283		38509		187
166		277		38740		189
167		285		38966		194
168		267		39196		191
169		257		39429		182
170		250		39663		189
171		247		39900		191
172		259		40136		185
173		249		40370		188
174		249		40600		188
175		225		40831		184
176		219		41063		185
177		221		41300		185
178		220		41536		187
179		224		41764		184
180		228		41996		181
181		217		42231		181
182		228		42463		191
183		240		42698		188
184		234		42927		184
185		227		43159		193
186		225		43388		190
187		234		43624		185
188		236		43850		183
189		256		44089		182
190		252		44316		189
191		231		44549		187
192		229		44785		184
193		223		45018		188
194		226		45247		189
195		231		45472		188
196		227		45702		182
197		228		45933		190
198		242		46172		187
199		233		46405		185
200		240		46635		190
201		234		46872		190
202		238		47103		188
203		223		47334		194
204		225		47571		190
205		235		47809		194
206		228		48044		185
207		211		48267		188
208		215		48503		187
209		223		48730		192
210		243		48966		185
211		245		49200		187
212		227		49424		192
213		226		49661		192
214		231		49891		190
215		223		50123		190
216		227		50359		186
217		225		50592		187
218		209		50828		188
219		200		51065		188
220		201		51294		192
221		206		51526		189
222		210		51755		188
223		215		51991		185
224		213		52223		184
225		220		52455		182
226		207		52690		188
227		213		52923		189
228		204		53159		183
229		202		53392		186
230		199		53626		186
231		211		53861		188
232		197		54094		189
233		207		54329		191
234		203		54567		185
235		203		54808		185
236		199		55043		187
237		213		55271		184
238		198		55504		188
239		197		55741		186
240		205		55975		190
241		206		56203		185
242		201		56440		186
243		179		56676		184
244		183		56906		184
245		177		57136		185
246		184		57367		188
247		170		57606		191
248		173		57843		191
249		169		58072		187
250		168		58296		190
251		171		58526		187
252		168		58758		186
253		168		58989		187
254		160		59224		190
255		163		59451		185
256		160		59680		188
257		156		59911		188
258		161		60146		189
259		158		60373		186
260		166		60609		190
261		168		60841		189
262		163		61073		193
263		172		61308		185
264		184		61547		188
265		177		61784		190
266		193		62013		186
267		192		62245		181
268		189		62476		185
269		185		62705		183
270		170		62938		191
271		168		63174		185
272		168		63404		187
273		169		63640		186
274		165		63874		188
275		168		64108		188
276		167		64341		190
277		176		64571		185
278		172		64801		190
279		168		65044		188
280		180		65279		186
281		198		65513		188
282		191		65739		191
283		200		65971		191
284		202		66201		189
285		197		66431		179
286		182		66662		185
287		188		66890		189
288		198		67128		190
289		205		67361		194
290		204		67595		192
291		212		67827		192
292		205		68060		188
293		203		68284		186
294		201		68508		183
295		201		68739		188
296		188		68970		184
297		197		69203		188
298		181		69437		188
299		173		69662		187
300		183		69891		187
301		187		70126		186
302		181		70352		188
303		180		70576		191
304		178		70806		187
305		199		71042		188
306		207		71271		195
307		206		71498		188
308		200		71733		189
309		200		71959		192
310		217		72191		191
311		224		72429		186
312		231		72665		193
313		234		72895		182
314		226		73131		189
315		239		73368		189
316		232		73605		190
317		205		73838		188
318		213		74066		190
319		210		74298		188
320		210		74533		190
321		217		74766		190
322		209		75000		190
323		200		75234		184
324		195		75467		189
325		207		75708		185
326		222		75944		181
327		213		76184		187
328		198		76416		192
329		199		76646		190
330		203		76878		190
331		200		77111		187
332		207		77347		191
333		204		77578		186
334		199		77806		192
335		205		78040		189
336		208		78276		189
337		209		78509		187
338		217		78739		183
339		213		78968		183
340		211		79208		192
341		197		79437		188
342		190		79669		187
343		202		79901		188
344		203		80134		187
345		214		80367		189
346		204		80596		186
347		198		80827		188
348		193		81059		195
349		180		81295		188
350		183		81535		186
351		183		81770		191
352		170		82000		188
353		178		82230		187
354		186		82454		186
355		187		82694		188
356		190		82927		188
357		191		83161		191
358		182		83395		186
359		180		83633		192
360		182		83867		194
361		186		84098		186
362		176		84328		187
363		174		84563		193
364		172		84797		190
365		172		85034		186
366		168		85265		191
367		171		85495		191
368		164		85730		187
369		163		85963		189
370		167		86197		185
371		163		86432		189
372		178		86660		191
373		179		86891		187
374		170		87135		183
375		165		87369		188
376		167		87601		189
377		172		87832		188
378		175		88063		192
379		173		88296		187
380		176		88528		182
381		190		88766		186
382		174		88997		186
383		182		89232		187
384		188		89464		195
385		187		89698		192
386		185		89930		193
387		168		90168		191
388		160		90404		191
389		164		90640		191
390		173		90873		184
391		165		91102		187
392		161		91331		189
393		156		91559		186
394		162		91790		190
395		155		92032		190
396		153		92267		191
397		150		92503		191
398		148		92733		189
399		145		92971		192
400		150		93207		189
401		158		93441		192
402		156		93671		186
403		154		93908		180
404		152		94145		187
405		156		94380		189
406		159		94613		187
407		156		94853		186
408		158		95083		190
409		153		95321		193
410		150		95551		188
411		153		95781		189
412		162		96017		189
413		155		96250		191
414		150		96479		189
415		155		96703		185
416		157		96936		186
417		165		97175		183
418		160		97405		187
419		165		97635		187
420		161		97866		189
421		169		98099		186
422		167		98338		191
423		171		98568		188
424		175		98801		192
425		164		99028		195
426		160		99267		191
427		167		99498		188
428		174		99729		190
429		180		99959		193
430		166		100199		186
431		167		100439		186
432		169		100675		190
433		169		100902		188
434		170		101135		186
435		164		101364		194
436		158		101600		186
437		148		101836		188
438		146		102061		192
439		146		102290		187
440		133		102520		188
441		133		102751		185
442		134		102977		186
443		141		103212		183
444		146		103440		190
445		148		103670		186
446		149		103905		190
447		141		104141		188
448		145		104371		187
449		136		104600		189
450		151		104835		188
451		149		105069		189
452		148		105296		184
453		151		105527		186
454		155		105761		188
455		155		105999		193
456		149		106233		190
457		152		106467		194
458		143		106703		191
459		148		106935		190
460		154		107164		189
461		163		107396		183
462		160		107624		187
463		155		107853		190
464		157		108087		189
465		161		108315		191
466		167		108551		185
467		174		108788		185
468		173		109022		185
469		168		109256		186
470		178		109489		188
471		178		109717		189
472		175		109951		190
473		170		110182		188
474		169		110418		190
475		169		110653		186
476		157		110892		186
477		162		111113		185
478		169		111351		190
479		163		111581		190
480		170		111810		187
481		178		112039		186
482		180		112269		187
483		175		112504		190
484		176		112739		189
485		165		112974		188
486		176		113205		189
487		182		113435		189
488		183		113662		186
489		187		113895		188
490		191		114125		191
491		195		114360		189
492		214		114598		188
493		213		114829		183
494		209		115061		188
495		204		115290		185
496		197		115524		187
497		190		115759		185
498		200		115984		189
499		190		116217		187
500		183		116447		189
501		188		116682		187
502		172		116918		191
503		165		117154		190
504		174		117387		187
505		178		117628		190
506		174		117857		187
507		179		118090		190
508		174		118325		186
509		176		118566		191
510		174		118801		190
511		175		119032		186
512		165		119265		193
513		162		119502		188
514		168		119735		188
515		169		119969		190
516		173		120205		189
517		178		120441		188
518		171		120673		187
519		168		120908		188
520		161		121143		186
521		157		121377		183
522		154		121600		186
523		152		121834		187
524		154		122065		190
525		154		122299		186
526		154		122540		187
527		154		122775		188
528		163		123002		186
529		167		123240		187
530		172		123473		188
531		159		123704		186
532		153		123936		187
533		153		124161		185
534		144		124394		186
535		145		124634		186
536		148		124864		187
537		138		125097		185
538		135		125330		189
539		141		125559		188
540		137		125789		186
541		144		126022		186
542		143		126254		187
543		139		126487		189
544		146		126730		186
545		146		126968		184
546		151		127204		179
547		145		127435		188
548		145		127655		190
549		145		127890		187
550		146		128123		189
551		161		128351		186
552		153		128585		192
553		155		128826		184
554		155		129050		188
555		152		129282		189
556		152		129515		191
557		156		129753		189
558		154		129986		186
559		156		130221		186
560		141		130451		189
561		141		130687		187
562		142		130916		189
563		146		131147		192
564		143		131382		185
565		147		131617		189
566		146		131852		184
567		147		132087		189
568		153		132316		187
569		148		132544		193
570		164		132775		188
571		166		133010		184
572		176		133246		188
573		180		133479		185
574		179		133718		186
575		166		133946		184
576		167		134181		186
577		166		134411		188
578		173		134645		188
579		172		134869		186
580		184		135101		186
581		183		135336		189
582		184		135566		187
583		183		135797		186
584		194		136031		184
585		206		136266		184
586		208		136503		185
587		204		136734		189
588		207		136968		184
589		203		137206		190
590		191		137436		188
591		197		137660		187
592		199		137895		188
593		195		138129		189
594		207		138363		187
595		208		138599		186
596		211		138837		189
597		202		139077		188
598		211		139313		189
599		206		139545		190
600		191		139789		188
601		190		140021		186
602		181		140256		183
603		189		140486		189
604		185		140724		191
605		188		140958		182
606		194		141187		182
607		183		141418		191
608		196		141647		184
609		200		141872		189
610		197		142111		186
611		203		142340		186
612		213		142577		190
613		207		142810		187
614		203		143039		190
615		194		143279		191
616		193		143517		189
617		190		143749		190
618		187		143988		188
619		187		144220		187
620		180		144457		186
621		183		144697		188
622		186		144934		190
623		191		145168		187
624		195		145403		188
625		198		145635		183
626		205		145860		187
627		218		146100		193
628		209		146338		190
629		195		146566		185
630		193		146808		190
631		187		147039		197
632		190		147279		190
633		188		147515		194
634		188		147749		191
635		204		147985		189
636		196		148223		188
637		203		148453		185
638		204		148680		181
639		204		148911		190
640		202		149143		188
641		204		149384		191
642		189		149615		188
643		185		149854		183
644		172		150092		184
645		171		150319		188
646		175		150557		190
647		175		150791		189
648		182		151027		190
649		178		151263		192
650		173		151496		187
651		173		151729		186
652		179		151967		186
653		183		152199		193
654		173		152439		188
655		176		152680		190
656		181		152917		193
657		182		153145		187
658		183		153380		194
659		185		153611		189
660		183		153845		190
661		184		154071		188
662		189		154298		189
663		192		154535		189
664		185		154769		184
665		178		155005		183
666		181		155240		180
667		185		155475		182
668		192		155708		191
669		195		155942		186
670		211		156175		186
671		216		156412		184
672		227		156649		182
673		215		156884		192
674		211		157121		187
675		205		157356		185
676		207		157588		183
677		213		157829		189
678		203		158061		186
679		199		158294		191
680		210		158533		193
681		206		158774		191
682		203		159009		191
683		200		159241		187
684		199		159474		190
685		200		159710		191
686		204		159943		187
687		196		160181		191
688		200		160420		189
689		209		160658		192
690		212		160891		188
691		207		161130		189
692		211		161364		191
693		200		161599		192
694		210		161833		183
695		211		162065		186
696		220		162309		188
697		214		162548		189
698		205		162782		184
699		203		163015		186
700		194		163253		188
701		190		163485		186
702		197		163718		182
703		194		163956		189
704		202		164188		191
705		205		164422		187
706		221		164658		189
707		209		164897		191
708		208		165131		189
709		217		165365		185
710		216		165607		187
711		211		165843		188
712		203		166077		190
713		211		166315		186
714		230		166551		185
715		230		166784		187
716		225		167019		195
717		220		167258		181
718		220		167489		184
719		217		167726		188
720		223		167961		188
721		221		168195		188
722		211		168424		187
723		210		168666		184
724		202		168901		190
725		209		169137		183
726		197		169377		187
727		204		169617		192
728		217		169858		189
729		209		170095		190
730		222		170333		191
731		223		170565		187
732		221		170800		186
733		228		171025		189
734		218		171258		191
735		220		171487		188
736		231		171722		188
737		234		171963		184
738		237		172197		190
739		249		172429		188
740		250		172670		185
741		225		172904		189
742		215		173139		184
743		206		173370		187
744		219		173604		189
745		219		173840		188
746		222		174072		183
747		221		174305		185
748		219		174532		189
749		219		174762		186
750		221		174996		190
751		215		175232		185
752		210		175461		185
753		209		175693		183
754		218		175928		189
755		216		176159		187
756		220		176388		190
757		226		176621		193
758		222		176856		188
759		226		177093		195
760		227		177332		184
761		218		177570		189
762		215		177803		189
763		211		178037		189
764		197		178272		191
765		202		178506		186
766		196		178739		188
767		199		178973		193
768		198		179211		190
769		201		179444		184
770		207		179679		189
771		203		179912		183
772		205		180140		186
773		193		180374		187
774		199		180612		186
775		188		180843		183
776		187		181077		184
777		180		181314		182
778		181		181546		189
779		180		181778		188
780		176		182013		186
781		172		182251		188
782		171		182481		187
783		173		182714		188
784		170		182946		188
785		162		183180		187
786		157		183412		190
787		164		183643		187
788		162		183874		192
789		160		184109		189
790		161		184342		186
791		161		184580		190
792		159		184817		189
793		158		185059		193
794		168		185299		194
795		158		185528		191
796		158		185755		193
797		161		185986		187
798		162		186219		190
799		163		186452		189
800		161		186688		188
801		160		186920		187
802		156		187153		191
803		163		187391		193
804		158		187625		192
805		163		187859		190
806		156		188095		192
807		158		188327		198
808		158		188557		193
809		156		188785		189
810		154		189023		189
811		153		189262		188
812		146		189485		185
813		159		189721		190
814		160		189955		192
815		155		190191		187
816		158		190418		190
817		163		190651		189
818		166		190885		190
819		168		191115		190
820		169		191355		186
821		170		191591		192
822		165		191825		188
823		155		192061		190
824		165		192296		189
825		170		192534		189
826		164		192769		184
827		167		193008		187
828		159		193243		187
829		160		193468		185
830		167		193699		187
831		162		193935		189
832		164		194165		189
833		164		194397		186
834		168		194635		188
835		167		194871		190
836		168		195101		192
837		170		195331		184
838		169		195570		188
839		161		195802		189
840		152		196034		186
841		152		196264		190
842		151		196491		188
843		155		196726		186
844		152		196955		185
845		156		197196		187
846		151		197423		187
847		150		197658		188
848		155		197892		186
849		164		198124		180
850		159		198362		186
851		150		198592		184
852		150		198828		190
853		145		199064		188
854		147		199295		190
855		147		199531		192
856		152		199764		189
857		151		199998		189
858		152		200227		187
859		145		200462		192
860		146		200688		185
861		141		200919		188
862		146		201151		186
863		143		201387		192
864		141		201614		188
865		145		201856		185
866		146		202092		186
867		147		202329		184
868		143		202565		193
869		140		202797		192
870		143		203034		191
871		143		203272		188
872		144		203508		189
873		148		203737		188
874		153		203970		188
875		156		204200		189
876		166		204430		192
877		163		204666		189
878		170		204902		190
879		161		205137		196
880		155		205370		188
881		164		205603		189
882		158		205834		185
883		162		206070		185
884		176		206302		186
885		167		206542		190
886		172		206782		191
887		170		207015		189
888		173		207254		189
889		165		207490		185
890		159		207724		185
891		163		207959		187
892		169		208197		194
893		172		208429		190
894		163		208670		194
895		152		208906		190
896		159		209146		188
897		164		209383		187
898		173		209619		187
899		172		209853		182
900		176		210092		189
901		167		210321		187
902		168		210557		190
903		171		210794		191
904		166		211034		191
905		172		211269		190
906		153		211501		190
907		158		211734		192
908		157		211969		191
909		161		212205		187
910		160		212442		186
911		159		212675		185
912		157		212906		191
913		160		213139		186
914		152		213376		189
915		158		213614		188
916		146		213850		191
917		140		214086		190
918		139		214321		192
919		131		214558		190
920		135		214796		190
921		134		215029		189
922		132		215262		188
923		130		215499		187
924		124		215735		191
925		127		215967		192
926		133		216201		191
927		132		216426		189
928		137		216663		186
929		143		216905		190
930		144		217145		187
931		149		217375		190
932		147		217609		188
933		142		217844		187
934		145		218073		185
935		149		218314		188
936		145		218552		185
937		151		218786		188
938		157		219023		191
939		153		219264		187
940		150		219494		191
941		154		219730		185
942		148		219968		188
943		159		220202		187
944		167		220441		189
945		174		220673		190
946		185		220911		191
947		166		221147		190
948		151		221376		188
949		161		221609		185
950		173		221845		190
951		175		222077		191
952		157		222314		187
953		160		222552		191
954		167		222784		190
955		160		223016		187
956		158		223251		186
957		157		223483		187
958		151		223719		188
959		152		223957		190
960		146		224192		187
961		152		224426		188
962		150		224663		188
963		142		224897		187
964		133		225136		190
965		122		225370		190
966		119		225604		190
967		120		225844		191
968		123		226077		191
969		126		226308		188
970		122		226540		193
971		126		226776		190
972		124		227006		188
973		126		227242		188
974		118		227485		190
975		108		227724		191
976		110		227966		190
977		112		228204		190
978		117		228436		188
979		130		228672		190
980		124		228911		189
981		124		229150		190
982		122		229389		189
983		128		229626		185
984		135		229866		187
985		130		230107		188
986		132		230339		184
987		127		230579		187
988		131		230818		188
989		139		231057		194
990		135		231292		189
991		126		231525		189
992		129		231758		187
993		132		231994		189
994		128		232227		192
995		129		232467		192
996		127		232698		190
997		127		232933		190
998		128		233170		187
999		132		233412		190
