# Migration is number of nodes that have changed color.

Round		Edge-Cut		Swaps		Migrations		Skipped
0		829		250		188
1		796		497		190
2		813		747		187
3		765		996		190
4		764		1241		191
5		759		1485		180
6		750		1733		196
7		756		1977		188
8		705		2220		188
9		691		2458		183
10		675		2692		191
11		649		2922		186
12		674		3158		182
13		657		3394		192
14		664		3635		194
15		626		3870		187
16		619		4102		191
17		641		4336		186
18		627		4572		186
19		601		4814		191
20		597		5054		195
21		619		5286		189
22		631		5524		179
23		631		5756		187
24		597		5989		187
25		615		6224		179
26		620		6457		180
27		599		6696		185
28		587		6935		184
29		586		7167		189
30		578		7403		197
31		560		7644		190
32		559		7878		187
33		533		8109		192
34		527		8345		201
35		502		8582		185
36		501		8807		201
37		498		9037		193
38		496		9263		183
39		491		9493		186
40		497		9728		192
41		513		9959		176
42		499		10192		193
43		507		10424		194
44		492		10662		193
45		482		10889		183
46		467		11122		182
47		477		11334		179
48		466		11567		189
49		477		11805		188
50		489		12040		193
51		475		12274		189
52		464		12513		182
53		451		12737		191
54		458		12972		190
55		458		13199		184
56		464		13429		188
57		462		13659		188
58		475		13884		186
59		447		14118		194
60		436		14347		189
61		410		14578		188
62		407		14812		185
63		401		15034		189
64		390		15258		191
65		373		15481		193
66		392		15707		189
67		381		15937		187
68		371		16165		190
69		372		16394		192
70		360		16621		190
71		351		16852		189
72		336		17079		189
73		332		17307		181
74		327		17536		181
75		327		17766		185
76		320		17988		183
77		315		18211		183
78		319		18439		191
79		337		18664		187
80		331		18885		187
81		340		19111		186
82		338		19341		194
83		335		19566		186
84		319		19796		183
85		333		20028		190
86		330		20260		184
87		336		20491		191
88		350		20718		202
89		342		20947		193
90		340		21173		191
91		322		21401		193
92		322		21625		191
93		309		21852		189
94		307		22080		185
95		305		22305		187
96		296		22537		188
97		296		22760		186
98		303		22982		188
99		293		23206		191
100		298		23432		192
101		300		23659		184
102		304		23881		188
103		297		24106		186
104		297		24336		192
105		285		24564		188
106		283		24787		187
107		279		25017		187
108		303		25250		189
109		284		25474		190
110		289		25697		188
111		281		25922		187
112		292		26146		192
113		294		26371		191
114		291		26600		190
115		289		26824		190
116		290		27058		185
117		290		27289		188
118		270		27516		188
119		277		27739		190
120		279		27967		185
121		272		28190		187
122		269		28426		186
123		277		28656		191
124		297		28880		190
125		297		29109		187
126		301		29335		185
127		296		29565		190
128		279		29794		189
129		280		30024		183
130		274		30249		195
131		265		30478		197
132		264		30710		194
133		285		30935		191
134		281		31162		196
135		284		31387		190
136		280		31615		188
137		277		31847		187
138		282		32075		183
139		275		32308		184
140		280		32536		189
141		294		32764		188
142		296		32992		187
143		287		33225		194
144		291		33452		189
145		285		33684		181
146		280		33900		189
147		274		34121		190
148		273		34343		192
149		281		34564		186
150		282		34789		187
151		280		35015		192
152		280		35242		186
153		269		35468		190
154		261		35687		189
155		263		35912		193
156		260		36139		190
157		253		36360		185
158		263		36579		187
159		258		36810		185
160		267		37042		191
161		268		37269		184
162		260		37500		182
163		278		37724		183
164		286		37951		193
165		282		38181		186
166		283		38414		187
167		286		38647		186
168		288		38880		183
169		282		39108		185
170		284		39333		186
171		287		39556		193
172		286		39785		185
173		287		40025		191
174		303		40260		193
175		309		40491		189
176		300		40721		194
177		296		40947		187
178		305		41177		183
179		310		41402		186
180		310		41631		190
181		305		41871		184
182		314		42093		184
183		297		42329		181
184		308		42555		181
185		296		42783		182
186		291		43013		180
187		300		43246		188
188		306		43478		188
189		288		43703		191
190		298		43933		193
191		293		44169		198
192		302		44409		182
193		307		44640		184
194		297		44865		184
195		289		45089		184
196		305		45310		186
197		308		45543		182
198		288		45777		185
199		280		46005		188
200		288		46222		182
201		294		46450		183
202		291		46684		193
203		281		46911		185
204		275		47144		188
205		269		47372		185
206		246		47603		191
207		254		47832		189
208		252		48057		188
209		254		48285		184
210		245		48519		186
211		251		48744		189
212		250		48973		184
213		250		49203		187
214		243		49431		182
215		242		49653		192
216		250		49881		191
217		253		50105		184
218		262		50345		187
219		272		50576		188
220		275		50810		187
221		288		51030		184
222		290		51254		186
223		290		51480		185
224		298		51706		186
225		309		51929		188
226		323		52162		193
227		327		52388		194
228		307		52614		194
229		320		52845		183
230		323		53077		182
231		309		53305		182
232		304		53535		186
233		306		53764		188
234		299		53991		187
235		310		54215		190
236		302		54447		192
237		308		54674		193
238		317		54904		191
239		306		55135		191
240		299		55367		191
241		310		55602		192
242		302		55838		184
243		313		56058		186
244		320		56289		179
245		310		56519		187
246		323		56743		190
247		316		56967		192
248		311		57198		196
249		302		57423		188
250		295		57649		192
251		307		57882		181
252		300		58115		190
253		304		58346		190
254		306		58568		189
255		294		58802		191
256		299		59037		189
257		285		59261		191
258		270		59492		190
259		283		59727		188
260		270		59961		179
261		259		60184		185
262		258		60417		188
263		252		60645		189
264		257		60877		176
265		249		61105		191
266		239		61344		187
267		239		61577		185
268		222		61799		185
269		231		62023		187
270		231		62255		184
271		228		62487		181
272		219		62721		188
273		214		62948		187
274		216		63184		188
275		228		63415		186
276		244		63639		183
277		242		63874		185
278		238		64108		186
279		244		64341		184
280		249		64574		188
281		256		64803		190
282		263		65034		192
283		243		65263		187
284		236		65482		187
285		232		65715		189
286		224		65943		183
287		237		66178		189
288		247		66405		192
289		261		66634		192
290		258		66864		184
291		236		67087		188
292		239		67316		188
293		235		67548		190
294		226		67781		193
295		245		68007		188
296		254		68232		190
297		248		68462		186
298		233		68692		183
299		240		68918		185
300		238		69147		192
301		219		69378		191
302		217		69604		185
303		218		69833		189
304		220		70065		188
305		215		70290		185
306		219		70525		185
307		215		70753		192
308		212		70984		194
309		222		71214		190
310		221		71446		189
311		208		71677		186
312		196		71918		185
313		190		72142		190
314		190		72377		188
315		200		72600		189
316		183		72834		188
317		185		73068		189
318		201		73291		186
319		199		73520		185
320		195		73754		186
321		192		73981		186
322		190		74209		184
323		189		74439		188
324		199		74669		187
325		203		74902		191
326		199		75126		194
327		203		75355		195
328		192		75585		191
329		201		75813		187
330		193		76037		188
331		188		76268		185
332		210		76496		181
333		209		76722		189
334		208		76957		190
335		193		77187		189
336		185		77417		189
337		187		77640		188
338		188		77871		189
339		191		78097		186
340		184		78326		190
341		181		78557		191
342		184		78787		189
343		184		79020		191
344		183		79255		190
345		178		79485		186
346		190		79709		189
347		196		79935		185
348		189		80167		187
349		183		80402		184
350		175		80635		194
351		183		80867		190
352		175		81104		189
353		187		81339		186
354		188		81565		185
355		180		81796		191
356		178		82022		186
357		171		82252		189
358		170		82488		190
359		182		82720		190
360		185		82946		184
361		178		83171		187
362		183		83400		184
363		173		83628		183
364		175		83857		189
365		168		84090		190
366		168		84321		187
367		176		84556		188
368		174		84787		187
369		168		85019		191
370		172		85246		191
371		167		85467		187
372		165		85692		189
373		161		85924		192
374		169		86158		189
375		172		86386		183
376		172		86610		186
377		172		86834		190
378		163		87061		187
379		166		87293		185
380		169		87525		189
381		173		87750		187
382		180		87980		186
383		178		88200		187
384		174		88424		185
385		173		88653		184
386		181		88876		184
387		184		89103		184
388		173		89334		189
389		161		89561		192
390		150		89789		191
391		155		90021		189
392		156		90254		189
393		149		90480		189
394		152		90711		191
395		155		90943		186
396		157		91169		185
397		158		91400		183
398		154		91634		186
399		158		91861		187
400		158		92083		190
401		158		92315		189
402		165		92540		187
403		157		92770		189
404		162		92992		186
405		168		93213		191
406		163		93441		190
407		175		93676		188
408		174		93902		189
409		182		94138		193
410		181		94368		191
411		178		94601		188
412		180		94834		189
413		183		95064		191
414		172		95288		187
415		169		95521		184
416		168		95751		184
417		168		95993		184
418		161		96227		188
419		158		96461		187
420		168		96696		185
421		167		96930		191
422		173		97156		190
423		160		97391		193
424		160		97618		188
425		157		97850		187
426		162		98086		191
427		159		98317		188
428		151		98547		188
429		160		98770		190
430		166		98998		191
431		172		99225		188
432		171		99458		188
433		185		99688		185
434		196		99914		194
435		193		100145		190
436		186		100381		187
437		194		100610		187
438		193		100848		187
439		206		101077		189
440		206		101309		193
441		187		101544		187
442		192		101775		188
443		186		102005		189
444		187		102237		191
445		179		102470		190
446		174		102693		188
447		177		102922		189
448		177		103147		186
449		182		103376		185
450		171		103603		191
451		171		103831		188
452		168		104054		192
453		176		104284		192
454		175		104515		189
455		177		104747		185
456		178		104975		188
457		188		105213		190
458		189		105437		189
459		184		105671		187
460		182		105903		188
461		177		106131		188
462		188		106365		183
463		185		106594		187
464		189		106823		191
465		172		107052		188
466		178		107279		189
467		178		107511		193
468		180		107733		189
469		168		107959		186
470		173		108186		189
471		168		108407		188
472		169		108638		189
473		176		108868		194
474		167		109098		192
475		170		109325		191
476		171		109555		186
477		179		109784		186
478		173		110011		185
479		177		110249		187
480		167		110480		193
481		175		110709		188
482		175		110936		191
483		166		111160		187
484		158		111391		185
485		165		111616		186
486		156		111846		189
487		156		112079		190
488		165		112310		187
489		170		112543		185
490		166		112769		191
491		171		113003		188
492		164		113227		194
493		154		113460		188
494		156		113694		189
495		153		113921		189
496		147		114154		187
497		154		114383		190
498		152		114611		188
499		159		114841		187
500		148		115070		188
501		148		115299		188
502		150		115521		192
503		144		115755		188
504		143		115975		189
505		152		116199		191
506		163		116425		187
507		162		116660		188
508		152		116881		192
509		148		117109		188
510		148		117334		186
511		144		117567		189
512		149		117789		186
513		162		118018		189
514		162		118247		190
515		162		118482		189
516		171		118720		192
517		174		118948		192
518		179		119178		185
519		172		119409		188
520		179		119643		192
521		176		119878		188
522		172		120105		187
523		170		120339		184
524		168		120565		184
525		163		120800		189
526		167		121035		189
527		167		121266		190
528		173		121493		190
529		172		121716		187
530		174		121946		193
531		177		122176		188
532		175		122401		185
533		168		122635		189
534		174		122863		188
535		164		123090		193
536		170		123317		190
537		159		123542		191
538		161		123767		192
539		160		123993		192
540		158		124220		191
541		167		124445		191
542		164		124671		187
543		169		124900		191
544		162		125133		190
545		167		125360		189
546		167		125595		189
547		162		125820		192
548		176		126051		191
549		177		126282		186
550		162		126505		189
551		165		126737		191
552		169		126971		190
553		171		127198		190
554		173		127426		189
555		173		127652		186
556		172		127886		192
557		171		128116		190
558		166		128342		184
559		169		128569		186
560		166		128800		187
561		165		129030		190
562		166		129256		185
563		172		129482		191
564		168		129702		187
565		174		129921		187
566		179		130151		185
567		185		130382		188
568		178		130614		192
569		166		130850		191
570		164		131079		190
571		163		131312		191
572		164		131544		190
573		168		131775		189
574		178		132009		185
575		170		132234		185
576		167		132470		187
577		170		132695		189
578		175		132922		189
579		171		133153		190
580		171		133382		184
581		172		133615		190
582		178		133837		192
583		177		134064		188
584		181		134299		189
585		179		134523		189
586		171		134754		187
587		180		134981		190
588		180		135214		194
589		186		135441		191
590		185		135674		191
591		183		135902		188
592		184		136129		188
593		185		136360		190
594		186		136588		189
595		183		136821		192
596		185		137052		190
597		185		137287		193
598		177		137519		188
599		173		137755		189
600		178		137980		191
601		184		138209		188
602		179		138445		190
603		192		138683		191
604		187		138906		193
605		188		139133		193
606		192		139364		192
607		188		139593		187
608		189		139822		191
609		188		140052		195
610		183		140275		194
611		194		140505		191
612		192		140736		185
613		178		140960		187
614		172		141195		185
615		163		141426		190
616		166		141656		190
617		174		141890		187
618		180		142118		188
619		166		142351		191
620		165		142581		189
621		167		142809		189
622		163		143034		191
623		163		143263		190
624		170		143497		188
625		170		143721		188
626		164		143952		189
627		166		144177		189
628		161		144407		191
629		167		144636		187
630		164		144867		190
631		152		145100		191
632		161		145333		190
633		169		145567		187
634		162		145802		190
635		157		146036		187
636		164		146264		186
637		148		146491		189
638		158		146723		187
639		152		146959		187
640		151		147192		189
641		148		147416		187
642		146		147648		189
643		149		147873		188
644		153		148100		189
645		156		148327		189
646		160		148557		187
647		153		148790		189
648		147		149011		190
649		150		149239		189
650		146		149465		192
651		145		149696		189
652		148		149925		188
653		153		150146		190
654		156		150374		192
655		161		150601		188
656		159		150838		194
657		163		151075		189
658		165		151304		189
659		166		151529		191
660		165		151760		189
661		158		151997		189
662		152		152229		191
663		155		152454		188
664		157		152687		190
665		154		152919		192
666		155		153158		194
667		156		153388		192
668		155		153621		191
669		148		153849		190
670		153		154080		189
671		148		154318		191
672		155		154548		193
673		155		154782		193
674		165		155001		189
675		165		155232		187
676		164		155457		189
677		165		155683		190
678		163		155913		194
679		169		156150		186
680		168		156374		189
681		171		156596		184
682		164		156827		187
683		168		157058		189
684		162		157284		191
685		160		157513		189
686		159		157746		192
687		164		157973		187
688		167		158203		188
689		169		158435		189
690		168		158666		190
691		167		158892		187
692		165		159109		190
693		172		159336		193
694		168		159553		191
695		167		159784		190
696		163		160015		187
697		158		160241		188
698		160		160471		193
699		168		160706		189
700		169		160930		191
701		167		161156		190
702		177		161387		193
703		169		161616		188
704		169		161843		187
705		166		162080		189
706		174		162312		189
707		177		162542		187
708		164		162772		187
709		163		162998		188
710		156		163233		190
711		163		163469		189
712		164		163695		190
713		155		163925		191
714		155		164157		191
715		159		164383		188
716		158		164614		191
717		157		164843		192
718		157		165076		187
719		164		165300		189
720		158		165534		188
721		158		165762		188
722		158		165994		189
723		166		166225		190
724		189		166456		186
725		185		166685		189
726		189		166909		188
727		182		167136		183
728		185		167365		186
729		177		167596		191
730		174		167820		188
731		168		168054		187
732		172		168285		187
733		173		168512		186
734		186		168745		190
735		188		168976		188
736		181		169212		188
737		174		169442		191
738		176		169678		190
739		180		169910		190
740		179		170144		190
741		174		170375		191
742		174		170602		190
743		169		170833		189
744		166		171055		194
745		169		171285		187
746		168		171521		187
747		173		171750		184
748		173		171974		188
749		171		172202		189
750		172		172433		193
751		173		172665		187
752		178		172899		186
753		174		173122		188
754		178		173349		195
755		177		173577		189
756		168		173805		190
757		172		174039		191
758		176		174269		192
759		180		174497		189
760		178		174728		189
761		166		174966		187
762		168		175196		189
763		162		175428		191
764		168		175649		190
765		169		175877		190
766		168		176110		191
767		171		176341		192
768		174		176568		195
769		169		176798		190
770		170		177029		194
771		180		177260		192
772		183		177486		188
773		176		177715		189
774		176		177946		185
775		173		178170		189
776		175		178398		187
777		170		178620		189
778		163		178847		189
779		159		179078		187
780		169		179307		189
781		156		179538		189
782		171		179770		189
783		180		179997		189
784		193		180231		188
785		189		180461		187
786		193		180694		187
787		187		180922		187
788		184		181159		184
789		184		181393		187
790		181		181625		187
791		187		181856		185
792		187		182081		190
793		192		182306		192
794		188		182538		184
795		192		182769		189
796		185		182999		188
797		189		183231		187
798		198		183458		186
799		191		183692		186
800		172		183923		188
801		192		184153		189
802		195		184382		186
803		190		184608		185
804		189		184831		186
805		194		185060		190
806		194		185291		191
807		193		185518		189
808		196		185754		184
809		198		185980		189
810		199		186208		188
811		213		186441		190
812		219		186669		186
813		211		186904		187
814		208		187135		186
815		214		187358		189
816		212		187584		194
817		214		187812		187
818		213		188040		184
819		202		188272		192
820		206		188490		186
821		203		188721		183
822		199		188950		189
823		196		189178		189
824		203		189408		189
825		199		189643		188
826		179		189871		187
827		182		190105		184
828		169		190334		183
829		173		190564		190
830		187		190795		181
831		180		191023		180
832		183		191253		182
833		181		191472		188
834		192		191704		184
835		194		191931		189
836		199		192163		185
837		200		192390		183
838		190		192620		187
839		196		192847		187
840		196		193074		191
841		200		193306		188
842		195		193543		187
843		182		193777		187
844		190		194008		185
845		182		194240		186
846		173		194474		188
847		188		194703		189
848		187		194928		187
849		211		195149		188
850		205		195379		187
851		215		195609		184
852		217		195845		186
853		227		196072		187
854		212		196311		187
855		219		196540		188
856		220		196769		186
857		219		197001		185
858		228		197233		192
859		233		197463		186
860		233		197690		183
861		237		197923		185
862		238		198154		184
863		239		198388		181
864		245		198621		186
865		244		198849		187
866		249		199085		189
867		248		199313		184
868		251		199542		185
869		254		199779		192
870		249		200008		185
871		254		200241		189
872		246		200469		187
873		250		200698		185
874		247		200929		186
875		250		201153		188
876		244		201375		191
877		241		201612		185
878		262		201842		185
879		249		202075		188
880		251		202309		186
881		243		202541		183
882		246		202771		186
883		230		203002		189
884		220		203223		187
885		225		203452		187
886		226		203676		188
887		227		203915		194
888		223		204142		191
889		226		204373		185
890		225		204597		191
891		220		204830		189
892		227		205065		185
893		219		205289		187
894		222		205510		191
895		230		205745		188
896		236		205973		186
897		216		206203		185
898		205		206432		186
899		208		206664		189
900		228		206896		182
901		228		207130		193
902		230		207361		192
903		222		207599		187
904		233		207832		187
905		234		208067		184
906		227		208292		184
907		234		208525		187
908		220		208754		188
909		223		208988		183
910		220		209219		188
911		231		209450		188
912		229		209686		191
913		220		209920		185
914		217		210150		191
915		227		210376		193
916		232		210601		183
917		229		210834		187
918		228		211066		183
919		217		211299		184
920		215		211533		190
921		219		211763		190
922		206		211992		193
923		195		212227		194
924		189		212449		190
925		193		212673		188
926		197		212905		190
927		202		213139		186
928		200		213372		188
929		200		213602		187
930		192		213833		193
931		191		214060		188
932		190		214288		187
933		196		214524		186
934		215		214752		190
935		205		214980		196
936		204		215209		188
937		204		215441		182
938		209		215666		183
939		200		215902		191
940		201		216139		195
941		205		216369		194
942		211		216600		191
943		210		216837		192
944		203		217066		193
945		198		217298		191
946		202		217526		190
947		200		217758		192
948		203		217985		190
949		217		218221		189
950		209		218452		187
951		207		218688		188
952		202		218916		192
953		189		219154		187
954		206		219385		191
955		207		219616		185
956		208		219848		184
957		204		220078		185
958		196		220306		185
959		200		220541		187
960		197		220775		191
961		208		221006		190
962		206		221236		188
963		208		221467		189
964		223		221704		192
965		232		221938		188
966		234		222171		189
967		243		222408		193
968		230		222639		187
969		228		222867		185
970		228		223102		187
971		228		223335		189
972		226		223568		184
973		230		223796		184
974		219		224035		188
975		222		224265		187
976		220		224502		189
977		221		224738		186
978		219		224966		187
979		220		225198		185
980		218		225430		189
981		220		225659		191
982		213		225891		187
983		205		226122		186
984		216		226352		192
985		195		226589		186
986		202		226819		182
987		202		227054		187
988		205		227284		190
989		214		227519		190
990		209		227751		187
991		200		227985		185
992		207		228221		183
993		213		228454		187
994		214		228689		186
995		216		228925		186
996		217		229158		187
997		225		229394		178
998		218		229629		186
999		217		229864		186
