# Migration is number of nodes that have changed color.

Round		Edge-Cut		Swaps		Migrations		Skipped
0		4673		2311		1633
1		3957		4484		1687
2		3587		6630		1760
3		3522		8747		1755
4		3439		10855		1796
5		3372		12982		1799
6		3277		15079		1776
7		3208		17153		1793
8		3168		19238		1795
9		3145		21322		1764
10		3106		23410		1770
11		3060		25487		1819
12		3022		27563		1784
13		2982		29655		1790
14		2873		31719		1742
15		2879		33816		1786
16		2904		35884		1806
17		2878		37946		1779
18		2833		40008		1777
19		2801		42074		1781
20		2782		44149		1777
21		2719		46204		1786
22		2686		48251		1779
23		2706		50293		1767
24		2696		52359		1799
25		2688		54420		1794
26		2683		56501		1769
27		2695		58584		1814
28		2650		60641		1811
29		2624		62694		1784
30		2634		64753		1795
31		2620		66814		1814
32		2644		68898		1806
33		2591		70966		1795
34		2589		73037		1796
35		2577		75101		1794
36		2550		77168		1791
37		2572		79253		1801
38		2565		81315		1810
39		2514		83356		1806
40		2526		85393		1825
41		2503		87439		1825
42		2480		89489		1810
43		2455		91537		1788
44		2444		93609		1805
45		2483		95657		1812
46		2442		97712		1812
47		2428		99792		1787
48		2425		101816		1783
49		2433		103848		1799
50		2396		105883		1789
51		2407		107927		1799
52		2418		109988		1803
53		2407		112007		1775
54		2427		114037		1768
55		2425		116105		1791
56		2399		118132		1763
57		2399		120136		1769
58		2376		122186		1789
59		2374		124217		1798
60		2384		126220		1785
61		2381		128258		1802
62		2359		130275		1795
63		2366		132334		1784
64		2344		134380		1801
65		2324		136388		1781
66		2348		138414		1775
67		2335		140443		1769
68		2336		142496		1780
69		2315		144535		1808
70		2315		146563		1797
71		2336		148573		1787
72		2326		150636		1793
73		2324		152678		1797
74		2288		154717		1795
75		2273		156753		1800
76		2268		158776		1816
77		2261		160809		1790
78		2246		162859		1815
79		2233		164898		1805
80		2219		166918		1788
81		2194		168934		1798
82		2212		170966		1777
83		2227		172980		1777
84		2208		175021		1790
85		2217		177066		1784
86		2225		179115		1785
87		2213		181157		1813
88		2187		183194		1800
89		2164		185209		1796
90		2212		187262		1790
91		2182		189302		1810
92		2190		191336		1818
93		2170		193369		1813
94		2168		195384		1793
95		2176		197432		1782
96		2168		199465		1789
97		2173		201489		1782
98		2165		203484		1786
99		2161		205536		1787
100		2159		207567		1806
101		2162		209617		1794
102		2156		211658		1789
103		2167		213677		1783
104		2163		215736		1794
105		2159		217786		1781
106		2139		219818		1776
107		2130		221858		1803
108		2147		223886		1797
109		2131		225888		1787
110		2150		227923		1780
111		2138		229964		1778
112		2141		231989		1793
113		2146		234014		1805
114		2125		236023		1779
115		2136		238077		1799
116		2125		240113		1805
117		2110		242128		1800
118		2113		244143		1809
119		2127		246182		1796
120		2124		248199		1793
121		2119		250224		1774
122		2114		252260		1786
123		2114		254322		1792
124		2099		256358		1783
125		2114		258370		1788
126		2125		260390		1795
127		2130		262444		1784
128		2120		264492		1813
129		2095		266511		1803
130		2101		268537		1818
131		2102		270560		1799
132		2108		272596		1809
133		2109		274638		1803
134		2110		276651		1796
135		2120		278667		1790
136		2111		280676		1793
137		2099		282722		1814
138		2119		284790		1809
139		2088		286821		1807
140		2095		288838		1808
141		2076		290857		1789
142		2083		292899		1782
143		2083		294927		1809
144		2089		296978		1780
145		2092		299026		1794
146		2093		301064		1784
147		2106		303085		1791
148		2112		305107		1784
149		2101		307118		1789
150		2086		309159		1785
151		2091		311184		1805
152		2093		313225		1794
153		2075		315224		1786
154		2099		317268		1781
155		2095		319291		1795
156		2067		321330		1791
157		2091		323373		1802
158		2091		325417		1803
159		2083		327469		1779
160		2086		329516		1786
161		2083		331547		1797
162		2073		333587		1790
163		2073		335641		1811
164		2062		337657		1780
165		2053		339692		1802
166		2073		341714		1811
167		2068		343759		1788
168		2067		345791		1818
169		2056		347840		1781
170		2036		349872		1810
171		2047		351908		1808
172		2026		353937		1789
173		2031		355952		1799
174		2027		357984		1798
175		2033		359998		1805
176		2024		362011		1789
177		2033		364028		1821
178		2028		366057		1804
179		2037		368095		1799
180		2047		370117		1816
181		2045		372144		1806
182		2039		374182		1805
183		2032		376215		1813
184		2037		378230		1807
185		2037		380269		1799
186		2024		382293		1800
187		2043		384342		1817
188		2017		386373		1811
189		2019		388395		1820
190		2021		390420		1799
191		1998		392425		1794
192		1995		394453		1801
193		1983		396456		1790
194		1981		398460		1801
195		1988		400463		1796
196		1983		402493		1808
197		1996		404520		1800
198		1995		406532		1783
199		1999		408570		1799
200		1994		410598		1786
201		2000		412623		1797
202		2004		414655		1793
203		2003		416655		1795
204		2014		418698		1785
205		2018		420707		1799
206		2004		422729		1783
207		2004		424735		1808
208		1997		426780		1796
209		1991		428824		1773
210		1978		430851		1795
211		1988		432875		1777
212		1993		434873		1790
213		1984		436911		1801
214		1981		438960		1799
215		1988		441007		1795
216		1987		443027		1791
217		1989		445046		1816
218		1982		447083		1796
219		1993		449119		1803
220		1988		451122		1795
221		1987		453153		1806
222		2001		455172		1822
223		1998		457205		1801
224		1999		459220		1812
225		2006		461244		1819
226		2011		463264		1806
227		2034		465306		1795
228		2019		467336		1802
229		1989		469359		1797
230		2001		471401		1792
231		1989		473438		1790
232		1987		475450		1795
233		1994		477496		1794
234		1978		479515		1801
235		1960		481559		1781
236		1959		483576		1816
237		1959		485620		1812
238		1971		487653		1805
239		1968		489663		1809
240		1972		491691		1807
241		1970		493733		1805
242		1955		495760		1804
243		1956		497767		1797
244		1970		499817		1799
245		1959		501845		1809
246		1962		503889		1808
247		1956		505893		1813
248		1956		507923		1811
249		1971		509967		1816
250		1970		512006		1799
251		1957		514045		1799
252		1952		516081		1806
253		1967		518131		1819
254		1952		520168		1817
255		1954		522171		1818
256		1945		524201		1812
257		1960		526253		1815
258		1980		528268		1810
259		1981		530268		1828
260		1983		532285		1806
261		1961		534314		1819
262		1968		536320		1803
263		1969		538359		1813
264		1967		540386		1817
265		1952		542452		1805
266		1968		544441		1814
267		1979		546469		1814
268		1954		548515		1816
269		1961		550550		1792
270		1969		552601		1801
271		1969		554644		1811
272		1956		556670		1794
273		1954		558723		1797
274		1926		560757		1803
275		1925		562813		1803
276		1934		564812		1804
277		1954		566830		1807
278		1950		568863		1792
279		1965		570876		1809
280		1962		572909		1800
281		1957		574954		1784
282		1975		576990		1784
283		1960		579002		1804
284		1966		581028		1792
285		1961		583022		1790
286		1964		585066		1792
287		1970		587108		1809
288		1959		589141		1793
289		1956		591167		1805
290		1946		593197		1800
291		1961		595251		1796
292		1950		597277		1802
293		1966		599343		1812
294		1945		601383		1799
295		1938		603412		1806
296		1936		605443		1807
297		1940		607490		1807
298		1952		609545		1812
299		1946		611577		1830
300		1954		613616		1789
301		1947		615648		1786
302		1934		617707		1788
303		1931		619750		1802
304		1933		621778		1794
305		1952		623820		1785
306		1938		625839		1795
307		1941		627874		1792
308		1944		629930		1804
309		1951		631990		1791
310		1966		634057		1799
311		1972		636139		1800
312		1958		638191		1787
313		1963		640237		1789
314		1964		642291		1794
315		1964		644291		1788
316		1973		646329		1788
317		1984		648361		1773
318		1972		650412		1785
319		1975		652473		1783
320		1974		654490		1790
321		1981		656524		1785
322		1967		658587		1780
323		1993		660627		1795
324		1960		662686		1783
325		1982		664691		1799
326		1982		666709		1806
327		1980		668734		1804
328		1991		670761		1798
329		1981		672815		1794
330		1983		674885		1802
331		1993		676929		1791
332		1982		678958		1791
333		1982		681002		1799
334		1970		683041		1792
335		1981		685111		1803
336		1973		687121		1808
337		1980		689170		1794
338		1989		691197		1798
339		1971		693218		1809
340		1973		695219		1801
341		1991		697278		1788
342		1980		699296		1792
343		1983		701360		1802
344		1979		703409		1811
345		1977		705458		1808
346		1982		707485		1797
347		1970		709561		1802
348		1958		711612		1787
349		1973		713641		1794
350		1968		715678		1794
351		1964		717724		1788
352		1961		719760		1796
353		1969		721816		1784
354		1967		723843		1808
355		1977		725879		1792
356		1981		727922		1786
357		1966		729967		1798
358		1981		732018		1769
359		1980		734073		1774
360		1987		736103		1775
361		1999		738135		1768
362		2014		740195		1780
363		1989		742251		1797
364		1982		744297		1782
365		1992		746357		1794
366		1991		748392		1793
367		1985		750425		1778
368		1989		752486		1789
369		1980		754522		1781
370		1970		756554		1787
371		2000		758605		1765
372		2006		760638		1771
373		1995		762676		1804
374		1989		764716		1794
375		1994		766755		1792
376		1991		768770		1794
377		1988		770799		1787
378		1982		772846		1804
379		1963		774856		1798
380		1977		776890		1815
381		1972		778927		1813
382		1982		780948		1811
383		1981		782950		1805
384		1978		784962		1797
385		2003		786962		1811
386		1986		788969		1796
387		1989		791034		1795
388		1984		793062		1800
389		1973		795097		1782
390		1977		797129		1802
391		1978		799160		1787
392		1987		801169		1792
393		1991		803218		1800
394		1998		805244		1792
395		2000		807289		1802
396		2020		809312		1797
397		2012		811355		1816
398		2005		813380		1813
399		2004		815428		1806
400		2009		817451		1791
401		1990		819503		1804
402		1989		821537		1795
403		1997		823602		1807
404		1980		825664		1797
405		1991		827727		1809
406		2001		829744		1813
407		1983		831799		1803
408		2002		833859		1804
409		1987		835899		1818
410		1995		837954		1811
411		1986		840001		1824
412		1973		842057		1811
413		1971		844088		1807
414		1988		846109		1800
415		1960		848149		1815
416		1964		850206		1800
417		1954		852249		1789
418		1950		854288		1801
419		1952		856323		1789
420		1948		858361		1796
421		1968		860386		1799
422		1949		862414		1793
423		1926		864450		1807
424		1940		866487		1796
425		1921		868528		1792
426		1920		870567		1800
427		1926		872600		1811
428		1934		874619		1815
429		1936		876655		1795
430		1945		878698		1788
431		1966		880734		1790
432		1949		882765		1794
433		1965		884798		1798
434		1955		886810		1801
435		1967		888847		1797
436		1974		890873		1822
437		1968		892906		1806
438		1961		894940		1791
439		1954		896961		1800
440		1959		899032		1812
441		1928		901080		1790
442		1941		903132		1794
443		1940		905193		1807
444		1930		907266		1788
445		1966		909303		1783
446		1940		911366		1793
447		1935		913412		1780
448		1925		915449		1782
449		1939		917488		1793
450		1942		919563		1805
451		1934		921615		1789
452		1927		923659		1783
453		1916		925736		1783
454		1914		927811		1784
455		1911		929849		1776
456		1925		931899		1780
457		1931		933954		1780
458		1922		935996		1777
459		1944		938079		1781
460		1940		940136		1785
461		1927		942168		1776
462		1937		944234		1779
463		1940		946294		1782
464		1929		948356		1807
465		1930		950429		1803
466		1910		952475		1799
467		1925		954516		1791
468		1930		956575		1800
469		1910		958622		1806
470		1907		960691		1796
471		1903		962743		1795
472		1900		964776		1799
473		1893		966804		1795
474		1872		968841		1795
475		1885		970897		1790
476		1887		972940		1793
477		1903		975002		1805
478		1887		977072		1788
479		1892		979134		1781
480		1900		981192		1794
481		1895		983238		1786
482		1900		985293		1778
483		1896		987323		1789
484		1891		989358		1778
485		1903		991435		1794
486		1906		993506		1802
487		1903		995563		1783
488		1910		997608		1792
489		1899		999627		1781
490		1895		1001687		1780
491		1883		1003750		1793
492		1887		1005797		1797
493		1891		1007864		1775
494		1893		1009917		1784
495		1886		1011985		1791
496		1899		1014036		1782
497		1886		1016080		1778
498		1914		1018133		1793
499		1905		1020164		1791
500		1909		1022230		1775
501		1960		1024293		1782
502		1999		1026375		1785
503		2036		1028458		1780
504		2055		1030524		1782
505		2107		1032620		1786
506		2169		1034743		1795
507		2192		1036819		1796
508		2199		1038923		1804
509		2245		1041015		1800
510		2241		1043088		1791
511		2291		1045151		1801
512		2276		1047248		1777
513		2284		1049342		1789
514		2264		1051396		1798
515		2276		1053483		1790
516		2269		1055579		1810
517		2319		1057659		1818
518		2311		1059719		1804
519		2313		1061820		1794
520		2316		1063925		1786
521		2304		1066006		1807
522		2322		1068090		1792
523		2318		1070183		1808
524		2353		1072269		1773
525		2325		1074330		1795
526		2337		1076414		1790
527		2366		1078503		1791
528		2367		1080585		1796
529		2339		1082647		1805
530		2350		1084725		1803
531		2375		1086813		1778
532		2351		1088901		1791
533		2337		1090972		1801
534		2309		1093042		1795
535		2289		1095111		1809
536		2290		1097175		1791
537		2305		1099256		1812
538		2303		1101325		1801
539		2308		1103395		1802
540		2276		1105460		1804
541		2263		1107508		1790
542		2287		1109588		1804
543		2280		1111673		1813
544		2309		1113735		1812
545		2288		1115806		1808
546		2258		1117886		1797
547		2256		1119944		1794
548		2243		1121994		1793
549		2221		1124043		1802
550		2222		1126098		1813
551		2222		1128166		1812
552		2205		1130247		1802
553		2217		1132304		1815
554		2194		1134368		1796
555		2171		1136440		1799
556		2173		1138487		1806
557		2195		1140550		1819
558		2192		1142639		1815
559		2166		1144734		1792
560		2165		1146806		1807
561		2152		1148873		1799
562		2154		1150909		1790
563		2147		1152935		1822
564		2121		1155031		1833
565		2102		1157104		1804
566		2100		1159166		1799
567		2113		1161235		1818
568		2088		1163306		1787
569		2109		1165382		1811
570		2089		1167466		1820
571		2095		1169526		1823
572		2087		1171604		1806
573		2102		1173677		1796
574		2085		1175737		1808
575		2076		1177824		1819
576		2072		1179909		1808
577		2063		1181978		1802
578		2051		1184065		1798
579		2074		1186119		1789
580		2069		1188190		1804
581		2085		1190254		1809
582		2092		1192322		1831
583		2060		1194382		1803
584		2061		1196443		1805
585		2077		1198524		1806
586		2056		1200615		1823
587		2046		1202682		1805
588		2072		1204777		1824
589		2063		1206879		1801
590		2091		1208963		1816
591		2065		1211038		1832
592		2078		1213107		1805
593		2071		1215160		1810
594		2078		1217235		1814
595		2067		1219306		1810
596		2054		1221392		1818
597		2060		1223479		1807
598		2068		1225557		1810
599		2052		1227597		1812
600		2056		1229684		1819
601		2017		1231755		1818
602		2040		1233823		1806
603		1996		1235897		1817
604		1998		1237969		1833
605		2004		1240040		1831
606		1990		1242131		1820
607		1999		1244219		1820
608		2013		1246267		1811
609		2004		1248334		1826
610		2006		1250389		1819
611		2004		1252444		1820
612		1994		1254505		1812
613		1988		1256599		1816
614		1966		1258676		1815
615		1982		1260772		1813
616		1969		1262841		1818
617		1979		1264911		1807
618		1968		1266999		1819
619		1990		1269066		1841
620		1970		1271172		1840
621		1970		1273232		1833
622		1968		1275311		1816
623		1979		1277387		1816
624		1989		1279429		1820
625		1998		1281490		1825
626		1991		1283570		1838
627		1973		1285662		1841
628		1972		1287751		1811
629		1956		1289827		1820
630		1951		1291901		1818
631		1961		1293975		1809
632		1965		1296076		1819
633		1962		1298151		1822
634		1966		1300246		1800
635		1967		1302350		1810
636		1961		1304461		1820
637		1953		1306527		1817
638		1950		1308604		1821
639		1951		1310707		1791
640		1953		1312763		1832
641		1944		1314845		1805
642		1944		1316926		1820
643		1936		1319004		1819
644		1929		1321072		1812
645		1944		1323138		1807
646		1921		1325208		1811
647		1919		1327280		1821
648		1927		1329336		1822
649		1922		1331399		1813
650		1910		1333477		1818
651		1921		1335567		1815
652		1914		1337644		1815
653		1922		1339711		1812
654		1930		1341781		1797
655		1923		1343849		1801
656		1906		1345908		1813
657		1900		1347997		1805
658		1893		1350082		1807
659		1879		1352174		1821
660		1874		1354262		1816
661		1858		1356321		1807
662		1888		1358391		1805
663		1876		1360465		1805
664		1877		1362516		1798
665		1867		1364599		1812
666		1845		1366682		1801
667		1863		1368734		1804
668		1865		1370795		1798
669		1879		1372899		1797
670		1876		1374989		1803
671		1866		1377078		1801
672		1863		1379150		1789
673		1852		1381210		1795
674		1860		1383295		1803
675		1881		1385370		1820
676		1895		1387434		1807
677		1892		1389510		1823
678		1879		1391599		1807
679		1883		1393669		1806
680		1906		1395738		1789
681		1905		1397818		1794
682		1901		1399891		1796
683		1898		1401969		1801
684		1886		1404051		1793
685		1907		1406126		1803
686		1883		1408196		1788
687		1881		1410290		1804
688		1886		1412361		1801
689		1893		1414431		1796
690		1878		1416505		1816
691		1898		1418580		1802
692		1870		1420657		1816
693		1857		1422728		1797
694		1874		1424825		1793
695		1866		1426898		1799
696		1863		1428999		1798
697		1876		1431090		1794
698		1863		1433165		1784
699		1870		1435262		1797
700		1860		1437346		1790
701		1869		1439413		1790
702		1870		1441495		1806
703		1866		1443574		1798
704		1873		1445646		1801
705		1874		1447740		1803
706		1867		1449836		1806
707		1867		1451920		1815
708		1865		1453990		1815
709		1866		1456067		1801
710		1874		1458155		1815
711		1888		1460234		1808
712		1865		1462314		1806
713		1867		1464405		1799
714		1852		1466524		1802
715		1840		1468596		1809
716		1846		1470684		1804
717		1841		1472793		1808
718		1840		1474866		1807
719		1832		1476949		1793
720		1831		1479030		1802
721		1836		1481093		1800
722		1826		1483177		1806
723		1835		1485253		1801
724		1844		1487358		1802
725		1850		1489438		1828
726		1857		1491493		1812
727		1848		1493572		1817
728		1845		1495660		1811
729		1840		1497758		1811
730		1844		1499843		1811
731		1855		1501930		1814
732		1876		1504031		1814
733		1857		1506119		1812
734		1867		1508232		1806
735		1859		1510322		1813
736		1844		1512430		1809
737		1860		1514503		1807
738		1866		1516571		1793
739		1850		1518659		1808
740		1856		1520754		1788
741		1866		1522840		1797
742		1875		1524915		1802
743		1875		1527008		1811
744		1862		1529087		1812
745		1861		1531159		1811
746		1867		1533233		1811
747		1870		1535349		1815
748		1872		1537413		1806
749		1869		1539526		1815
750		1865		1541581		1804
751		1874		1543631		1809
752		1871		1545716		1804
753		1883		1547805		1804
754		1865		1549894		1803
755		1864		1551978		1809
756		1849		1554061		1817
757		1814		1556129		1812
758		1831		1558201		1807
759		1829		1560249		1813
760		1836		1562353		1799
761		1829		1564417		1795
762		1839		1566512		1814
763		1833		1568622		1784
764		1833		1570730		1807
765		1834		1572825		1809
766		1825		1574900		1810
767		1821		1576982		1815
768		1816		1579051		1807
769		1825		1581132		1820
770		1814		1583215		1791
771		1795		1585290		1804
772		1784		1587373		1794
773		1791		1589446		1808
774		1779		1591519		1820
775		1791		1593585		1810
776		1788		1595649		1799
777		1792		1597725		1810
778		1790		1599789		1793
779		1789		1601888		1802
780		1777		1603964		1794
781		1781		1606032		1796
782		1786		1608105		1788
783		1794		1610171		1789
784		1789		1612229		1792
785		1781		1614293		1795
786		1785		1616376		1789
787		1789		1618448		1790
788		1786		1620515		1794
789		1796		1622601		1796
790		1792		1624698		1780
791		1797		1626773		1804
792		1797		1628865		1795
793		1787		1630937		1783
794		1784		1633027		1788
795		1794		1635087		1785
796		1805		1637149		1802
797		1807		1639224		1786
798		1798		1641326		1784
799		1804		1643406		1781
800		1802		1645472		1788
801		1819		1647535		1787
802		1834		1649623		1794
803		1812		1651689		1786
804		1809		1653775		1797
805		1810		1655864		1789
806		1813		1657943		1786
807		1826		1660036		1792
808		1812		1662100		1792
809		1824		1664180		1795
810		1812		1666270		1798
811		1821		1668358		1805
812		1822		1670440		1808
813		1811		1672524		1805
814		1813		1674610		1793
815		1811		1676683		1796
816		1820		1678773		1808
817		1813		1680844		1807
818		1808		1682930		1803
819		1803		1685022		1796
820		1807		1687114		1805
821		1808		1689189		1802
822		1790		1691290		1812
823		1791		1693380		1821
824		1814		1695493		1800
825		1820		1697587		1792
826		1804		1699650		1803
827		1817		1701709		1798
828		1816		1703821		1798
829		1826		1705908		1811
830		1821		1707993		1808
831		1828		1710100		1798
832		1835		1712167		1798
833		1840		1714238		1789
834		1836		1716320		1793
835		1841		1718400		1803
836		1834		1720491		1813
837		1842		1722559		1791
838		1833		1724651		1808
839		1834		1726725		1813
840		1829		1728810		1795
841		1829		1730895		1805
842		1844		1732970		1799
843		1840		1735055		1798
844		1826		1737129		1795
845		1827		1739189		1804
846		1837		1741279		1810
847		1827		1743346		1794
848		1818		1745427		1798
849		1803		1747517		1800
850		1806		1749576		1787
851		1825		1751644		1797
852		1822		1753722		1797
853		1821		1755804		1799
854		1821		1757899		1806
855		1834		1759979		1802
856		1836		1762053		1791
857		1812		1764134		1794
858		1815		1766230		1796
859		1830		1768308		1801
860		1831		1770406		1814
861		1818		1772491		1802
862		1815		1774562		1813
863		1825		1776634		1811
864		1814		1778709		1813
865		1813		1780830		1812
866		1830		1782894		1818
867		1828		1784961		1809
868		1818		1787027		1811
869		1809		1789098		1818
870		1824		1791167		1813
871		1819		1793261		1801
872		1820		1795324		1818
873		1811		1797403		1823
874		1843		1799516		1823
875		1827		1801607		1813
876		1835		1803669		1809
877		1823		1805759		1813
878		1825		1807855		1813
879		1834		1809929		1819
880		1816		1811987		1815
881		1813		1814076		1832
882		1819		1816164		1823
883		1825		1818248		1819
884		1837		1820335		1814
885		1836		1822430		1810
886		1834		1824527		1808
887		1833		1826592		1809
888		1834		1828661		1818
889		1829		1830726		1804
890		1845		1832792		1796
891		1853		1834866		1808
892		1823		1836948		1825
893		1827		1839039		1817
894		1832		1841127		1809
895		1825		1843207		1816
896		1832		1845293		1820
897		1823		1847368		1803
898		1822		1849444		1811
899		1831		1851518		1810
900		1834		1853585		1808
901		1823		1855658		1813
902		1812		1857736		1818
903		1811		1859830		1819
904		1838		1861918		1793
905		1832		1864004		1816
906		1834		1866067		1818
907		1847		1868130		1796
908		1839		1870193		1804
909		1844		1872270		1811
910		1858		1874344		1805
911		1850		1876421		1802
912		1839		1878481		1805
913		1843		1880588		1797
914		1851		1882656		1812
915		1852		1884756		1804
916		1843		1886841		1796
917		1836		1888953		1787
918		1833		1891029		1803
919		1829		1893099		1798
920		1842		1895211		1801
921		1844		1897289		1785
922		1840		1899371		1787
923		1850		1901485		1795
924		1838		1903547		1793
925		1828		1905610		1782
926		1820		1907711		1803
927		1833		1909773		1791
928		1808		1911848		1791
929		1816		1913908		1804
930		1818		1916004		1798
931		1819		1918074		1788
932		1829		1920156		1795
933		1817		1922236		1794
934		1825		1924309		1815
935		1828		1926385		1794
936		1835		1928480		1788
937		1834		1930559		1803
938		1826		1932664		1816
939		1828		1934740		1803
940		1848		1936839		1786
941		1851		1938906		1792
942		1845		1940963		1804
943		1858		1943047		1783
944		1848		1945137		1780
945		1840		1947222		1786
946		1853		1949306		1793
947		1852		1951411		1782
948		1835		1953501		1809
949		1823		1955608		1805
950		1827		1957667		1812
951		1822		1959734		1817
952		1809		1961782		1804
953		1827		1963880		1813
954		1824		1965968		1814
955		1812		1968046		1801
956		1823		1970138		1794
957		1836		1972185		1777
958		1842		1974249		1795
959		1848		1976336		1807
960		1843		1978405		1792
961		1850		1980506		1788
962		1844		1982575		1788
963		1854		1984663		1783
964		1839		1986734		1803
965		1834		1988818		1801
966		1828		1990902		1804
967		1835		1992968		1780
968		1824		1995073		1791
969		1833		1997143		1795
970		1831		1999214		1790
971		1831		2001278		1787
972		1811		2003353		1790
973		1810		2005424		1783
974		1819		2007487		1787
975		1812		2009576		1786
976		1816		2011670		1790
977		1818		2013739		1790
978		1816		2015820		1788
979		1832		2017914		1800
980		1821		2019975		1797
981		1831		2022047		1797
982		1826		2024145		1797
983		1831		2026226		1804
984		1825		2028298		1798
985		1808		2030377		1797
986		1825		2032446		1809
987		1810		2034534		1790
988		1800		2036592		1801
989		1810		2038656		1802
990		1815		2040731		1810
991		1825		2042800		1800
992		1828		2044866		1801
993		1808		2046941		1808
994		1822		2049003		1804
995		1827		2051085		1804
996		1829		2053180		1799
997		1825		2055262		1811
998		1818		2057348		1809
999		1824		2059452		1807
