# Migration is number of nodes that have changed color.

Round		Edge-Cut		Swaps		Migrations		Skipped
0		4517		2294		1553
1		3964		4486		1661
2		3610		6641		1758
3		3489		8772		1771
4		3368		10882		1778
5		3291		12963		1750
6		3183		15047		1779
7		3100		17111		1789
8		3080		19139		1789
9		3033		21219		1799
10		3008		23263		1789
11		2947		25313		1790
12		2898		27345		1828
13		2850		29387		1800
14		2797		31427		1774
15		2778		33438		1769
16		2720		35465		1774
17		2674		37490		1787
18		2682		39540		1819
19		2631		41548		1813
20		2570		43555		1782
21		2506		45584		1797
22		2508		47609		1809
23		2502		49613		1803
24		2506		51631		1809
25		2469		53635		1804
26		2435		55673		1803
27		2417		57665		1785
28		2396		59665		1781
29		2372		61674		1795
30		2374		63688		1808
31		2357		65699		1811
32		2348		67696		1798
33		2360		69691		1794
34		2338		71703		1776
35		2342		73709		1772
36		2327		75727		1778
37		2316		77739		1785
38		2298		79766		1781
39		2292		81798		1787
40		2296		83813		1800
41		2290		85816		1801
42		2261		87859		1813
43		2242		89872		1805
44		2228		91883		1787
45		2224		93915		1783
46		2230		95947		1785
47		2211		97947		1792
48		2193		99966		1806
49		2200		101979		1807
50		2205		103989		1792
51		2208		106020		1787
52		2193		108036		1806
53		2187		110056		1803
54		2230		112091		1817
55		2189		114100		1822
56		2179		116130		1805
57		2163		118125		1783
58		2160		120169		1783
59		2130		122189		1788
60		2156		124190		1803
61		2158		126205		1789
62		2141		128214		1806
63		2137		130233		1797
64		2156		132266		1810
65		2150		134274		1797
66		2148		136289		1794
67		2132		138308		1794
68		2122		140323		1802
69		2108		142342		1788
70		2110		144369		1798
71		2099		146398		1799
72		2101		148431		1799
73		2098		150433		1805
74		2076		152435		1803
75		2079		154448		1796
76		2071		156474		1790
77		2085		158462		1783
78		2076		160477		1800
79		2076		162477		1787
80		2074		164500		1789
81		2076		166512		1791
82		2054		168536		1790
83		2052		170547		1788
84		2065		172561		1787
85		2056		174599		1792
86		2036		176618		1792
87		2036		178659		1805
88		2045		180694		1799
89		2061		182707		1789
90		2066		184735		1791
91		2071		186747		1790
92		2065		188778		1797
93		2066		190793		1786
94		2045		192813		1786
95		2038		194862		1778
96		2038		196848		1790
97		2048		198889		1795
98		2035		200899		1782
99		2020		202910		1780
100		2041		204917		1777
101		2034		206945		1787
102		2040		208962		1795
103		2035		211006		1803
104		2024		213029		1783
105		2040		215062		1805
106		2021		217095		1808
107		2012		219130		1801
108		2013		221136		1813
109		2007		223167		1800
110		1984		225178		1793
111		2001		227212		1795
112		1980		229225		1795
113		1980		231256		1805
114		1987		233277		1789
115		1973		235301		1780
116		1974		237328		1788
117		1979		239355		1819
118		1968		241386		1797
119		1968		243415		1795
120		1972		245458		1807
121		1981		247534		1796
122		1964		249572		1786
123		1973		251600		1792
124		1961		253613		1797
125		1978		255667		1786
126		1974		257677		1786
127		1973		259745		1786
128		1974		261779		1791
129		1965		263806		1786
130		1956		265840		1787
131		1955		267873		1787
132		1976		269908		1785
133		1948		271956		1790
134		1944		273964		1776
135		1946		275997		1795
136		1924		278034		1790
137		1936		280075		1803
138		1938		282079		1798
139		1951		284122		1800
140		1969		286129		1804
141		1948		288185		1798
142		1961		290256		1789
143		1935		292273		1774
144		1925		294284		1787
145		1939		296318		1785
146		1925		298346		1774
147		1935		300404		1777
148		1915		302458		1787
149		1934		304503		1790
150		1949		306551		1803
151		1931		308615		1788
152		1924		310678		1776
153		1924		312719		1804
154		1926		314752		1788
155		1930		316805		1798
156		1917		318842		1799
157		1895		320889		1789
158		1899		322932		1778
159		1895		324953		1772
160		1886		327000		1781
161		1885		329021		1798
162		1881		331049		1801
163		1890		333090		1811
164		1877		335120		1801
165		1893		337171		1798
166		1899		339210		1796
167		1910		341252		1803
168		1901		343301		1799
169		1890		345342		1792
170		1918		347389		1806
171		1906		349426		1800
172		1901		351470		1793
173		1904		353511		1796
174		1919		355557		1805
175		1919		357609		1804
176		1916		359647		1804
177		1904		361684		1796
178		1908		363731		1810
179		1909		365758		1812
180		1901		367766		1802
181		1904		369771		1789
182		1902		371812		1799
183		1904		373889		1800
184		1898		375915		1797
185		1895		377966		1801
186		1895		380023		1794
187		1907		382045		1801
188		1903		384082		1797
189		1909		386131		1783
190		1909		388193		1807
191		1903		390209		1802
192		1903		392241		1813
193		1913		394291		1799
194		1915		396338		1798
195		1909		398373		1811
196		1912		400401		1790
197		1921		402422		1799
198		1934		404457		1805
199		1904		406497		1823
200		1917		408545		1810
201		1920		410583		1799
202		1924		412608		1809
203		1922		414646		1795
204		1922		416674		1803
205		1929		418700		1815
206		1913		420742		1803
207		1909		422793		1799
208		1921		424840		1801
209		1904		426878		1804
210		1931		428885		1806
211		1907		430903		1799
212		1906		432950		1811
213		1921		434967		1803
214		1918		437004		1802
215		1911		439070		1802
216		1900		441114		1789
217		1905		443156		1800
218		1909		445200		1815
219		1897		447238		1805
220		1888		449277		1807
221		1888		451326		1804
222		1882		453369		1804
223		1885		455419		1805
224		1899		457460		1800
225		1887		459534		1801
226		1886		461559		1796
227		1900		463637		1811
228		1893		465657		1817
229		1893		467711		1815
230		1910		469762		1804
231		1903		471821		1810
232		1902		473862		1801
233		1892		475928		1809
234		1902		477980		1797
235		1902		480012		1813
236		1920		482073		1792
237		1905		484130		1805
238		1898		486196		1801
239		1914		488224		1806
240		1921		490283		1793
241		1919		492346		1796
242		1927		494408		1787
243		1926		496458		1789
244		1916		498502		1795
245		1913		500578		1791
246		1908		502616		1783
247		1899		504651		1786
248		1920		506711		1793
249		1896		508777		1785
250		1903		510821		1802
251		1921		512854		1774
252		1906		514891		1795
253		1920		516944		1791
254		1930		518992		1780
255		1941		521031		1784
256		1953		523098		1799
257		1936		525144		1795
258		1932		527186		1793
259		1947		529245		1788
260		1936		531314		1780
261		1929		533360		1791
262		1943		535411		1780
263		1932		537455		1798
264		1954		539506		1803
265		1948		541564		1788
266		1934		543633		1805
267		1926		545691		1798
268		1914		547716		1798
269		1905		549755		1818
270		1915		551819		1801
271		1902		553878		1787
272		1902		555916		1790
273		1902		557976		1792
274		1893		560022		1798
275		1898		562066		1804
276		1908		564099		1793
277		1906		566164		1793
278		1893		568202		1800
279		1898		570230		1794
280		1900		572314		1779
281		1888		574380		1805
282		1894		576449		1791
283		1898		578489		1790
284		1916		580542		1787
285		1916		582559		1793
286		1907		584635		1802
287		1916		586680		1800
288		1925		588697		1795
289		1921		590761		1790
290		1933		592815		1791
291		1919		594875		1790
292		1924		596927		1780
293		1929		598948		1791
294		1933		600975		1794
295		1929		603060		1789
296		1922		605126		1790
297		1943		607169		1800
298		1939		609193		1790
299		1935		611233		1815
300		1921		613286		1793
301		1943		615348		1811
302		1951		617424		1802
303		1940		619505		1796
304		1944		621576		1790
305		1936		623666		1795
306		1946		625702		1798
307		1946		627750		1776
308		1967		629805		1790
309		1957		631865		1791
310		1963		633930		1796
311		1959		635972		1796
312		1968		638059		1796
313		1942		640108		1790
314		1941		642144		1783
315		1955		644211		1804
316		1938		646244		1782
317		1939		648293		1795
318		1933		650325		1783
319		1945		652364		1811
320		1972		654448		1780
321		1945		656508		1788
322		1952		658544		1797
323		1965		660568		1793
324		1966		662630		1789
325		1957		664694		1798
326		1950		666762		1788
327		1934		668815		1801
328		1946		670861		1807
329		1931		672907		1780
330		1940		674997		1784
331		1934		677072		1785
332		1923		679123		1794
333		1911		681191		1792
334		1918		683252		1798
335		1920		685281		1807
336		1918		687315		1803
337		1916		689354		1813
338		1925		691401		1793
339		1910		693464		1814
340		1909		695504		1801
341		1913		697546		1800
342		1912		699609		1802
343		1895		701658		1791
344		1910		703704		1797
345		1912		705756		1781
346		1912		707792		1778
347		1896		709829		1787
348		1901		711876		1789
349		1892		713900		1779
350		1898		715953		1780
351		1886		718011		1777
352		1890		720064		1797
353		1887		722103		1777
354		1902		724121		1779
355		1918		726124		1786
356		1910		728186		1786
357		1907		730230		1788
358		1893		732270		1793
359		1906		734312		1789
360		1902		736345		1792
361		1893		738361		1781
362		1896		740398		1773
363		1886		742426		1784
364		1902		744479		1797
365		1898		746535		1778
366		1888		748603		1788
367		1897		750675		1792
368		1884		752711		1784
369		1895		754761		1789
370		1904		756796		1782
371		1905		758845		1793
372		1910		760874		1788
373		1924		762906		1802
374		1921		764940		1797
375		1924		766991		1793
376		1923		769044		1784
377		1928		771142		1802
378		1936		773192		1795
379		1925		775250		1772
380		1929		777319		1785
381		1914		779372		1787
382		1926		781424		1777
383		1927		783485		1786
384		1920		785520		1794
385		1915		787584		1791
386		1909		789637		1783
387		1921		791650		1784
388		1916		793688		1790
389		1909		795724		1796
390		1925		797752		1793
391		1910		799825		1790
392		1908		801884		1773
393		1908		803896		1784
394		1918		805919		1786
395		1915		807973		1789
396		1916		810032		1786
397		1925		812112		1792
398		1899		814150		1788
399		1891		816219		1782
400		1898		818307		1782
401		1892		820382		1776
402		1880		822447		1780
403		1877		824493		1773
404		1867		826537		1769
405		1878		828590		1777
406		1879		830647		1786
407		1879		832728		1770
408		1895		834799		1770
409		1898		836841		1769
410		1902		838899		1795
411		1916		840966		1761
412		1920		843022		1770
413		1916		845089		1763
414		1922		847112		1767
415		1920		849169		1780
416		1897		851214		1769
417		1900		853269		1772
418		1898		855338		1772
419		1892		857430		1781
420		1881		859494		1774
421		1895		861565		1790
422		1901		863653		1800
423		1894		865726		1779
424		1894		867792		1798
425		1909		869851		1790
426		1914		871894		1797
427		1904		873970		1793
428		1895		876032		1785
429		1885		878101		1794
430		1881		880186		1797
431		1886		882286		1781
432		1904		884323		1784
433		1912		886384		1774
434		1884		888458		1796
435		1875		890506		1792
436		1871		892583		1798
437		1852		894661		1791
438		1863		896705		1788
439		1870		898741		1791
440		1872		900800		1800
441		1882		902872		1797
442		1874		904914		1799
443		1871		906983		1805
444		1872		909069		1791
445		1871		911134		1775
446		1870		913211		1799
447		1869		915260		1778
448		1877		917304		1794
449		1873		919368		1784
450		1875		921457		1798
451		1873		923519		1799
452		1869		925568		1784
453		1877		927611		1789
454		1879		929677		1784
455		1885		931744		1796
456		1872		933824		1776
457		1870		935873		1781
458		1876		937938		1799
459		1868		940003		1796
460		1867		942057		1781
461		1875		944098		1779
462		1885		946175		1803
463		1876		948236		1784
464		1856		950296		1775
465		1879		952337		1790
466		1885		954391		1791
467		1866		956458		1768
468		1872		958522		1790
469		1861		960567		1790
470		1847		962616		1779
471		1841		964666		1776
472		1854		966730		1788
473		1838		968774		1782
474		1846		970856		1796
475		1844		972901		1784
476		1858		974950		1782
477		1845		976981		1800
478		1850		979032		1779
479		1861		981113		1787
480		1857		983179		1777
481		1854		985258		1799
482		1849		987330		1805
483		1844		989389		1793
484		1848		991460		1784
485		1852		993523		1786
486		1853		995598		1786
487		1861		997681		1806
488		1855		999769		1787
489		1858		1001849		1789
490		1872		1003912		1809
491		1880		1005969		1816
492		1871		1008015		1791
493		1891		1010104		1786
494		1891		1012166		1792
495		1882		1014254		1786
496		1870		1016314		1790
497		1868		1018360		1780
498		1866		1020406		1786
499		1869		1022465		1800
500		1859		1024536		1803
501		1910		1026578		1812
502		1935		1028644		1819
503		1957		1030711		1791
504		1986		1032786		1795
505		2002		1034891		1779
506		2021		1036983		1775
507		2037		1039093		1789
508		2031		1041173		1791
509		2043		1043227		1785
510		2041		1045307		1786
511		2051		1047391		1791
512		2059		1049442		1796
513		2072		1051515		1790
514		2082		1053614		1804
515		2092		1055675		1796
516		2070		1057739		1818
517		2045		1059796		1796
518		2062		1061854		1805
519		2054		1063924		1805
520		2026		1065957		1794
521		2037		1068033		1801
522		2035		1070083		1803
523		2022		1072160		1807
524		2030		1074216		1797
525		2027		1076283		1803
526		1996		1078327		1806
527		2021		1080366		1807
528		2014		1082428		1804
529		2008		1084501		1798
530		1998		1086550		1798
531		2005		1088594		1800
532		1998		1090647		1804
533		1989		1092703		1811
534		1989		1094746		1795
535		2000		1096788		1817
536		1990		1098817		1794
537		1969		1100841		1796
538		1979		1102895		1799
539		1972		1104961		1792
540		1934		1106997		1789
541		1939		1109014		1808
542		1936		1111036		1807
543		1937		1113098		1805
544		1935		1115124		1810
545		1927		1117171		1800
546		1939		1119229		1813
547		1929		1121273		1802
548		1914		1123325		1813
549		1924		1125382		1800
550		1912		1127434		1798
551		1922		1129479		1814
552		1910		1131536		1800
553		1922		1133569		1819
554		1907		1135641		1818
555		1917		1137699		1827
556		1909		1139769		1802
557		1906		1141819		1813
558		1895		1143854		1815
559		1890		1145902		1815
560		1892		1147940		1810
561		1874		1149967		1805
562		1885		1152029		1803
563		1888		1154100		1815
564		1874		1156108		1815
565		1877		1158173		1814
566		1893		1160209		1813
567		1879		1162281		1804
568		1881		1164331		1815
569		1879		1166387		1815
570		1882		1168427		1804
571		1880		1170444		1796
572		1889		1172498		1809
573		1892		1174540		1808
574		1884		1176632		1803
575		1880		1178687		1805
576		1875		1180690		1794
577		1866		1182723		1804
578		1873		1184782		1812
579		1874		1186836		1795
580		1873		1188873		1801
581		1880		1190911		1798
582		1871		1192964		1802
583		1878		1194988		1818
584		1850		1197046		1813
585		1865		1199105		1800
586		1866		1201141		1802
587		1855		1203214		1808
588		1858		1205279		1807
589		1865		1207341		1807
590		1871		1209397		1807
591		1874		1211456		1809
592		1874		1213502		1799
593		1872		1215556		1792
594		1865		1217609		1794
595		1850		1219635		1781
596		1865		1221687		1781
597		1855		1223752		1778
598		1850		1225781		1786
599		1843		1227848		1787
600		1873		1229904		1786
601		1859		1231963		1804
602		1855		1233997		1785
603		1851		1236089		1807
604		1856		1238130		1788
605		1851		1240174		1801
606		1860		1242219		1804
607		1861		1244262		1797
608		1876		1246301		1786
609		1860		1248346		1797
610		1863		1250386		1803
611		1868		1252427		1805
612		1861		1254460		1795
613		1877		1256494		1809
614		1879		1258549		1809
615		1855		1260608		1802
616		1871		1262636		1805
617		1877		1264655		1801
618		1869		1266719		1811
619		1857		1268753		1810
620		1871		1270791		1808
621		1870		1272828		1803
622		1882		1274865		1806
623		1878		1276914		1809
624		1892		1278977		1810
625		1885		1281020		1802
626		1857		1283073		1797
627		1875		1285102		1786
628		1851		1287130		1790
629		1870		1289195		1811
630		1864		1291261		1807
631		1875		1293300		1797
632		1880		1295349		1811
633		1877		1297403		1800
634		1889		1299430		1802
635		1890		1301475		1816
636		1880		1303528		1802
637		1879		1305598		1804
638		1870		1307637		1804
639		1882		1309690		1804
640		1867		1311715		1803
641		1885		1313765		1813
642		1887		1315793		1819
643		1878		1317847		1818
644		1875		1319925		1813
645		1888		1321983		1804
646		1870		1324027		1808
647		1880		1326065		1803
648		1888		1328104		1822
649		1896		1330173		1796
650		1896		1332222		1810
651		1896		1334284		1803
652		1891		1336341		1801
653		1885		1338379		1810
654		1880		1340449		1810
655		1894		1342532		1800
656		1892		1344589		1805
657		1889		1346630		1805
658		1887		1348723		1803
659		1891		1350760		1809
660		1901		1352829		1801
661		1910		1354896		1793
662		1926		1356950		1806
663		1907		1359006		1802
664		1907		1361048		1815
665		1889		1363102		1805
666		1891		1365154		1802
667		1879		1367192		1809
668		1896		1369234		1796
669		1894		1371266		1791
670		1882		1373331		1798
671		1886		1375408		1787
672		1910		1377480		1804
673		1898		1379549		1797
674		1902		1381612		1803
675		1892		1383646		1809
676		1888		1385727		1803
677		1891		1387786		1791
678		1887		1389843		1803
679		1909		1391883		1814
680		1902		1393944		1795
681		1907		1395984		1805
682		1888		1398035		1812
683		1881		1400079		1812
684		1902		1402124		1803
685		1890		1404196		1824
686		1892		1406249		1818
687		1891		1408307		1815
688		1886		1410369		1815
689		1881		1412423		1809
690		1895		1414485		1799
691		1890		1416559		1819
692		1892		1418610		1797
693		1904		1420685		1805
694		1905		1422747		1817
695		1911		1424801		1812
696		1906		1426847		1815
697		1894		1428917		1814
698		1907		1430965		1792
699		1913		1433007		1805
700		1903		1435088		1813
701		1895		1437140		1804
702		1904		1439191		1806
703		1907		1441244		1800
704		1900		1443320		1806
705		1898		1445374		1799
706		1892		1447411		1802
707		1895		1449470		1800
708		1927		1451529		1814
709		1911		1453611		1807
710		1919		1455672		1801
711		1908		1457699		1808
712		1918		1459770		1815
713		1904		1461830		1801
714		1890		1463879		1790
715		1899		1465955		1809
716		1892		1468005		1789
717		1884		1470055		1797
718		1895		1472131		1802
719		1889		1474196		1814
720		1879		1476254		1802
721		1882		1478307		1802
722		1889		1480377		1815
723		1892		1482431		1805
724		1902		1484485		1799
725		1903		1486550		1816
726		1876		1488592		1808
727		1887		1490635		1799
728		1886		1492681		1797
729		1885		1494766		1793
730		1898		1496828		1789
731		1896		1498900		1798
732		1902		1500965		1800
733		1891		1503020		1788
734		1897		1505089		1788
735		1892		1507137		1802
736		1880		1509172		1791
737		1877		1511221		1802
738		1901		1513276		1797
739		1904		1515349		1791
740		1888		1517410		1798
741		1883		1519468		1785
742		1882		1521524		1785
743		1897		1523603		1789
744		1898		1525663		1801
745		1904		1527728		1803
746		1916		1529772		1798
747		1893		1531866		1814
748		1910		1533931		1806
749		1901		1535984		1809
750		1903		1538060		1808
751		1897		1540148		1802
752		1902		1542199		1814
753		1901		1544251		1798
754		1865		1546321		1813
755		1868		1548378		1808
756		1889		1550448		1804
757		1889		1552517		1814
758		1871		1554574		1802
759		1884		1556619		1805
760		1874		1558678		1813
761		1865		1560737		1814
762		1865		1562810		1803
763		1870		1564871		1800
764		1871		1566928		1813
765		1864		1569019		1821
766		1861		1571079		1812
767		1859		1573147		1803
768		1866		1575238		1812
769		1863		1577306		1797
770		1858		1579353		1815
771		1874		1581389		1820
772		1861		1583469		1822
773		1876		1585523		1812
774		1886		1587591		1818
775		1893		1589681		1799
776		1889		1591738		1830
777		1882		1593805		1802
778		1884		1595876		1808
779		1885		1597958		1806
780		1894		1600009		1807
781		1892		1602050		1801
782		1896		1604130		1806
783		1895		1606180		1781
784		1899		1608234		1805
785		1892		1610274		1802
786		1880		1612328		1802
787		1893		1614402		1814
788		1881		1616476		1805
789		1872		1618510		1811
790		1879		1620569		1803
791		1868		1622635		1812
792		1858		1624670		1818
793		1860		1626707		1798
794		1847		1628742		1806
795		1861		1630789		1816
796		1857		1632866		1803
797		1865		1634922		1804
798		1857		1636958		1800
799		1863		1639048		1807
800		1856		1641118		1790
801		1873		1643181		1796
802		1870		1645223		1795
803		1861		1647265		1793
804		1849		1649323		1805
805		1860		1651406		1795
806		1865		1653476		1795
807		1864		1655546		1790
808		1875		1657598		1798
809		1874		1659659		1799
810		1852		1661725		1800
811		1869		1663748		1801
812		1863		1665810		1797
813		1860		1667841		1793
814		1857		1669928		1784
815		1860		1671981		1801
816		1849		1674025		1795
817		1855		1676078		1795
818		1856		1678129		1796
819		1861		1680200		1780
820		1848		1682266		1776
821		1875		1684322		1787
822		1868		1686371		1796
823		1863		1688445		1793
824		1865		1690479		1791
825		1868		1692530		1799
826		1878		1694596		1793
827		1868		1696654		1796
828		1858		1698721		1800
829		1861		1700770		1794
830		1858		1702850		1796
831		1850		1704921		1792
832		1865		1706981		1794
833		1870		1709048		1795
834		1862		1711117		1780
835		1862		1713171		1803
836		1849		1715242		1795
837		1863		1717298		1793
838		1861		1719356		1789
839		1857		1721426		1770
840		1854		1723495		1772
841		1831		1725531		1793
842		1833		1727599		1791
843		1843		1729662		1795
844		1840		1731726		1801
845		1856		1733812		1800
846		1870		1735883		1793
847		1868		1737940		1798
848		1858		1740001		1790
849		1854		1742021		1797
850		1852		1744084		1796
851		1849		1746138		1777
852		1861		1748192		1792
853		1836		1750261		1785
854		1848		1752326		1770
855		1838		1754409		1785
856		1851		1756471		1797
857		1870		1758537		1780
858		1850		1760604		1803
859		1861		1762675		1800
860		1862		1764727		1797
861		1850		1766807		1803
862		1861		1768876		1810
863		1854		1770914		1802
864		1846		1772970		1795
865		1848		1775051		1800
866		1847		1777137		1786
867		1847		1779211		1803
868		1835		1781285		1799
869		1838		1783340		1797
870		1825		1785394		1805
871		1824		1787461		1792
872		1834		1789523		1792
873		1839		1791561		1794
874		1826		1793627		1809
875		1804		1795681		1798
876		1832		1797700		1809
877		1823		1799760		1807
878		1836		1801836		1805
879		1832		1803915		1809
880		1820		1805978		1818
881		1823		1808040		1800
882		1828		1810096		1825
883		1830		1812136		1816
884		1837		1814226		1807
885		1834		1816287		1801
886		1848		1818363		1803
887		1838		1820435		1797
888		1834		1822477		1810
889		1836		1824537		1794
890		1837		1826577		1812
891		1841		1828638		1799
892		1831		1830710		1799
893		1823		1832766		1813
894		1830		1834825		1808
895		1841		1836898		1803
896		1842		1838966		1788
897		1845		1841023		1803
898		1845		1843079		1810
899		1851		1845133		1800
900		1844		1847196		1793
901		1829		1849228		1806
902		1826		1851292		1812
903		1845		1853323		1807
904		1857		1855395		1799
905		1843		1857442		1799
906		1847		1859484		1800
907		1847		1861563		1794
908		1849		1863618		1793
909		1840		1865688		1803
910		1838		1867742		1822
911		1825		1869831		1812
912		1829		1871882		1813
913		1830		1873942		1812
914		1826		1875999		1817
915		1843		1878034		1806
916		1838		1880055		1801
917		1838		1882090		1806
918		1828		1884154		1802
919		1842		1886205		1815
920		1815		1888271		1802
921		1836		1890337		1813
922		1823		1892404		1803
923		1832		1894439		1794
924		1830		1896491		1797
925		1848		1898561		1802
926		1832		1900618		1800
927		1833		1902664		1798
928		1824		1904691		1797
929		1816		1906746		1799
930		1805		1908803		1807
931		1810		1910851		1788
932		1814		1912926		1786
933		1819		1914971		1792
934		1811		1917034		1790
935		1823		1919064		1779
936		1831		1921116		1798
937		1827		1923181		1803
938		1824		1925223		1785
939		1815		1927284		1791
940		1814		1929345		1789
941		1831		1931373		1799
942		1816		1933410		1787
943		1823		1935455		1811
944		1821		1937513		1796
945		1818		1939593		1798
946		1807		1941662		1786
947		1811		1943717		1815
948		1816		1945768		1788
949		1822		1947826		1790
950		1821		1949879		1804
951		1829		1951937		1797
952		1830		1953987		1800
953		1827		1956051		1809
954		1840		1958115		1798
955		1824		1960196		1803
956		1810		1962254		1803
957		1810		1964310		1794
958		1825		1966350		1804
959		1814		1968407		1796
960		1812		1970492		1806
961		1818		1972570		1790
962		1806		1974639		1786
963		1800		1976712		1795
964		1806		1978801		1784
965		1815		1980839		1773
966		1810		1982906		1793
967		1826		1984994		1786
968		1822		1987032		1800
969		1823		1989113		1787
970		1816		1991162		1799
971		1808		1993198		1789
972		1801		1995259		1795
973		1800		1997322		1785
974		1803		1999390		1799
975		1816		2001458		1796
976		1803		2003507		1789
977		1803		2005571		1797
978		1794		2007632		1790
979		1807		2009677		1803
980		1793		2011747		1798
981		1797		2013801		1792
982		1810		2015876		1787
983		1817		2017940		1805
984		1805		2019978		1797
985		1825		2022029		1795
986		1809		2024103		1792
987		1803		2026163		1785
988		1818		2028208		1789
989		1820		2030263		1785
990		1834		2032312		1791
991		1826		2034364		1802
992		1824		2036452		1794
993		1838		2038500		1790
994		1831		2040584		1810
995		1830		2042648		1796
996		1830		2044702		1796
997		1821		2046740		1793
998		1821		2048802		1783
999		1815		2050872		1795
