# Migration is number of nodes that have changed color.

Round		Edge-Cut		Swaps		Migrations		Skipped
0		4495		2308		1626
1		3880		4499		1692
2		3536		6595		1750
3		3478		8697		1764
4		3316		10800		1769
5		3229		12861		1779
6		3198		14966		1773
7		3116		17052		1775
8		3065		19137		1763
9		2997		21207		1764
10		2963		23247		1795
11		2934		25277		1791
12		2910		27344		1770
13		2905		29379		1797
14		2864		31427		1808
15		2809		33473		1805
16		2786		35513		1795
17		2797		37556		1802
18		2791		39607		1819
19		2774		41622		1818
20		2769		43633		1787
21		2742		45673		1788
22		2698		47718		1796
23		2677		49722		1794
24		2641		51739		1794
25		2597		53745		1783
26		2575		55754		1787
27		2547		57732		1792
28		2538		59724		1786
29		2539		61742		1798
30		2521		63742		1779
31		2508		65726		1785
32		2483		67711		1784
33		2467		69711		1779
34		2469		71689		1791
35		2431		73675		1786
36		2421		75675		1785
37		2377		77699		1791
38		2373		79653		1802
39		2401		81607		1783
40		2418		83556		1794
41		2390		85538		1779
42		2394		87518		1779
43		2407		89474		1798
44		2366		91455		1786
45		2363		93439		1790
46		2348		95433		1796
47		2350		97418		1779
48		2320		99414		1772
49		2315		101382		1788
50		2287		103367		1798
51		2295		105362		1768
52		2282		107364		1814
53		2267		109356		1784
54		2261		111376		1783
55		2275		113403		1782
56		2269		115417		1781
57		2268		117413		1781
58		2251		119444		1788
59		2247		121477		1789
60		2238		123491		1772
61		2231		125501		1777
62		2236		127485		1778
63		2222		129509		1790
64		2203		131539		1781
65		2193		133549		1793
66		2218		135577		1803
67		2208		137555		1815
68		2179		139553		1812
69		2184		141527		1787
70		2200		143509		1793
71		2204		145492		1789
72		2205		147497		1774
73		2202		149512		1799
74		2228		151581		1797
75		2162		153604		1773
76		2180		155601		1783
77		2187		157634		1779
78		2200		159678		1769
79		2199		161646		1786
80		2195		163670		1789
81		2208		165665		1776
82		2203		167687		1777
83		2212		169717		1783
84		2227		171737		1822
85		2218		173767		1789
86		2230		175796		1788
87		2194		177810		1772
88		2166		179836		1794
89		2179		181843		1774
90		2164		183864		1777
91		2170		185878		1773
92		2165		187909		1779
93		2163		189947		1764
94		2177		191983		1802
95		2140		194023		1786
96		2156		196042		1792
97		2152		198098		1792
98		2146		200124		1779
99		2159		202169		1754
100		2140		204205		1798
101		2136		206223		1773
102		2113		208249		1777
103		2115		210278		1778
104		2101		212328		1786
105		2090		214342		1769
106		2086		216360		1776
107		2083		218375		1779
108		2065		220375		1766
109		2048		222428		1790
110		2055		224465		1797
111		2072		226487		1793
112		2056		228483		1790
113		2074		230492		1793
114		2046		232548		1789
115		2068		234569		1776
116		2031		236564		1786
117		2009		238574		1791
118		2029		240581		1801
119		2028		242571		1797
120		2022		244608		1775
121		2034		246635		1797
122		2031		248641		1796
123		2026		250656		1803
124		2017		252644		1774
125		2033		254669		1786
126		2011		256673		1778
127		2000		258668		1752
128		2006		260678		1755
129		2012		262694		1766
130		2004		264716		1768
131		2009		266726		1771
132		2011		268742		1769
133		2017		270769		1777
134		2009		272778		1773
135		2019		274814		1776
136		2006		276813		1778
137		1980		278824		1767
138		1984		280820		1767
139		1992		282815		1771
140		1996		284841		1784
141		1982		286887		1781
142		1999		288897		1774
143		1989		290911		1769
144		1990		292903		1768
145		1992		294936		1786
146		1996		296954		1781
147		1985		298964		1779
148		1980		301011		1777
149		1985		303023		1777
150		1998		305088		1781
151		1987		307110		1777
152		1988		309121		1798
153		1988		311140		1772
154		1989		313154		1782
155		1986		315152		1781
156		1995		317151		1768
157		1983		319153		1785
158		1991		321155		1782
159		1992		323178		1788
160		1981		325181		1791
161		2005		327191		1791
162		1984		329215		1778
163		1992		331227		1779
164		1982		333210		1780
165		1993		335201		1784
166		2007		337194		1799
167		2019		339219		1776
168		1989		341223		1783
169		2007		343241		1784
170		2011		345267		1770
171		2001		347310		1791
172		2010		349344		1791
173		2016		351384		1785
174		2001		353398		1792
175		1998		355424		1786
176		2002		357438		1777
177		1997		359462		1796
178		2010		361491		1804
179		1983		363507		1805
180		1997		365519		1809
181		1990		367529		1806
182		1989		369541		1781
183		1995		371527		1794
184		2010		373528		1789
185		2010		375542		1792
186		2011		377554		1788
187		2004		379604		1793
188		2026		381619		1790
189		2003		383644		1798
190		2006		385661		1784
191		1997		387672		1799
192		1994		389679		1793
193		1985		391705		1784
194		2009		393722		1799
195		2020		395752		1798
196		2029		397779		1808
197		2034		399788		1794
198		2021		401837		1798
199		2049		403866		1792
200		2051		405884		1790
201		2043		407929		1786
202		2033		409936		1789
203		2050		411974		1798
204		2044		414002		1788
205		2041		416047		1796
206		2045		418048		1782
207		2052		420059		1789
208		2025		422058		1783
209		2025		424068		1797
210		2014		426093		1785
211		2030		428093		1775
212		2029		430139		1773
213		2010		432160		1793
214		2020		434183		1788
215		2034		436225		1763
216		2044		438277		1774
217		2023		440309		1788
218		2047		442325		1773
219		2043		444365		1770
220		2041		446385		1761
221		2047		448412		1754
222		2019		450439		1755
223		2040		452456		1769
224		2013		454488		1781
225		2008		456513		1770
226		2013		458546		1769
227		2033		460558		1765
228		2015		462604		1763
229		2031		464649		1746
230		2032		466679		1760
231		2036		468717		1766
232		2021		470712		1749
233		2020		472747		1751
234		2025		474747		1767
235		2011		476749		1760
236		2024		478769		1777
237		2008		480794		1785
238		2008		482799		1781
239		1995		484809		1762
240		1987		486821		1790
241		1993		488803		1767
242		1981		490835		1767
243		1993		492868		1765
244		2003		494865		1760
245		1992		496885		1760
246		1975		498913		1772
247		1960		500907		1763
248		1977		502933		1774
249		1977		504964		1767
250		1968		507013		1770
251		1965		509015		1775
252		1970		511059		1782
253		1971		513101		1772
254		1967		515142		1783
255		1965		517167		1784
256		1951		519220		1781
257		1961		521282		1799
258		1971		523302		1781
259		1985		525334		1803
260		1966		527346		1764
261		1978		529393		1781
262		1956		531422		1758
263		1952		533428		1772
264		1970		535468		1779
265		1967		537491		1769
266		1966		539493		1766
267		1992		541532		1774
268		1993		543572		1774
269		1989		545600		1769
270		1989		547624		1768
271		1985		549645		1769
272		2004		551695		1781
273		2005		553709		1784
274		2004		555696		1788
275		1998		557715		1785
276		2003		559742		1790
277		2001		561767		1796
278		1960		563792		1803
279		1959		565821		1786
280		1960		567866		1791
281		1972		569879		1784
282		1971		571863		1791
283		1984		573906		1779
284		1987		575934		1785
285		1989		577996		1780
286		1994		580039		1787
287		1994		582063		1797
288		1984		584120		1785
289		1988		586135		1786
290		1973		588160		1787
291		1970		590163		1788
292		1966		592190		1783
293		1958		594207		1792
294		1956		596236		1791
295		1976		598287		1793
296		1963		600325		1787
297		1977		602354		1780
298		1974		604397		1794
299		1975		606426		1786
300		1963		608452		1787
301		1976		610476		1789
302		1964		612512		1795
303		1957		614495		1780
304		1947		616523		1791
305		1944		618523		1770
306		1927		620574		1778
307		1957		622609		1782
308		1945		624648		1794
309		1947		626651		1792
310		1941		628696		1790
311		1949		630710		1788
312		1949		632736		1794
313		1964		634778		1791
314		1963		636822		1794
315		1969		638860		1784
316		1971		640877		1778
317		1982		642923		1779
318		1988		644962		1790
319		1968		646993		1795
320		1975		649029		1785
321		1968		651063		1781
322		1959		653072		1790
323		1964		655090		1786
324		1962		657145		1776
325		1971		659184		1782
326		1987		661216		1796
327		1974		663243		1771
328		1973		665270		1785
329		1986		667301		1783
330		1975		669349		1771
331		1986		671371		1764
332		1973		673415		1783
333		1961		675438		1794
334		1966		677479		1794
335		1971		679509		1791
336		1963		681550		1796
337		1956		683580		1787
338		1951		685613		1802
339		1940		687628		1803
340		1935		689665		1805
341		1946		691693		1806
342		1959		693734		1805
343		1961		695774		1819
344		1955		697784		1811
345		1947		699826		1813
346		1947		701872		1809
347		1945		703886		1799
348		1959		705950		1793
349		1956		707974		1801
350		1942		709997		1785
351		1941		712015		1790
352		1942		714029		1791
353		1950		716071		1791
354		1937		718088		1791
355		1946		720122		1777
356		1940		722149		1781
357		1957		724159		1795
358		1955		726181		1795
359		1955		728216		1796
360		1956		730257		1787
361		1934		732272		1784
362		1952		734299		1783
363		1926		736312		1802
364		1929		738328		1808
365		1947		740360		1796
366		1945		742410		1800
367		1953		744446		1795
368		1939		746491		1786
369		1946		748532		1778
370		1943		750580		1779
371		1943		752603		1795
372		1960		754631		1770
373		1953		756654		1795
374		1969		758676		1788
375		1962		760711		1787
376		1966		762757		1784
377		1970		764807		1787
378		1938		766837		1804
379		1929		768863		1789
380		1933		770881		1787
381		1930		772926		1783
382		1923		774988		1802
383		1917		777005		1796
384		1932		779019		1792
385		1929		781043		1796
386		1923		783062		1793
387		1927		785067		1778
388		1912		787066		1791
389		1941		789113		1798
390		1925		791147		1800
391		1928		793185		1787
392		1921		795216		1788
393		1933		797254		1786
394		1918		799266		1791
395		1929		801284		1793
396		1944		803343		1802
397		1943		805380		1795
398		1922		807419		1794
399		1939		809450		1789
400		1935		811490		1802
401		1953		813510		1796
402		1931		815572		1776
403		1926		817611		1802
404		1923		819650		1797
405		1938		821673		1781
406		1959		823713		1769
407		1954		825726		1793
408		1948		827777		1806
409		1963		829838		1796
410		1952		831877		1795
411		1960		833895		1773
412		1960		835947		1794
413		1951		837992		1785
414		1934		840022		1784
415		1942		842067		1798
416		1936		844091		1786
417		1929		846146		1796
418		1938		848181		1784
419		1930		850209		1787
420		1931		852226		1783
421		1936		854255		1772
422		1937		856283		1759
423		1918		858326		1783
424		1910		860360		1781
425		1924		862376		1783
426		1931		864419		1785
427		1924		866460		1769
428		1934		868476		1789
429		1939		870519		1791
430		1935		872538		1782
431		1924		874579		1774
432		1927		876580		1778
433		1925		878623		1762
434		1933		880660		1780
435		1929		882661		1783
436		1912		884715		1781
437		1905		886753		1777
438		1896		888783		1776
439		1899		890824		1770
440		1893		892841		1764
441		1911		894902		1790
442		1914		896916		1783
443		1914		898947		1776
444		1919		900958		1773
445		1892		903016		1785
446		1908		905050		1776
447		1915		907080		1784
448		1923		909102		1772
449		1929		911139		1780
450		1921		913172		1787
451		1915		915201		1773
452		1931		917249		1776
453		1939		919296		1786
454		1919		921327		1768
455		1915		923388		1779
456		1913		925392		1769
457		1900		927446		1784
458		1918		929474		1782
459		1898		931498		1776
460		1911		933554		1777
461		1909		935609		1792
462		1927		937636		1796
463		1915		939665		1777
464		1916		941688		1782
465		1910		943730		1771
466		1916		945761		1782
467		1907		947792		1773
468		1913		949831		1781
469		1919		951874		1779
470		1928		953940		1778
471		1926		955961		1765
472		1925		957994		1774
473		1936		960044		1768
474		1938		962101		1784
475		1931		964139		1796
476		1939		966169		1798
477		1933		968188		1780
478		1917		970238		1776
479		1912		972279		1779
480		1904		974323		1783
481		1916		976324		1785
482		1925		978358		1779
483		1936		980417		1791
484		1911		982431		1780
485		1917		984458		1784
486		1906		986477		1783
487		1893		988518		1775
488		1893		990570		1783
489		1902		992596		1792
490		1898		994611		1790
491		1901		996643		1787
492		1896		998658		1791
493		1903		1000686		1781
494		1918		1002739		1793
495		1902		1004771		1786
496		1900		1006814		1785
497		1888		1008831		1789
498		1906		1010839		1792
499		1900		1012856		1782
500		1889		1014906		1782
501		1929		1016988		1788
502		1977		1019016		1770
503		2012		1021085		1777
504		2068		1023140		1803
505		2079		1025203		1787
506		2127		1027278		1779
507		2120		1029344		1787
508		2178		1031417		1801
509		2176		1033504		1773
510		2200		1035589		1786
511		2188		1037640		1796
512		2184		1039695		1789
513		2195		1041724		1804
514		2196		1043764		1802
515		2186		1045805		1805
516		2177		1047856		1780
517		2179		1049925		1802
518		2196		1052005		1782
519		2174		1054076		1810
520		2179		1056143		1780
521		2159		1058230		1800
522		2165		1060286		1808
523		2156		1062342		1796
524		2137		1064384		1781
525		2130		1066423		1805
526		2135		1068461		1796
527		2127		1070475		1789
528		2135		1072517		1779
529		2156		1074565		1798
530		2127		1076593		1793
531		2139		1078653		1790
532		2108		1080684		1780
533		2123		1082726		1783
534		2104		1084751		1809
535		2097		1086790		1792
536		2078		1088824		1797
537		2091		1090883		1789
538		2073		1092940		1794
539		2053		1094970		1799
540		2048		1097013		1786
541		2080		1099055		1781
542		2055		1101076		1776
543		2063		1103132		1795
544		2034		1105183		1799
545		2014		1107238		1783
546		2033		1109255		1794
547		2032		1111305		1787
548		2024		1113352		1789
549		2023		1115359		1783
550		2023		1117409		1784
551		2017		1119465		1788
552		2041		1121530		1772
553		2025		1123555		1756
554		2047		1125601		1776
555		2047		1127641		1773
556		2040		1129668		1778
557		2035		1131697		1779
558		2018		1133728		1780
559		2018		1135726		1783
560		2032		1137733		1762
561		2044		1139791		1773
562		2022		1141815		1780
563		2019		1143859		1788
564		2033		1145892		1797
565		2014		1147931		1779
566		2018		1149960		1778
567		1998		1152000		1765
568		1989		1154037		1767
569		1999		1156095		1767
570		1999		1158122		1777
571		1997		1160162		1771
572		2006		1162206		1780
573		2014		1164223		1780
574		2005		1166251		1788
575		1993		1168279		1770
576		1980		1170334		1775
577		1991		1172362		1791
578		1993		1174407		1780
579		1999		1176454		1796
580		1972		1178493		1786
581		1986		1180510		1786
582		1986		1182536		1776
583		1966		1184565		1772
584		1955		1186586		1776
585		1970		1188614		1795
586		1979		1190655		1782
587		1957		1192709		1777
588		1951		1194720		1779
589		1971		1196735		1779
590		1953		1198760		1787
591		1936		1200811		1796
592		1951		1202829		1776
593		1928		1204841		1773
594		1939		1206883		1781
595		1941		1208891		1764
596		1948		1210908		1767
597		1943		1212920		1793
598		1943		1214963		1774
599		1957		1216991		1794
600		1961		1219027		1773
601		1972		1221067		1760
602		1967		1223094		1781
603		1965		1225139		1778
604		1953		1227167		1762
605		1956		1229178		1776
606		1971		1231203		1771
607		1979		1233254		1788
608		1965		1235288		1777
609		1955		1237314		1792
610		1948		1239321		1801
611		1942		1241364		1799
612		1949		1243375		1805
613		1941		1245435		1799
614		1933		1247459		1788
615		1931		1249499		1809
616		1946		1251514		1787
617		1940		1253558		1800
618		1950		1255600		1802
619		1948		1257619		1781
620		1944		1259626		1797
621		1953		1261665		1792
622		1948		1263692		1796
623		1959		1265746		1786
624		1963		1267781		1776
625		1959		1269816		1781
626		1969		1271852		1794
627		1977		1273889		1799
628		1966		1275932		1809
629		1942		1277952		1797
630		1955		1279995		1794
631		1945		1281997		1799
632		1948		1284004		1800
633		1941		1286033		1806
634		1930		1288047		1791
635		1942		1290066		1775
636		1957		1292121		1787
637		1971		1294143		1800
638		1968		1296175		1794
639		1976		1298190		1823
640		1982		1300207		1803
641		1971		1302245		1792
642		1975		1304248		1796
643		1977		1306264		1787
644		1962		1308294		1791
645		1963		1310322		1791
646		1962		1312374		1802
647		1959		1314380		1797
648		1967		1316409		1796
649		1966		1318424		1783
650		1965		1320433		1793
651		1973		1322448		1815
652		1976		1324435		1791
653		1990		1326454		1793
654		1988		1328476		1793
655		1990		1330502		1803
656		1992		1332548		1792
657		1983		1334592		1795
658		1985		1336614		1772
659		1968		1338616		1787
660		1968		1340644		1782
661		1948		1342674		1794
662		1959		1344703		1785
663		1963		1346721		1789
664		1971		1348748		1782
665		1958		1350784		1783
666		1956		1352795		1797
667		1952		1354809		1786
668		1961		1356838		1779
669		1949		1358872		1790
670		1948		1360922		1787
671		1947		1362957		1785
672		1950		1364977		1796
673		1945		1366994		1785
674		1939		1369039		1791
675		1925		1371084		1799
676		1918		1373148		1796
677		1919		1375204		1784
678		1916		1377240		1799
679		1916		1379286		1800
680		1919		1381346		1798
681		1914		1383385		1796
682		1906		1385432		1779
683		1919		1387467		1797
684		1930		1389499		1793
685		1910		1391581		1785
686		1901		1393622		1789
687		1919		1395659		1795
688		1919		1397691		1786
689		1934		1399722		1784
690		1932		1401760		1783
691		1925		1403811		1790
692		1922		1405858		1802
693		1935		1407883		1792
694		1943		1409919		1791
695		1936		1411946		1786
696		1949		1413927		1793
697		1933		1415959		1792
698		1935		1417988		1792
699		1937		1420045		1789
700		1941		1422098		1803
701		1954		1424111		1795
702		1969		1426139		1798
703		1957		1428165		1800
704		1957		1430166		1789
705		1943		1432196		1799
706		1950		1434234		1799
707		1932		1436244		1789
708		1924		1438296		1791
709		1933		1440318		1795
710		1926		1442358		1802
711		1929		1444374		1793
712		1928		1446416		1801
713		1930		1448452		1791
714		1935		1450496		1785
715		1938		1452504		1803
716		1939		1454538		1797
717		1934		1456577		1794
718		1927		1458629		1800
719		1950		1460667		1794
720		1956		1462729		1798
721		1939		1464769		1792
722		1933		1466800		1813
723		1935		1468856		1806
724		1934		1470916		1801
725		1946		1472945		1812
726		1955		1475015		1802
727		1942		1477045		1807
728		1947		1479069		1814
729		1929		1481119		1787
730		1926		1483136		1794
731		1930		1485141		1781
732		1937		1487155		1800
733		1941		1489189		1809
734		1937		1491234		1794
735		1933		1493285		1805
736		1910		1495340		1798
737		1921		1497357		1787
738		1903		1499387		1793
739		1916		1501436		1820
740		1911		1503475		1799
741		1893		1505514		1806
742		1904		1507540		1812
743		1908		1509592		1806
744		1898		1511630		1806
745		1914		1513650		1795
746		1901		1515662		1810
747		1906		1517729		1808
748		1919		1519759		1817
749		1917		1521807		1818
750		1915		1523848		1814
751		1917		1525890		1809
752		1907		1527911		1818
753		1922		1529976		1806
754		1929		1531991		1807
755		1910		1534009		1809
756		1902		1536032		1809
757		1915		1538067		1800
758		1892		1540098		1811
759		1913		1542137		1792
760		1909		1544214		1803
761		1914		1546278		1795
762		1906		1548326		1794
763		1921		1550359		1785
764		1918		1552386		1796
765		1918		1554469		1769
766		1917		1556528		1796
767		1901		1558567		1793
768		1906		1560622		1795
769		1914		1562649		1792
770		1902		1564684		1787
771		1889		1566750		1796
772		1893		1568795		1797
773		1912		1570858		1798
774		1913		1572882		1794
775		1927		1574922		1785
776		1913		1576978		1795
777		1922		1578999		1803
778		1937		1581051		1787
779		1932		1583106		1795
780		1937		1585140		1791
781		1943		1587219		1783
782		1946		1589262		1782
783		1944		1591279		1787
784		1927		1593338		1765
785		1928		1595389		1769
786		1926		1597422		1768
787		1925		1599503		1783
788		1920		1601556		1780
789		1903		1603629		1782
790		1907		1605674		1786
791		1909		1607714		1791
792		1933		1609736		1784
793		1928		1611773		1793
794		1927		1613825		1813
795		1919		1615860		1810
796		1912		1617904		1815
797		1909		1619964		1788
798		1917		1622038		1802
799		1920		1624084		1799
800		1922		1626152		1794
801		1932		1628207		1806
802		1935		1630281		1801
803		1938		1632325		1806
804		1940		1634363		1821
805		1936		1636435		1805
806		1931		1638494		1820
807		1917		1640519		1814
808		1933		1642563		1803
809		1937		1644625		1802
810		1959		1646681		1793
811		1943		1648757		1808
812		1950		1650792		1794
813		1948		1652831		1789
814		1957		1654889		1789
815		1958		1656926		1781
816		1943		1658983		1801
817		1963		1661051		1796
818		1941		1663102		1806
819		1917		1665138		1787
820		1936		1667186		1786
821		1927		1669251		1799
822		1916		1671311		1795
823		1922		1673351		1798
824		1921		1675375		1804
825		1914		1677428		1795
826		1922		1679474		1779
827		1915		1681531		1779
828		1901		1683555		1789
829		1924		1685608		1794
830		1909		1687658		1788
831		1914		1689670		1791
832		1907		1691720		1787
833		1916		1693775		1800
834		1912		1695809		1803
835		1914		1697836		1791
836		1898		1699886		1792
837		1925		1701924		1795
838		1911		1703951		1803
839		1911		1706001		1797
840		1904		1708035		1770
841		1898		1710119		1783
842		1895		1712169		1786
843		1894		1714210		1776
844		1889		1716247		1775
845		1889		1718311		1801
846		1889		1720331		1789
847		1886		1722391		1801
848		1893		1724449		1786
849		1894		1726532		1780
850		1900		1728580		1784
851		1902		1730611		1794
852		1892		1732613		1771
853		1892		1734636		1792
854		1872		1736683		1780
855		1876		1738745		1803
856		1879		1740784		1794
857		1870		1742817		1783
858		1889		1744844		1786
859		1880		1746899		1790
860		1885		1748974		1793
861		1885		1751042		1797
862		1886		1753111		1776
863		1884		1755154		1784
864		1895		1757196		1792
865		1887		1759241		1799
866		1889		1761280		1801
867		1881		1763303		1791
868		1884		1765374		1796
869		1865		1767426		1793
870		1874		1769478		1787
871		1884		1771526		1799
872		1887		1773575		1803
873		1891		1775637		1801
874		1890		1777695		1790
875		1875		1779741		1794
876		1877		1781809		1811
877		1896		1783876		1808
878		1900		1785935		1810
879		1892		1787982		1807
880		1900		1790038		1790
881		1896		1792073		1801
882		1881		1794138		1795
883		1879		1796170		1795
884		1871		1798239		1795
885		1879		1800276		1796
886		1886		1802337		1798
887		1889		1804398		1800
888		1880		1806455		1781
889		1864		1808492		1796
890		1868		1810524		1809
891		1865		1812591		1792
892		1874		1814671		1777
893		1877		1816732		1787
894		1877		1818745		1783
895		1874		1820771		1800
896		1873		1822822		1775
897		1873		1824859		1786
898		1867		1826914		1778
899		1874		1828966		1791
900		1883		1831010		1782
901		1880		1833043		1792
902		1880		1835098		1794
903		1879		1837169		1787
904		1883		1839228		1790
905		1884		1841289		1799
906		1879		1843325		1791
907		1890		1845369		1791
908		1874		1847409		1797
909		1882		1849473		1802
910		1885		1851530		1804
911		1878		1853595		1794
912		1891		1855660		1803
913		1896		1857727		1810
914		1900		1859760		1796
915		1913		1861805		1802
916		1917		1863861		1762
917		1920		1865878		1768
918		1907		1867940		1789
919		1903		1869986		1792
920		1892		1872054		1789
921		1896		1874090		1787
922		1895		1876140		1785
923		1907		1878198		1781
924		1917		1880257		1780
925		1898		1882299		1798
926		1902		1884345		1782
927		1908		1886398		1787
928		1900		1888452		1801
929		1912		1890529		1795
930		1917		1892577		1803
931		1929		1894617		1790
932		1925		1896687		1801
933		1923		1898743		1794
934		1920		1900789		1788
935		1907		1902857		1793
936		1914		1904896		1796
937		1915		1906944		1787
938		1900		1908992		1791
939		1892		1911061		1779
940		1899		1913122		1772
941		1916		1915205		1781
942		1906		1917282		1796
943		1916		1919352		1792
944		1929		1921396		1804
945		1917		1923471		1796
946		1927		1925521		1794
947		1923		1927599		1800
948		1922		1929654		1797
949		1931		1931710		1791
950		1926		1933767		1793
951		1916		1935857		1801
952		1913		1937905		1783
953		1905		1939949		1790
954		1900		1942020		1798
955		1904		1944065		1792
956		1911		1946153		1800
957		1904		1948204		1801
958		1900		1950276		1797
959		1874		1952353		1800
960		1880		1954411		1805
961		1886		1956428		1804
962		1876		1958475		1802
963		1880		1960533		1796
964		1881		1962565		1799
965		1874		1964608		1800
966		1880		1966659		1808
967		1873		1968695		1811
968		1879		1970741		1799
969		1871		1972779		1804
970		1876		1974812		1788
971		1867		1976875		1783
972		1883		1978947		1802
973		1872		1981024		1793
974		1878		1983103		1818
975		1875		1985148		1808
976		1868		1987194		1807
977		1869		1989256		1800
978		1887		1991293		1774
979		1894		1993350		1795
980		1883		1995395		1790
981		1888		1997456		1803
982		1883		1999513		1793
983		1901		2001554		1795
984		1895		2003604		1800
985		1896		2005665		1796
986		1895		2007705		1795
987		1900		2009754		1800
988		1900		2011814		1800
989		1924		2013889		1802
990		1906		2015948		1808
991		1900		2018008		1799
992		1899		2020075		1813
993		1903		2022130		1800
994		1914		2024162		1804
995		1913		2026235		1811
996		1914		2028286		1814
997		1887		2030335		1797
998		1894		2032384		1797
999		1901		2034437		1803
