# Migration is number of nodes that have changed color.

Round		Edge-Cut		Swaps		Migrations		Skipped
0		4764		2310		1637
1		3987		4543		1685
2		3633		6680		1740
3		3497		8820		1767
4		3373		10960		1765
5		3361		13083		1759
6		3292		15174		1757
7		3306		17259		1730
8		3299		19383		1759
9		3220		21511		1760
10		3117		23587		1779
11		3098		25699		1775
12		3084		27800		1801
13		3049		29879		1793
14		2986		31978		1805
15		2939		34092		1796
16		2926		36194		1778
17		2918		38274		1783
18		2904		40348		1780
19		2855		42440		1770
20		2817		44502		1775
21		2807		46569		1776
22		2804		48659		1766
23		2741		50743		1804
24		2757		52796		1760
25		2693		54849		1780
26		2699		56924		1780
27		2659		58990		1804
28		2652		61047		1793
29		2673		63116		1802
30		2608		65155		1786
31		2569		67207		1778
32		2558		69236		1805
33		2549		71309		1797
34		2523		73365		1812
35		2525		75423		1833
36		2503		77482		1821
37		2508		79528		1812
38		2531		81591		1799
39		2519		83650		1796
40		2547		85726		1796
41		2512		87786		1764
42		2487		89856		1801
43		2477		91867		1791
44		2459		93944		1793
45		2469		95982		1785
46		2450		98032		1768
47		2448		100061		1766
48		2416		102114		1799
49		2407		104153		1785
50		2377		106191		1808
51		2347		108222		1812
52		2347		110248		1799
53		2339		112299		1798
54		2329		114314		1808
55		2330		116347		1804
56		2333		118378		1791
57		2349		120388		1788
58		2316		122378		1800
59		2317		124420		1780
60		2274		126462		1804
61		2304		128484		1802
62		2282		130505		1796
63		2270		132547		1791
64		2295		134604		1789
65		2243		136644		1773
66		2242		138669		1771
67		2227		140720		1755
68		2220		142751		1770
69		2243		144807		1789
70		2227		146845		1771
71		2222		148880		1794
72		2206		150930		1783
73		2196		152952		1775
74		2188		154961		1772
75		2186		156988		1796
76		2187		158983		1796
77		2165		161010		1796
78		2189		163049		1809
79		2221		165042		1805
80		2214		167061		1791
81		2217		169116		1788
82		2200		171172		1780
83		2204		173205		1784
84		2183		175247		1789
85		2166		177263		1784
86		2158		179284		1802
87		2156		181288		1776
88		2146		183290		1794
89		2150		185329		1784
90		2142		187363		1792
91		2118		189412		1780
92		2121		191430		1807
93		2106		193463		1795
94		2112		195489		1786
95		2125		197497		1765
96		2125		199523		1767
97		2107		201522		1780
98		2091		203556		1784
99		2096		205581		1773
100		2084		207585		1780
101		2105		209603		1776
102		2085		211634		1777
103		2109		213660		1763
104		2116		215714		1760
105		2093		217762		1769
106		2092		219804		1775
107		2084		221829		1772
108		2094		223853		1789
109		2074		225859		1769
110		2078		227862		1755
111		2071		229870		1754
112		2071		231910		1757
113		2076		233941		1760
114		2072		235967		1760
115		2071		237999		1776
116		2058		240065		1766
117		2072		242099		1753
118		2076		244124		1754
119		2075		246175		1758
120		2073		248221		1757
121		2067		250248		1758
122		2057		252271		1752
123		2069		254288		1763
124		2082		256327		1762
125		2088		258353		1772
126		2068		260357		1774
127		2051		262376		1776
128		2050		264376		1771
129		2040		266378		1773
130		2058		268381		1786
131		2049		270391		1777
132		2048		272399		1756
133		2055		274420		1771
134		2057		276422		1772
135		2057		278440		1765
136		2051		280484		1758
137		2031		282495		1744
138		2024		284496		1760
139		2045		286491		1751
140		2029		288533		1769
141		2039		290569		1755
142		2048		292584		1775
143		2031		294573		1759
144		2064		296606		1775
145		2045		298619		1756
146		2049		300627		1756
147		2027		302656		1765
148		2027		304684		1771
149		2026		306700		1762
150		2045		308723		1763
151		2041		310756		1771
152		2044		312780		1771
153		2020		314786		1760
154		2024		316806		1777
155		2036		318828		1769
156		2018		320871		1772
157		2012		322880		1783
158		2041		324891		1766
159		2035		326922		1771
160		2034		328972		1771
161		2038		331001		1762
162		2054		333018		1777
163		2033		335057		1769
164		2032		337082		1770
165		2038		339087		1784
166		2031		341087		1781
167		2046		343097		1778
168		2043		345124		1771
169		2049		347139		1790
170		2021		349140		1789
171		2014		351151		1776
172		2003		353167		1772
173		2007		355203		1775
174		2005		357227		1786
175		1990		359245		1781
176		2004		361278		1771
177		2003		363272		1769
178		1994		365280		1757
179		1995		367286		1792
180		1999		369272		1786
181		2000		371274		1773
182		1999		373296		1778
183		2006		375273		1790
184		1989		377310		1771
185		1999		379336		1764
186		2005		381390		1777
187		1998		383386		1785
188		1992		385385		1784
189		1981		387401		1786
190		1985		389424		1788
191		1988		391438		1776
192		1983		393449		1789
193		1986		395441		1782
194		1988		397453		1777
195		1981		399463		1784
196		1991		401484		1752
197		1997		403503		1775
198		2012		405539		1778
199		2003		407565		1782
200		1996		409578		1788
201		1990		411596		1792
202		1997		413594		1777
203		1993		415587		1787
204		2000		417589		1783
205		1987		419613		1784
206		2017		421633		1781
207		1990		423643		1786
208		1993		425682		1796
209		2006		427687		1784
210		2001		429696		1778
211		1989		431714		1772
212		1980		433726		1780
213		1985		435717		1771
214		1972		437733		1782
215		1964		439750		1785
216		1977		441767		1783
217		1994		443774		1789
218		1987		445776		1795
219		1993		447794		1771
220		2007		449787		1779
221		2024		451830		1780
222		2036		453846		1764
223		2034		455887		1769
224		2015		457926		1781
225		2018		459967		1784
226		2034		461972		1766
227		2026		464009		1778
228		2033		466028		1789
229		2025		468054		1785
230		2043		470074		1776
231		2041		472100		1777
232		2017		474095		1774
233		1999		476103		1783
234		2007		478131		1776
235		2003		480168		1794
236		2019		482210		1755
237		2021		484207		1788
238		2007		486259		1804
239		2007		488274		1784
240		2013		490291		1794
241		1995		492296		1779
242		2001		494306		1777
243		1968		496316		1780
244		1990		498368		1770
245		1970		500391		1781
246		1976		502422		1794
247		1984		504453		1793
248		1987		506483		1774
249		1977		508527		1798
250		1977		510539		1807
251		1979		512535		1784
252		1962		514597		1789
253		1963		516617		1788
254		1964		518641		1786
255		1955		520658		1797
256		1954		522691		1795
257		1970		524708		1797
258		1976		526724		1787
259		1962		528734		1802
260		1953		530750		1793
261		1956		532803		1798
262		1978		534832		1790
263		1974		536855		1817
264		1981		538891		1786
265		1971		540923		1783
266		1961		542944		1783
267		1971		544972		1785
268		1956		546969		1786
269		1960		549007		1773
270		1969		551053		1780
271		1960		553094		1765
272		1956		555097		1784
273		1949		557140		1784
274		1951		559139		1765
275		1947		561159		1778
276		1953		563175		1779
277		1934		565195		1769
278		1945		567235		1781
279		1948		569249		1786
280		1960		571243		1783
281		1956		573284		1769
282		1959		575295		1775
283		1949		577328		1779
284		1951		579339		1785
285		1962		581348		1783
286		1969		583392		1781
287		1960		585411		1788
288		1952		587478		1806
289		1942		589503		1793
290		1954		591575		1804
291		1941		593593		1782
292		1935		595635		1794
293		1937		597648		1773
294		1941		599692		1788
295		1939		601725		1778
296		1932		603764		1777
297		1928		605764		1777
298		1933		607793		1782
299		1936		609813		1777
300		1932		611849		1789
301		1941		613864		1772
302		1942		615875		1779
303		1951		617916		1783
304		1946		619959		1792
305		1939		621988		1772
306		1932		624020		1773
307		1926		626058		1772
308		1920		628083		1777
309		1929		630106		1782
310		1922		632119		1775
311		1917		634135		1768
312		1925		636166		1774
313		1930		638204		1780
314		1923		640226		1778
315		1919		642258		1773
316		1935		644264		1775
317		1935		646287		1764
318		1935		648309		1767
319		1922		650351		1779
320		1934		652404		1780
321		1938		654448		1791
322		1945		656499		1785
323		1945		658522		1775
324		1948		660557		1796
325		1930		662558		1783
326		1935		664580		1790
327		1924		666604		1776
328		1902		668628		1789
329		1898		670666		1787
330		1920		672703		1777
331		1918		674714		1802
332		1908		676756		1788
333		1907		678779		1784
334		1912		680801		1778
335		1919		682806		1790
336		1923		684836		1787
337		1923		686877		1779
338		1916		688911		1783
339		1911		690959		1781
340		1914		692984		1778
341		1903		695000		1776
342		1908		697039		1775
343		1906		699058		1783
344		1924		701083		1778
345		1922		703091		1786
346		1927		705125		1777
347		1927		707133		1775
348		1930		709149		1763
349		1927		711176		1782
350		1934		713220		1771
351		1939		715253		1782
352		1939		717256		1801
353		1935		719305		1778
354		1947		721355		1784
355		1959		723386		1782
356		1939		725422		1777
357		1938		727457		1766
358		1949		729495		1785
359		1950		731558		1783
360		1952		733583		1772
361		1956		735622		1777
362		1960		737673		1795
363		1943		739705		1799
364		1952		741734		1802
365		1956		743773		1801
366		1937		745809		1796
367		1962		747832		1797
368		1959		749860		1798
369		1953		751886		1806
370		1957		753918		1800
371		1952		755974		1788
372		1950		758010		1812
373		1955		760046		1786
374		1961		762067		1795
375		1961		764064		1806
376		1955		766073		1798
377		1960		768098		1788
378		1962		770112		1779
379		1960		772148		1782
380		1963		774166		1789
381		1968		776164		1796
382		1971		778164		1788
383		1963		780216		1790
384		1964		782262		1784
385		1970		784285		1800
386		1977		786309		1802
387		1968		788358		1808
388		1957		790419		1805
389		1965		792450		1800
390		1969		794469		1790
391		1959		796511		1797
392		1955		798509		1797
393		1945		800540		1789
394		1941		802566		1789
395		1939		804606		1786
396		1954		806648		1776
397		1963		808654		1781
398		1960		810687		1783
399		1964		812705		1788
400		1945		814738		1781
401		1965		816775		1771
402		1962		818803		1785
403		1952		820803		1771
404		1956		822815		1776
405		1948		824829		1774
406		1938		826853		1789
407		1961		828879		1781
408		1934		830915		1791
409		1937		832934		1776
410		1949		834991		1779
411		1934		836995		1779
412		1938		839013		1753
413		1941		841055		1781
414		1926		843069		1762
415		1933		845104		1750
416		1937		847123		1763
417		1921		849134		1765
418		1921		851140		1769
419		1917		853166		1763
420		1898		855192		1770
421		1909		857230		1761
422		1905		859244		1765
423		1919		861280		1770
424		1894		863305		1771
425		1906		865311		1780
426		1898		867349		1787
427		1907		869381		1792
428		1891		871388		1779
429		1899		873429		1789
430		1908		875460		1771
431		1900		877482		1776
432		1903		879490		1779
433		1911		881530		1772
434		1903		883541		1787
435		1890		885585		1781
436		1894		887625		1774
437		1901		889627		1770
438		1893		891658		1785
439		1903		893673		1778
440		1898		895692		1778
441		1898		897724		1769
442		1903		899722		1785
443		1892		901733		1778
444		1911		903776		1788
445		1899		905813		1783
446		1902		907835		1791
447		1899		909852		1792
448		1901		911880		1789
449		1904		913876		1780
450		1910		915863		1799
451		1922		917870		1796
452		1914		919929		1794
453		1917		921962		1793
454		1922		923968		1790
455		1927		925994		1793
456		1920		928028		1782
457		1907		930015		1778
458		1894		932019		1790
459		1895		934025		1780
460		1915		936020		1786
461		1900		938045		1787
462		1894		940059		1770
463		1906		942073		1769
464		1904		944092		1773
465		1909		946140		1784
466		1899		948163		1770
467		1899		950185		1767
468		1915		952239		1757
469		1914		954270		1756
470		1919		956287		1764
471		1900		958329		1763
472		1896		960351		1773
473		1893		962379		1772
474		1896		964416		1773
475		1897		966409		1781
476		1906		968465		1765
477		1901		970478		1775
478		1896		972524		1784
479		1899		974544		1785
480		1905		976580		1782
481		1902		978608		1771
482		1902		980606		1768
483		1912		982629		1769
484		1914		984647		1773
485		1922		986678		1768
486		1903		988725		1792
487		1912		990780		1780
488		1913		992795		1795
489		1930		994812		1777
490		1936		996860		1781
491		1957		998907		1774
492		1946		1000935		1782
493		1943		1002976		1785
494		1944		1005036		1777
495		1953		1007055		1769
496		1942		1009076		1762
497		1941		1011122		1758
498		1933		1013176		1757
499		1948		1015217		1762
500		1941		1017279		1756
501		2008		1019350		1786
502		2043		1021446		1763
503		2078		1023508		1770
504		2109		1025587		1758
505		2146		1027669		1765
506		2180		1029767		1789
507		2237		1031829		1778
508		2276		1033899		1796
509		2280		1036005		1794
510		2316		1038087		1818
511		2324		1040156		1784
512		2365		1042252		1815
513		2376		1044325		1794
514		2382		1046411		1787
515		2395		1048493		1795
516		2405		1050556		1796
517		2445		1052617		1807
518		2436		1054708		1800
519		2450		1056785		1806
520		2458		1058890		1805
521		2404		1060982		1797
522		2432		1063050		1783
523		2447		1065107		1783
524		2456		1067154		1818
525		2433		1069214		1801
526		2442		1071295		1783
527		2471		1073368		1791
528		2444		1075451		1805
529		2459		1077528		1795
530		2438		1079589		1809
531		2428		1081671		1811
532		2438		1083754		1788
533		2428		1085810		1810
534		2412		1087894		1794
535		2413		1089940		1785
536		2399		1092006		1789
537		2430		1094046		1795
538		2393		1096099		1787
539		2375		1098149		1773
540		2352		1100216		1785
541		2358		1102293		1802
542		2372		1104361		1794
543		2330		1106446		1779
544		2347		1108514		1774
545		2372		1110582		1773
546		2360		1112658		1779
547		2317		1114712		1778
548		2343		1116770		1771
549		2335		1118817		1809
550		2348		1120874		1791
551		2306		1122950		1788
552		2323		1125014		1791
553		2291		1127041		1807
554		2274		1129106		1793
555		2249		1131172		1789
556		2250		1133236		1770
557		2236		1135269		1793
558		2211		1137319		1779
559		2221		1139386		1800
560		2231		1141441		1780
561		2210		1143505		1794
562		2200		1145540		1812
563		2214		1147593		1794
564		2202		1149620		1796
565		2192		1151683		1793
566		2195		1153723		1792
567		2204		1155758		1797
568		2194		1157759		1792
569		2183		1159805		1819
570		2182		1161841		1794
571		2160		1163887		1798
572		2155		1165952		1817
573		2176		1168021		1793
574		2194		1170103		1815
575		2178		1172152		1806
576		2163		1174215		1803
577		2154		1176279		1797
578		2152		1178319		1826
579		2135		1180387		1810
580		2158		1182457		1802
581		2156		1184496		1783
582		2120		1186548		1785
583		2137		1188599		1813
584		2132		1190641		1806
585		2134		1192723		1803
586		2101		1194775		1836
587		2107		1196832		1837
588		2088		1198874		1807
589		2105		1200927		1799
590		2110		1202992		1782
591		2076		1205017		1796
592		2075		1207062		1803
593		2062		1209118		1795
594		2045		1211159		1800
595		2044		1213207		1782
596		2038		1215270		1798
597		2063		1217306		1796
598		2051		1219338		1792
599		2046		1221387		1797
600		2033		1223429		1802
601		2038		1225487		1801
602		2044		1227523		1817
603		2059		1229589		1800
604		2051		1231610		1781
605		2037		1233621		1792
606		2061		1235657		1786
607		2066		1237674		1795
608		2059		1239716		1788
609		2049		1241776		1786
610		2033		1243815		1787
611		2049		1245850		1786
612		2045		1247896		1790
613		2059		1249946		1783
614		2042		1251987		1779
615		2039		1254044		1789
616		2006		1256078		1776
617		2012		1258089		1792
618		2018		1260149		1784
619		2038		1262208		1804
620		2010		1264263		1795
621		2002		1266264		1794
622		1992		1268318		1801
623		1992		1270392		1797
624		1990		1272397		1775
625		1996		1274422		1790
626		1983		1276476		1791
627		1990		1278486		1794
628		1992		1280536		1808
629		1979		1282554		1796
630		1972		1284593		1799
631		1960		1286648		1782
632		1965		1288697		1806
633		1958		1290730		1792
634		1958		1292795		1788
635		1955		1294817		1788
636		1944		1296858		1803
637		1965		1298915		1795
638		1954		1300947		1796
639		1940		1302998		1809
640		1933		1305019		1814
641		1949		1307088		1802
642		1960		1309124		1794
643		1968		1311179		1803
644		1943		1313230		1798
645		1945		1315262		1790
646		1947		1317302		1773
647		1955		1319348		1794
648		1945		1321377		1786
649		1932		1323418		1795
650		1934		1325455		1804
651		1938		1327530		1774
652		1928		1329562		1795
653		1921		1331613		1784
654		1923		1333654		1785
655		1927		1335679		1794
656		1924		1337705		1796
657		1936		1339747		1797
658		1933		1341751		1805
659		1946		1343813		1805
660		1935		1345866		1795
661		1947		1347905		1807
662		1934		1349947		1781
663		1919		1351978		1796
664		1941		1354009		1795
665		1940		1356046		1788
666		1954		1358090		1777
667		1949		1360161		1775
668		1951		1362195		1783
669		1960		1364258		1788
670		1958		1366322		1780
671		1952		1368357		1776
672		1943		1370413		1783
673		1945		1372402		1790
674		1951		1374452		1781
675		1956		1376483		1788
676		1947		1378517		1776
677		1942		1380579		1796
678		1959		1382634		1793
679		1957		1384692		1797
680		1964		1386725		1787
681		1961		1388794		1786
682		1961		1390829		1792
683		1956		1392845		1797
684		1955		1394898		1796
685		1960		1396933		1797
686		1954		1398997		1785
687		1942		1401045		1793
688		1934		1403073		1779
689		1949		1405114		1795
690		1949		1407140		1780
691		1955		1409176		1775
692		1955		1411210		1785
693		1957		1413230		1784
694		1943		1415249		1775
695		1937		1417302		1789
696		1940		1419320		1775
697		1934		1421361		1779
698		1946		1423375		1775
699		1927		1425412		1776
700		1931		1427411		1774
701		1929		1429439		1770
702		1936		1431481		1773
703		1926		1433528		1773
704		1932		1435553		1785
705		1939		1437539		1792
706		1939		1439584		1787
707		1939		1441616		1780
708		1925		1443656		1787
709		1928		1445685		1791
710		1934		1447731		1775
711		1937		1449774		1763
712		1934		1451822		1793
713		1947		1453857		1778
714		1966		1455920		1790
715		1942		1457951		1793
716		1939		1460006		1797
717		1929		1462048		1784
718		1943		1464094		1807
719		1936		1466149		1794
720		1942		1468202		1789
721		1960		1470244		1787
722		1960		1472299		1790
723		1954		1474355		1792
724		1949		1476401		1795
725		1928		1478427		1793
726		1940		1480476		1781
727		1938		1482536		1774
728		1941		1484579		1791
729		1946		1486570		1791
730		1950		1488605		1792
731		1952		1490671		1775
732		1955		1492721		1795
733		1948		1494760		1793
734		1934		1496812		1793
735		1947		1498865		1783
736		1923		1500911		1785
737		1923		1502936		1794
738		1917		1504998		1805
739		1922		1507023		1807
740		1920		1509054		1811
741		1913		1511096		1815
742		1917		1513127		1792
743		1923		1515159		1794
744		1929		1517219		1801
745		1921		1519275		1795
746		1924		1521341		1808
747		1929		1523383		1800
748		1926		1525431		1806
749		1926		1527508		1805
750		1915		1529565		1810
751		1912		1531633		1801
752		1915		1533668		1800
753		1921		1535707		1807
754		1928		1537724		1795
755		1921		1539780		1801
756		1902		1541826		1796
757		1928		1543867		1794
758		1926		1545916		1790
759		1932		1547950		1800
760		1915		1549993		1787
761		1918		1552024		1810
762		1917		1554074		1774
763		1921		1556096		1786
764		1912		1558161		1785
765		1925		1560209		1797
766		1927		1562253		1778
767		1947		1564302		1777
768		1934		1566323		1794
769		1937		1568386		1802
770		1915		1570431		1802
771		1928		1572464		1796
772		1925		1574505		1798
773		1914		1576533		1786
774		1926		1578599		1795
775		1918		1580630		1796
776		1924		1582652		1792
777		1925		1584721		1787
778		1928		1586777		1795
779		1921		1588846		1783
780		1930		1590881		1786
781		1931		1592897		1788
782		1944		1594945		1801
783		1931		1596982		1800
784		1925		1599013		1800
785		1934		1601063		1793
786		1931		1603122		1790
787		1931		1605188		1796
788		1951		1607226		1799
789		1943		1609269		1804
790		1932		1611328		1793
791		1957		1613380		1801
792		1950		1615398		1800
793		1944		1617427		1788
794		1949		1619478		1799
795		1929		1621499		1789
796		1931		1623554		1799
797		1930		1625579		1797
798		1945		1627643		1780
799		1932		1629693		1790
800		1912		1631733		1792
801		1904		1633735		1771
802		1901		1635769		1791
803		1907		1637807		1794
804		1905		1639863		1803
805		1929		1641933		1794
806		1939		1643976		1790
807		1948		1646017		1786
808		1944		1648056		1790
809		1941		1650093		1783
810		1927		1652128		1799
811		1924		1654171		1782
812		1927		1656225		1797
813		1926		1658272		1781
814		1929		1660330		1788
815		1945		1662396		1781
816		1930		1664432		1783
817		1935		1666495		1785
818		1932		1668545		1775
819		1956		1670580		1759
820		1953		1672652		1765
821		1938		1674693		1782
822		1953		1676744		1778
823		1941		1678762		1764
824		1935		1680818		1769
825		1942		1682885		1753
826		1932		1684921		1769
827		1940		1686961		1771
828		1925		1689023		1785
829		1934		1691079		1758
830		1927		1693133		1770
831		1928		1695181		1780
832		1921		1697204		1789
833		1927		1699242		1778
834		1924		1701285		1798
835		1937		1703366		1776
836		1948		1705419		1784
837		1954		1707475		1781
838		1933		1709521		1782
839		1918		1711567		1783
840		1914		1713626		1777
841		1939		1715677		1781
842		1940		1717714		1779
843		1936		1719777		1791
844		1945		1721829		1800
845		1940		1723883		1803
846		1915		1725909		1800
847		1914		1727944		1805
848		1930		1729981		1799
849		1920		1732004		1788
850		1925		1734042		1793
851		1933		1736091		1812
852		1925		1738138		1799
853		1929		1740185		1803
854		1917		1742221		1794
855		1934		1744258		1799
856		1924		1746307		1798
857		1931		1748346		1820
858		1925		1750392		1806
859		1939		1752423		1808
860		1916		1754480		1796
861		1896		1756525		1800
862		1910		1758563		1792
863		1898		1760625		1800
864		1890		1762649		1798
865		1919		1764688		1789
866		1917		1766739		1784
867		1909		1768769		1782
868		1907		1770801		1785
869		1909		1772849		1785
870		1895		1774919		1775
871		1910		1776946		1795
872		1921		1778993		1794
873		1932		1781051		1804
874		1926		1783114		1780
875		1926		1785171		1785
876		1909		1787228		1784
877		1907		1789283		1796
878		1903		1791334		1795
879		1912		1793371		1793
880		1923		1795429		1785
881		1916		1797489		1789
882		1930		1799512		1793
883		1927		1801540		1798
884		1932		1803604		1770
885		1915		1805660		1774
886		1925		1807722		1780
887		1931		1809764		1793
888		1940		1811804		1799
889		1922		1813865		1814
890		1911		1815910		1802
891		1897		1817928		1788
892		1909		1819995		1781
893		1908		1822050		1780
894		1900		1824095		1790
895		1890		1826140		1804
896		1888		1828200		1802
897		1889		1830241		1804
898		1890		1832302		1791
899		1901		1834357		1799
900		1891		1836408		1799
901		1893		1838466		1790
902		1896		1840511		1804
903		1887		1842558		1790
904		1904		1844606		1778
905		1900		1846657		1774
906		1893		1848702		1779
907		1884		1850775		1770
908		1895		1852824		1778
909		1899		1854850		1770
910		1891		1856916		1777
911		1907		1858992		1775
912		1895		1861039		1788
913		1908		1863093		1786
914		1904		1865152		1791
915		1910		1867202		1781
916		1904		1869251		1779
917		1917		1871282		1772
918		1922		1873327		1763
919		1924		1875394		1775
920		1914		1877436		1783
921		1916		1879489		1785
922		1919		1881534		1774
923		1912		1883576		1780
924		1916		1885610		1766
925		1928		1887672		1772
926		1918		1889712		1774
927		1929		1891772		1789
928		1921		1893824		1789
929		1925		1895881		1786
930		1911		1897926		1784
931		1897		1899992		1792
932		1895		1902044		1788
933		1896		1904096		1790
934		1882		1906144		1779
935		1869		1908185		1787
936		1888		1910241		1785
937		1888		1912280		1802
938		1887		1914325		1788
939		1885		1916345		1794
940		1881		1918416		1798
941		1897		1920442		1798
942		1905		1922478		1808
943		1893		1924527		1793
944		1886		1926579		1804
945		1877		1928624		1787
946		1886		1930683		1785
947		1892		1932746		1783
948		1867		1934796		1785
949		1881		1936852		1790
950		1857		1938908		1791
951		1868		1940936		1793
952		1872		1942995		1795
953		1866		1945045		1783
954		1873		1947077		1782
955		1870		1949109		1783
956		1875		1951179		1786
957		1887		1953222		1789
958		1868		1955258		1773
959		1872		1957310		1789
960		1869		1959378		1792
961		1887		1961424		1778
962		1871		1963503		1773
963		1871		1965544		1789
964		1876		1967589		1788
965		1871		1969632		1776
966		1874		1971698		1779
967		1875		1973720		1783
968		1878		1975762		1771
969		1864		1977824		1793
970		1880		1979877		1785
971		1865		1981935		1771
972		1867		1984016		1793
973		1886		1986065		1790
974		1874		1988110		1790
975		1875		1990181		1790
976		1860		1992220		1783
977		1856		1994283		1783
978		1857		1996362		1801
979		1853		1998429		1787
980		1855		2000467		1795
981		1850		2002510		1780
982		1844		2004558		1784
983		1852		2006609		1792
984		1843		2008659		1790
985		1847		2010721		1789
986		1859		2012777		1789
987		1867		2014811		1789
988		1867		2016851		1777
989		1850		2018882		1770
990		1839		2020931		1785
991		1840		2022992		1782
992		1839		2025036		1781
993		1835		2027075		1774
994		1839		2029089		1777
995		1837		2031162		1779
996		1826		2033177		1776
997		1837		2035218		1776
998		1833		2037273		1776
999		1819		2039306		1769
