# Migration is number of nodes that have changed color.

Round		Edge-Cut		Swaps		Migrations		Skipped
0		4743		2299		1608
1		3936		4471		1698
2		3686		6607		1709
3		3601		8736		1736
4		3469		10852		1760
5		3305		12926		1752
6		3244		15044		1743
7		3171		17092		1722
8		3129		19146		1748
9		3097		21224		1782
10		3100		23278		1761
11		3057		25289		1779
12		3026		27366		1789
13		2990		29403		1803
14		2940		31448		1811
15		2935		33506		1784
16		2898		35539		1792
17		2862		37574		1772
18		2809		39625		1770
19		2758		41681		1778
20		2747		43730		1784
21		2722		45763		1818
22		2679		47804		1795
23		2672		49851		1809
24		2650		51846		1786
25		2580		53872		1765
26		2567		55868		1794
27		2567		57867		1778
28		2549		59893		1820
29		2548		61933		1790
30		2508		63952		1792
31		2484		66001		1800
32		2465		68055		1792
33		2455		70063		1794
34		2439		72073		1800
35		2419		74090		1793
36		2416		76105		1820
37		2401		78111		1790
38		2382		80118		1799
39		2359		82134		1815
40		2378		84138		1805
41		2353		86111		1821
42		2323		88089		1793
43		2323		90102		1787
44		2325		92105		1797
45		2270		94116		1809
46		2277		96124		1818
47		2270		98122		1809
48		2287		100131		1810
49		2246		102132		1792
50		2250		104126		1791
51		2268		106178		1822
52		2228		108192		1813
53		2203		110193		1795
54		2206		112184		1797
55		2210		114203		1807
56		2198		116185		1818
57		2206		118219		1824
58		2175		120228		1823
59		2183		122209		1814
60		2186		124209		1810
61		2171		126235		1788
62		2162		128246		1796
63		2141		130250		1825
64		2154		132257		1807
65		2149		134247		1803
66		2128		136274		1805
67		2143		138300		1793
68		2132		140289		1790
69		2139		142302		1802
70		2142		144305		1805
71		2137		146295		1809
72		2137		148318		1800
73		2133		150324		1802
74		2141		152345		1805
75		2124		154353		1810
76		2109		156345		1812
77		2095		158358		1797
78		2112		160370		1806
79		2107		162368		1809
80		2106		164379		1800
81		2128		166357		1792
82		2105		168340		1790
83		2102		170334		1792
84		2126		172333		1808
85		2115		174326		1789
86		2119		176333		1789
87		2132		178363		1794
88		2123		180378		1795
89		2148		182397		1791
90		2141		184408		1798
91		2129		186414		1811
92		2133		188420		1787
93		2129		190444		1816
94		2124		192427		1815
95		2114		194454		1807
96		2112		196472		1805
97		2101		198467		1798
98		2100		200480		1805
99		2118		202503		1800
100		2100		204569		1804
101		2109		206607		1789
102		2104		208644		1797
103		2099		210675		1793
104		2116		212719		1799
105		2123		214724		1794
106		2114		216759		1810
107		2106		218787		1800
108		2108		220787		1812
109		2099		222803		1806
110		2113		224817		1793
111		2095		226834		1811
112		2123		228866		1793
113		2100		230888		1812
114		2089		232857		1811
115		2093		234880		1800
116		2091		236919		1796
117		2098		238934		1786
118		2115		240952		1786
119		2107		242943		1775
120		2087		244976		1787
121		2085		247020		1785
122		2082		249027		1786
123		2072		251043		1793
124		2074		253080		1793
125		2080		255071		1800
126		2069		257112		1796
127		2079		259109		1797
128		2066		261092		1816
129		2068		263070		1806
130		2058		265105		1806
131		2071		267125		1824
132		2063		269113		1808
133		2056		271133		1796
134		2054		273154		1796
135		2073		275179		1810
136		2066		277179		1790
137		2060		279201		1803
138		2066		281218		1790
139		2038		283236		1794
140		2039		285238		1787
141		2037		287230		1790
142		2048		289268		1782
143		2067		291278		1797
144		2053		293293		1794
145		2030		295339		1818
146		2045		297371		1813
147		2025		299373		1797
148		2032		301385		1790
149		2022		303384		1784
150		2023		305385		1790
151		2017		307396		1801
152		2031		309406		1803
153		2030		311417		1776
154		2017		313421		1774
155		2015		315462		1795
156		2034		317497		1781
157		2045		319549		1789
158		2031		321571		1777
159		2026		323586		1783
160		2034		325586		1794
161		2033		327626		1791
162		2029		329634		1787
163		2019		331647		1777
164		2013		333655		1778
165		2026		335678		1785
166		2003		337685		1779
167		2027		339717		1792
168		2016		341731		1786
169		2017		343762		1776
170		2024		345779		1761
171		2000		347806		1781
172		2008		349843		1763
173		2021		351853		1786
174		2007		353880		1783
175		2016		355900		1776
176		2003		357926		1796
177		2020		359998		1789
178		2029		362047		1783
179		2018		364041		1794
180		2022		366071		1789
181		2014		368092		1788
182		2014		370092		1786
183		2004		372150		1778
184		2004		374183		1794
185		2004		376199		1782
186		2011		378227		1783
187		2016		380229		1784
188		2021		382258		1795
189		2001		384273		1796
190		2007		386276		1781
191		2024		388311		1796
192		2015		390330		1783
193		2014		392360		1794
194		2011		394384		1767
195		2009		396407		1793
196		1993		398438		1794
197		2001		400461		1789
198		2001		402494		1794
199		1989		404521		1798
200		1980		406508		1791
201		1986		408528		1792
202		1985		410548		1784
203		1991		412565		1792
204		1993		414589		1771
205		1990		416613		1782
206		1996		418633		1779
207		1990		420675		1778
208		2007		422708		1762
209		2003		424737		1769
210		2002		426784		1765
211		2027		428791		1780
212		2016		430800		1768
213		2027		432825		1772
214		2021		434843		1772
215		2018		436858		1781
216		2019		438907		1772
217		2021		440921		1789
218		2024		442957		1765
219		2001		444987		1779
220		1994		447023		1766
221		2013		449042		1781
222		2006		451041		1782
223		1990		453080		1779
224		1995		455061		1780
225		1997		457075		1789
226		2001		459076		1788
227		2004		461114		1781
228		2008		463137		1781
229		1993		465163		1779
230		1994		467160		1782
231		2002		469147		1792
232		2008		471169		1788
233		2016		473173		1796
234		2012		475222		1794
235		2012		477248		1778
236		1990		479263		1785
237		2002		481268		1787
238		1986		483304		1803
239		1983		485315		1797
240		1974		487348		1786
241		1983		489370		1786
242		1999		491362		1788
243		1991		493374		1777
244		1986		495409		1764
245		1982		497440		1768
246		1971		499466		1788
247		1956		501522		1801
248		1968		503540		1769
249		1968		505564		1779
250		1968		507579		1774
251		1968		509593		1777
252		1984		511597		1786
253		1979		513609		1790
254		1985		515624		1782
255		2002		517656		1773
256		1991		519693		1777
257		1980		521763		1789
258		1979		523792		1784
259		1991		525824		1788
260		2004		527836		1782
261		1994		529880		1789
262		1991		531923		1786
263		1992		533929		1787
264		1999		535947		1781
265		2001		537990		1784
266		2018		540024		1791
267		2014		542043		1780
268		1999		544078		1793
269		1990		546115		1790
270		1999		548157		1784
271		1995		550172		1776
272		2004		552189		1782
273		2009		554180		1789
274		2024		556209		1762
275		2013		558243		1775
276		1999		560248		1779
277		2032		562286		1778
278		2013		564331		1757
279		2001		566362		1785
280		1986		568368		1764
281		2005		570383		1768
282		1994		572402		1783
283		1997		574424		1761
284		2007		576468		1779
285		2009		578467		1769
286		1994		580477		1781
287		1994		582457		1785
288		2006		584499		1771
289		1984		586528		1777
290		1976		588572		1768
291		1970		590596		1773
292		1970		592617		1769
293		1987		594632		1761
294		1975		596644		1769
295		1968		598650		1784
296		1976		600666		1776
297		1990		602697		1776
298		1989		604733		1783
299		1987		606759		1772
300		2001		608781		1787
301		1997		610784		1784
302		2003		612822		1769
303		1962		614857		1775
304		1978		616875		1778
305		1985		618899		1773
306		1974		620923		1778
307		1976		622967		1788
308		1969		625003		1799
309		1972		627049		1777
310		1949		629105		1790
311		1963		631149		1806
312		1960		633166		1786
313		1944		635194		1779
314		1949		637198		1789
315		1954		639218		1778
316		1944		641234		1778
317		1949		643266		1792
318		1956		645319		1795
319		1965		647366		1799
320		1960		649389		1795
321		1967		651403		1800
322		1962		653456		1793
323		1960		655476		1796
324		1956		657508		1805
325		1955		659554		1797
326		1963		661575		1817
327		1965		663593		1795
328		1963		665593		1801
329		1967		667625		1793
330		1949		669637		1810
331		1970		671662		1804
332		1972		673747		1803
333		1960		675788		1802
334		1959		677814		1795
335		1962		679838		1809
336		1957		681881		1790
337		1961		683916		1803
338		1955		685963		1801
339		1981		687999		1784
340		1960		690050		1780
341		1984		692093		1800
342		1972		694111		1782
343		1957		696144		1788
344		1979		698144		1782
345		1991		700191		1783
346		1985		702230		1779
347		1988		704271		1780
348		1976		706301		1816
349		1982		708351		1789
350		1970		710394		1796
351		1970		712465		1781
352		1990		714507		1785
353		1984		716552		1785
354		1989		718610		1784
355		1999		720655		1773
356		1984		722696		1793
357		1990		724735		1785
358		1996		726772		1775
359		1992		728813		1779
360		1994		730830		1785
361		1986		732886		1780
362		2006		734916		1783
363		2007		736944		1778
364		2011		738985		1779
365		2002		741003		1788
366		1999		743027		1794
367		2007		745052		1804
368		2003		747064		1800
369		2001		749077		1777
370		1994		751092		1793
371		1981		753130		1795
372		1976		755153		1804
373		1973		757174		1797
374		1974		759211		1797
375		1981		761238		1788
376		1980		763284		1786
377		1991		765338		1777
378		1982		767376		1790
379		1988		769440		1796
380		1995		771458		1800
381		1997		773478		1772
382		1992		775517		1787
383		1987		777536		1781
384		2009		779580		1798
385		2005		781626		1773
386		1985		783633		1795
387		1998		785651		1777
388		1974		787693		1781
389		1979		789728		1784
390		1969		791743		1790
391		1967		793757		1775
392		1964		795805		1789
393		1971		797848		1771
394		1958		799853		1783
395		1977		801907		1783
396		1971		803972		1786
397		1979		806007		1783
398		1965		808052		1785
399		1953		810095		1779
400		1953		812129		1785
401		1958		814146		1789
402		1950		816172		1796
403		1944		818203		1780
404		1965		820276		1793
405		1961		822325		1786
406		1966		824365		1802
407		1954		826414		1786
408		1961		828468		1810
409		1936		830506		1803
410		1945		832535		1789
411		1923		834582		1802
412		1941		836622		1793
413		1937		838646		1793
414		1941		840674		1788
415		1929		842728		1803
416		1929		844741		1796
417		1936		846776		1796
418		1920		848817		1787
419		1926		850872		1795
420		1914		852913		1790
421		1917		854960		1785
422		1924		857006		1792
423		1918		859061		1793
424		1922		861115		1791
425		1925		863179		1790
426		1925		865223		1788
427		1921		867258		1808
428		1925		869300		1796
429		1925		871354		1792
430		1938		873403		1788
431		1929		875435		1820
432		1933		877482		1800
433		1929		879527		1795
434		1930		881584		1816
435		1935		883613		1803
436		1941		885663		1805
437		1934		887733		1796
438		1921		889798		1792
439		1934		891853		1808
440		1938		893896		1789
441		1960		895957		1808
442		1956		898008		1811
443		1941		900091		1778
444		1948		902121		1789
445		1940		904163		1797
446		1958		906238		1786
447		1953		908279		1800
448		1960		910344		1786
449		1953		912389		1789
450		1951		914420		1788
451		1956		916463		1780
452		1949		918511		1779
453		1941		920551		1781
454		1939		922591		1790
455		1942		924658		1766
456		1933		926731		1787
457		1948		928777		1777
458		1950		930806		1790
459		1948		932839		1786
460		1957		934872		1783
461		1953		936901		1764
462		1954		938963		1776
463		1975		940983		1788
464		1953		943018		1791
465		1951		945059		1778
466		1952		947091		1788
467		1944		949117		1777
468		1950		951154		1775
469		1947		953180		1780
470		1954		955214		1793
471		1962		957245		1782
472		1958		959278		1781
473		1943		961303		1787
474		1949		963368		1792
475		1963		965404		1791
476		1964		967451		1778
477		1941		969492		1807
478		1933		971542		1795
479		1947		973566		1796
480		1931		975609		1791
481		1934		977653		1793
482		1932		979675		1796
483		1932		981722		1802
484		1931		983761		1786
485		1938		985814		1795
486		1941		987873		1788
487		1960		989938		1771
488		1955		991993		1770
489		1953		994064		1776
490		1963		996090		1785
491		1971		998159		1782
492		1986		1000201		1790
493		1966		1002252		1799
494		1980		1004322		1789
495		1941		1006370		1795
496		1955		1008397		1803
497		1947		1010472		1792
498		1944		1012516		1786
499		1930		1014562		1784
500		1943		1016619		1799
501		1994		1018700		1795
502		2039		1020792		1802
503		2065		1022879		1796
504		2097		1024955		1795
505		2136		1027032		1773
506		2149		1029114		1763
507		2185		1031204		1766
508		2181		1033273		1776
509		2173		1035340		1770
510		2176		1037448		1808
511		2223		1039543		1765
512		2241		1041624		1782
513		2270		1043695		1783
514		2248		1045757		1800
515		2279		1047831		1791
516		2267		1049891		1793
517		2223		1051956		1780
518		2249		1054028		1796
519		2244		1056095		1804
520		2217		1058161		1779
521		2161		1060211		1783
522		2187		1062242		1790
523		2163		1064318		1767
524		2160		1066351		1791
525		2164		1068395		1756
526		2141		1070463		1774
527		2176		1072526		1775
528		2158		1074596		1787
529		2152		1076638		1792
530		2175		1078652		1779
531		2166		1080714		1808
532		2158		1082778		1796
533		2185		1084823		1805
534		2176		1086885		1810
535		2177		1088930		1777
536		2187		1090993		1793
537		2190		1093065		1799
538		2153		1095132		1804
539		2141		1097163		1792
540		2131		1099218		1783
541		2119		1101275		1797
542		2117		1103321		1800
543		2111		1105352		1797
544		2123		1107397		1778
545		2092		1109444		1766
546		2087		1111494		1802
547		2090		1113549		1802
548		2075		1115624		1792
549		2076		1117675		1815
550		2078		1119749		1810
551		2069		1121796		1808
552		2060		1123837		1808
553		2075		1125898		1811
554		2069		1127958		1817
555		2055		1130013		1807
556		2042		1132036		1805
557		2050		1134108		1801
558		2064		1136130		1810
559		2050		1138193		1822
560		2057		1140237		1816
561		2052		1142306		1824
562		2064		1144368		1815
563		2058		1146430		1823
564		2064		1148470		1836
565		2058		1150508		1819
566		2060		1152532		1826
567		2047		1154570		1812
568		2045		1156636		1834
569		2031		1158682		1811
570		2045		1160746		1811
571		2034		1162789		1818
572		2041		1164837		1827
573		2030		1166901		1836
574		2026		1168943		1814
575		2033		1170998		1833
576		2026		1173037		1799
577		2024		1175100		1815
578		1993		1177151		1813
579		2002		1179185		1819
580		1992		1181252		1804
581		1995		1183290		1798
582		2001		1185336		1798
583		1998		1187407		1803
584		2004		1189470		1792
585		1982		1191532		1785
586		1987		1193555		1784
587		1995		1195613		1804
588		1988		1197684		1788
589		1977		1199732		1816
590		1964		1201791		1808
591		1962		1203801		1807
592		1954		1205813		1800
593		1945		1207827		1809
594		1965		1209872		1803
595		1944		1211931		1798
596		1952		1213989		1784
597		1944		1216038		1795
598		1941		1218091		1800
599		1944		1220141		1808
600		1932		1222204		1797
601		1933		1224244		1792
602		1926		1226287		1796
603		1947		1228345		1808
604		1957		1230420		1787
605		1966		1232480		1796
606		1947		1234538		1809
607		1939		1236589		1817
608		1946		1238639		1813
609		1936		1240691		1799
610		1936		1242763		1804
611		1918		1244812		1801
612		1924		1246856		1798
613		1934		1248906		1795
614		1921		1250941		1803
615		1907		1252994		1792
616		1911		1255034		1808
617		1913		1257103		1802
618		1920		1259193		1799
619		1910		1261221		1803
620		1923		1263259		1789
621		1917		1265286		1799
622		1911		1267341		1815
623		1906		1269371		1822
624		1928		1271417		1813
625		1909		1273476		1812
626		1916		1275505		1816
627		1918		1277557		1806
628		1907		1279599		1814
629		1918		1281611		1825
630		1903		1283655		1819
631		1910		1285721		1814
632		1902		1287766		1807
633		1910		1289799		1807
634		1912		1291855		1814
635		1914		1293887		1810
636		1913		1295943		1790
637		1904		1297992		1800
638		1911		1300038		1814
639		1905		1302094		1815
640		1903		1304117		1810
641		1907		1306155		1812
642		1902		1308199		1810
643		1896		1310250		1819
644		1865		1312273		1813
645		1875		1314277		1816
646		1870		1316317		1826
647		1867		1318348		1815
648		1880		1320404		1790
649		1859		1322437		1806
650		1877		1324456		1796
651		1864		1326499		1806
652		1884		1328534		1813
653		1874		1330575		1805
654		1877		1332618		1808
655		1875		1334655		1806
656		1868		1336700		1806
657		1878		1338748		1803
658		1867		1340812		1792
659		1872		1342854		1799
660		1870		1344882		1798
661		1890		1346923		1779
662		1875		1348964		1799
663		1875		1351005		1804
664		1884		1353082		1788
665		1876		1355157		1798
666		1875		1357202		1803
667		1871		1359256		1818
668		1883		1361296		1817
669		1900		1363352		1805
670		1879		1365389		1805
671		1869		1367444		1799
672		1866		1369468		1811
673		1882		1371533		1822
674		1877		1373567		1805
675		1890		1375635		1819
676		1894		1377697		1810
677		1876		1379749		1810
678		1864		1381825		1823
679		1869		1383854		1800
680		1884		1385868		1812
681		1887		1387922		1823
682		1882		1389991		1809
683		1893		1392043		1806
684		1884		1394086		1818
685		1892		1396120		1806
686		1893		1398149		1821
687		1899		1400191		1823
688		1892		1402259		1806
689		1890		1404302		1799
690		1902		1406352		1804
691		1884		1408406		1806
692		1877		1410461		1803
693		1893		1412522		1797
694		1900		1414567		1795
695		1892		1416621		1793
696		1874		1418682		1793
697		1875		1420766		1799
698		1871		1422832		1799
699		1876		1424891		1800
700		1870		1426950		1795
701		1872		1429016		1807
702		1884		1431076		1807
703		1864		1433137		1804
704		1868		1435191		1802
705		1878		1437252		1807
706		1869		1439316		1803
707		1865		1441377		1796
708		1855		1443446		1803
709		1880		1445511		1800
710		1860		1447570		1813
711		1856		1449649		1815
712		1854		1451701		1803
713		1859		1453762		1804
714		1862		1455817		1809
715		1870		1457860		1805
716		1865		1459935		1803
717		1851		1461975		1804
718		1866		1464031		1813
719		1877		1466090		1819
720		1864		1468132		1811
721		1869		1470146		1819
722		1868		1472195		1807
723		1856		1474255		1807
724		1870		1476303		1823
725		1883		1478333		1803
726		1884		1480378		1806
727		1878		1482407		1805
728		1876		1484467		1804
729		1880		1486523		1801
730		1876		1488593		1809
731		1889		1490657		1799
732		1875		1492701		1809
733		1870		1494734		1792
734		1866		1496774		1794
735		1859		1498815		1794
736		1865		1500870		1786
737		1855		1502931		1794
738		1864		1504970		1803
739		1865		1507017		1797
740		1863		1509080		1796
741		1876		1511122		1815
742		1860		1513180		1803
743		1870		1515253		1806
744		1870		1517328		1782
745		1880		1519362		1807
746		1888		1521419		1807
747		1894		1523476		1793
748		1889		1525524		1799
749		1873		1527578		1809
750		1874		1529626		1783
751		1885		1531688		1817
752		1891		1533735		1811
753		1885		1535772		1802
754		1903		1537820		1802
755		1884		1539855		1798
756		1879		1541880		1792
757		1886		1543981		1801
758		1879		1546022		1807
759		1876		1548097		1809
760		1883		1550153		1808
761		1898		1552219		1814
762		1914		1554276		1801
763		1903		1556316		1811
764		1902		1558384		1810
765		1905		1560426		1809
766		1902		1562492		1812
767		1887		1564567		1800
768		1883		1566662		1795
769		1883		1568723		1803
770		1888		1570794		1809
771		1891		1572850		1806
772		1897		1574912		1811
773		1911		1576981		1793
774		1877		1579034		1790
775		1883		1581104		1800
776		1887		1583194		1790
777		1875		1585260		1803
778		1901		1587310		1817
779		1889		1589375		1813
780		1897		1591433		1790
781		1872		1593505		1787
782		1881		1595567		1808
783		1876		1597614		1792
784		1888		1599646		1782
785		1876		1601699		1784
786		1887		1603766		1784
787		1896		1605827		1788
788		1884		1607888		1785
789		1884		1609947		1793
790		1874		1612009		1773
791		1894		1614076		1789
792		1901		1616138		1792
793		1904		1618191		1796
794		1887		1620277		1791
795		1879		1622337		1781
796		1878		1624393		1773
797		1865		1626465		1770
798		1876		1628545		1773
799		1867		1630607		1772
800		1857		1632706		1791
801		1852		1634777		1793
802		1853		1636823		1789
803		1852		1638888		1775
804		1852		1640944		1772
805		1859		1643010		1789
806		1846		1645069		1772
807		1847		1647125		1792
808		1864		1649186		1778
809		1862		1651248		1802
810		1858		1653316		1785
811		1853		1655387		1788
812		1851		1657448		1800
813		1848		1659511		1785
814		1854		1661562		1787
815		1843		1663618		1791
816		1843		1665708		1779
817		1852		1667767		1795
818		1844		1669822		1786
819		1832		1671876		1788
820		1835		1673922		1795
821		1840		1675976		1783
822		1846		1678036		1796
823		1853		1680119		1798
824		1853		1682192		1790
825		1859		1684253		1800
826		1870		1686305		1801
827		1851		1688385		1788
828		1853		1690443		1801
829		1843		1692519		1793
830		1848		1694573		1802
831		1846		1696641		1791
832		1853		1698732		1778
833		1850		1700787		1792
834		1847		1702854		1802
835		1853		1704906		1792
836		1837		1706973		1787
837		1837		1709055		1777
838		1853		1711111		1789
839		1851		1713169		1797
840		1853		1715241		1778
841		1842		1717322		1791
842		1873		1719380		1799
843		1852		1721444		1796
844		1843		1723498		1806
845		1849		1725570		1798
846		1859		1727644		1799
847		1848		1729723		1790
848		1843		1731786		1799
849		1867		1733855		1800
850		1848		1735911		1798
851		1843		1737994		1785
852		1839		1740060		1782
853		1845		1742122		1794
854		1833		1744202		1773
855		1839		1746258		1788
856		1835		1748322		1808
857		1837		1750397		1800
858		1850		1752443		1804
859		1842		1754519		1802
860		1849		1756612		1791
861		1834		1758691		1798
862		1848		1760782		1794
863		1840		1762873		1795
864		1822		1764944		1779
865		1855		1767003		1784
866		1832		1769058		1806
867		1835		1771112		1794
868		1844		1773191		1805
869		1828		1775274		1795
870		1825		1777351		1802
871		1824		1779418		1799
872		1828		1781481		1802
873		1845		1783525		1801
874		1821		1785571		1795
875		1838		1787619		1802
876		1841		1789689		1803
877		1825		1791772		1795
878		1823		1793827		1814
879		1813		1795889		1786
880		1809		1797967		1800
881		1814		1800028		1812
882		1808		1802093		1792
883		1808		1804143		1788
884		1815		1806226		1785
885		1812		1808294		1795
886		1812		1810336		1798
887		1809		1812408		1793
888		1810		1814455		1804
889		1816		1816506		1794
890		1817		1818578		1787
891		1839		1820654		1811
892		1826		1822739		1810
893		1817		1824811		1797
894		1821		1826871		1789
895		1820		1828910		1808
896		1811		1830995		1805
897		1804		1833064		1796
898		1820		1835131		1809
899		1807		1837208		1792
900		1809		1839289		1808
901		1803		1841371		1800
902		1818		1843437		1816
903		1815		1845535		1818
904		1810		1847620		1801
905		1808		1849683		1811
906		1832		1851752		1805
907		1819		1853811		1815
908		1804		1855887		1805
909		1823		1857955		1802
910		1825		1860016		1819
911		1830		1862084		1808
912		1851		1864176		1802
913		1823		1866252		1813
914		1847		1868331		1797
915		1833		1870429		1800
916		1832		1872495		1811
917		1837		1874578		1813
918		1825		1876659		1791
919		1833		1878716		1816
920		1827		1880818		1812
921		1830		1882891		1806
922		1821		1884961		1798
923		1836		1887052		1800
924		1832		1889151		1815
925		1836		1891246		1793
926		1821		1893327		1807
927		1832		1895425		1813
928		1819		1897519		1809
929		1829		1899606		1798
930		1832		1901686		1803
931		1823		1903740		1803
932		1826		1905813		1787
933		1824		1907903		1808
934		1837		1909976		1798
935		1823		1912070		1792
936		1839		1914162		1802
937		1834		1916244		1800
938		1830		1918333		1797
939		1816		1920402		1795
940		1820		1922485		1802
941		1811		1924557		1796
942		1823		1926614		1807
943		1825		1928673		1792
944		1812		1930757		1801
945		1840		1932826		1806
946		1820		1934915		1808
947		1827		1936986		1809
948		1834		1939072		1815
949		1852		1941133		1809
950		1845		1943210		1802
951		1832		1945286		1822
952		1824		1947352		1807
953		1829		1949429		1813
954		1846		1951517		1801
955		1826		1953611		1807
956		1837		1955679		1801
957		1817		1957731		1811
958		1821		1959815		1797
959		1817		1961937		1810
960		1805		1964015		1807
961		1794		1966099		1807
962		1810		1968176		1786
963		1814		1970267		1790
964		1812		1972338		1799
965		1820		1974405		1801
966		1817		1976501		1804
967		1823		1978563		1810
968		1833		1980659		1799
969		1835		1982738		1802
970		1823		1984821		1796
971		1812		1986896		1805
972		1812		1988953		1808
973		1812		1991025		1817
974		1806		1993088		1807
975		1817		1995168		1802
976		1817		1997227		1811
977		1804		1999304		1811
978		1817		2001367		1803
979		1818		2003415		1809
980		1809		2005495		1814
981		1807		2007591		1825
982		1808		2009669		1820
983		1813		2011723		1809
984		1813		2013789		1806
985		1817		2015858		1805
986		1820		2017942		1806
987		1834		2020035		1815
988		1835		2022141		1807
989		1840		2024224		1807
990		1831		2026310		1824
991		1834		2028386		1815
992		1804		2030452		1811
993		1818		2032548		1817
994		1825		2034623		1820
995		1817		2036698		1807
996		1830		2038786		1797
997		1819		2040855		1804
998		1813		2042938		1805
999		1818		2045026		1807
