# Migration is number of nodes that have changed color.

Round		Edge-Cut		Swaps		Migrations		Skipped
0		828		249		188
1		792		496		186
2		780		745		193
3		751		990		193
4		737		1236		190
5		737		1469		178
6		739		1709		188
7		723		1953		194
8		741		2189		195
9		750		2433		182
10		737		2671		188
11		727		2917		194
12		699		3162		191
13		696		3397		186
14		695		3635		199
15		655		3872		186
16		651		4113		194
17		627		4357		191
18		633		4589		190
19		643		4825		182
20		625		5065		183
21		608		5298		193
22		613		5522		199
23		597		5755		177
24		597		5986		183
25		568		6217		194
26		552		6438		188
27		533		6660		190
28		547		6881		187
29		560		7100		190
30		555		7330		198
31		536		7558		192
32		534		7789		187
33		535		8009		195
34		547		8241		190
35		525		8465		194
36		491		8701		191
37		485		8916		187
38		474		9145		180
39		471		9360		191
40		467		9583		183
41		461		9811		188
42		451		10028		189
43		442		10247		188
44		419		10468		193
45		414		10692		184
46		409		10908		186
47		401		11125		190
48		392		11346		188
49		383		11569		180
50		377		11789		192
51		387		12013		192
52		393		12230		193
53		394		12450		186
54		398		12667		191
55		378		12891		187
56		380		13122		189
57		378		13343		194
58		361		13563		195
59		368		13781		196
60		350		14000		188
61		357		14220		193
62		352		14446		188
63		338		14662		187
64		348		14882		188
65		376		15096		193
66		354		15318		181
67		366		15541		192
68		359		15768		189
69		347		15989		187
70		336		16209		197
71		340		16428		186
72		339		16657		185
73		342		16874		182
74		345		17105		185
75		338		17323		186
76		331		17546		192
77		346		17762		196
78		331		17985		194
79		338		18211		191
80		325		18433		189
81		327		18655		185
82		330		18878		188
83		329		19101		185
84		321		19327		186
85		318		19543		183
86		299		19759		186
87		310		19985		183
88		314		20204		189
89		318		20437		191
90		329		20653		186
91		331		20871		188
92		335		21092		188
93		315		21311		183
94		310		21531		187
95		293		21752		181
96		295		21969		184
97		285		22191		189
98		284		22409		185
99		281		22635		184
100		273		22857		192
101		278		23085		188
102		270		23315		187
103		263		23535		193
104		270		23755		192
105		279		23980		192
106		273		24205		188
107		267		24420		187
108		265		24639		188
109		277		24863		192
110		279		25085		195
111		273		25300		193
112		264		25520		191
113		272		25736		191
114		268		25960		191
115		273		26179		189
116		272		26399		188
117		275		26616		192
118		270		26838		190
119		271		27058		195
120		269		27279		190
121		277		27506		185
122		282		27726		189
123		267		27948		189
124		269		28170		195
125		264		28389		188
126		280		28617		190
127		278		28835		189
128		286		29063		189
129		278		29278		192
130		298		29501		190
131		288		29725		182
132		291		29948		195
133		300		30179		188
134		288		30402		188
135		274		30627		193
136		283		30851		195
137		283		31080		194
138		286		31301		188
139		274		31526		183
140		284		31742		190
141		282		31974		191
142		282		32205		184
143		259		32434		189
144		263		32647		191
145		271		32874		191
146		284		33093		194
147		286		33316		188
148		292		33539		197
149		282		33765		183
150		281		33992		182
151		282		34214		189
152		281		34444		187
153		283		34665		188
154		267		34886		187
155		268		35115		187
156		268		35334		190
157		256		35539		189
158		264		35760		183
159		264		35983		187
160		253		36203		189
161		262		36421		193
162		264		36649		192
163		269		36872		189
164		270		37097		191
165		274		37325		193
166		280		37550		193
167		285		37775		190
168		288		37994		187
169		274		38216		186
170		274		38431		185
171		268		38649		187
172		260		38872		182
173		274		39096		182
174		287		39323		184
175		281		39546		181
176		274		39771		192
177		281		39994		183
178		276		40216		180
179		278		40444		186
180		271		40662		190
181		275		40888		187
182		273		41109		187
183		270		41329		197
184		268		41553		186
185		269		41777		185
186		266		42005		180
187		266		42227		186
188		266		42448		190
189		271		42671		182
190		261		42896		184
191		261		43120		183
192		263		43334		185
193		255		43559		184
194		264		43783		184
195		257		44008		187
196		258		44230		187
197		263		44455		185
198		276		44676		185
199		275		44903		191
200		271		45125		187
201		267		45346		188
202		272		45564		186
203		281		45787		191
204		270		46013		182
205		285		46241		187
206		285		46466		186
207		292		46694		190
208		297		46916		189
209		291		47139		188
210		292		47365		188
211		291		47585		191
212		284		47814		191
213		277		48027		185
214		280		48239		186
215		276		48467		190
216		271		48687		187
217		284		48908		194
218		276		49130		190
219		271		49357		182
220		281		49587		190
221		282		49812		190
222		285		50031		187
223		289		50263		184
224		281		50491		195
225		255		50718		190
226		252		50943		187
227		262		51172		188
228		272		51401		190
229		255		51621		188
230		256		51850		190
231		262		52078		189
232		254		52300		187
233		254		52511		190
234		259		52738		185
235		259		52964		184
236		254		53193		188
237		246		53418		187
238		251		53640		191
239		251		53865		190
240		238		54089		190
241		249		54310		186
242		240		54537		186
243		239		54756		191
244		247		54985		181
245		253		55207		185
246		254		55435		192
247		247		55665		192
248		255		55890		192
249		244		56115		187
250		241		56340		187
251		229		56565		188
252		233		56791		183
253		239		57019		185
254		232		57250		186
255		237		57476		185
256		228		57700		182
257		230		57928		185
258		232		58146		193
259		233		58370		194
260		231		58590		192
261		241		58816		187
262		245		59037		189
263		237		59261		188
264		238		59482		192
265		245		59709		187
266		228		59934		186
267		224		60163		183
268		227		60390		185
269		216		60613		182
270		219		60834		184
271		236		61051		188
272		241		61275		186
273		245		61495		186
274		227		61717		189
275		224		61942		184
276		229		62172		195
277		228		62396		194
278		226		62618		190
279		238		62841		191
280		248		63060		188
281		252		63281		192
282		254		63502		192
283		258		63732		188
284		274		63956		185
285		261		64176		183
286		259		64408		188
287		247		64642		185
288		259		64877		185
289		280		65101		189
290		278		65336		185
291		270		65571		186
292		269		65797		186
293		260		66026		191
294		264		66250		190
295		264		66479		186
296		257		66703		193
297		262		66930		191
298		267		67159		193
299		272		67387		182
300		277		67616		188
301		271		67840		188
302		274		68065		183
303		261		68291		188
304		263		68514		190
305		253		68739		188
306		267		68967		182
307		266		69194		186
308		267		69426		186
309		272		69654		190
310		277		69878		186
311		272		70113		187
312		271		70349		188
313		265		70581		186
314		270		70808		179
315		270		71032		192
316		271		71263		189
317		262		71484		186
318		264		71703		188
319		276		71930		192
320		282		72156		179
321		272		72382		186
322		257		72607		196
323		275		72841		182
324		287		73064		179
325		287		73292		188
326		274		73516		190
327		273		73736		192
328		287		73965		187
329		277		74198		185
330		270		74429		187
331		277		74663		187
332		276		74891		183
333		269		75116		190
334		283		75344		186
335		267		75574		188
336		266		75800		191
337		286		76027		185
338		287		76261		186
339		307		76495		186
340		308		76722		180
341		294		76957		184
342		283		77187		186
343		275		77420		187
344		278		77641		192
345		279		77876		189
346		272		78112		189
347		277		78341		192
348		269		78572		186
349		272		78806		188
350		265		79030		189
351		252		79254		186
352		259		79480		191
353		242		79708		189
354		242		79932		188
355		225		80163		185
356		221		80391		189
357		219		80614		186
358		226		80841		190
359		231		81073		190
360		233		81298		188
361		214		81523		189
362		227		81750		187
363		217		81971		186
364		217		82197		194
365		217		82422		193
366		218		82652		189
367		222		82880		185
368		230		83113		186
369		227		83345		192
370		222		83579		190
371		223		83800		189
372		235		84031		183
373		240		84252		189
374		228		84481		185
375		223		84707		183
376		221		84932		188
377		219		85152		190
378		206		85374		185
379		219		85600		184
380		219		85828		185
381		224		86061		185
382		231		86290		183
383		222		86521		192
384		229		86746		186
385		234		86977		182
386		235		87212		186
387		233		87440		184
388		215		87660		186
389		206		87883		187
390		199		88110		182
391		193		88343		185
392		194		88570		187
393		201		88795		187
394		218		89028		187
395		218		89256		182
396		212		89485		182
397		202		89717		184
398		215		89946		190
399		222		90179		183
400		216		90395		188
401		217		90624		188
402		226		90854		187
403		223		91076		186
404		234		91305		188
405		243		91536		185
406		233		91751		193
407		233		91986		188
408		227		92212		189
409		223		92442		188
410		225		92663		194
411		216		92891		189
412		220		93116		188
413		221		93341		189
414		230		93565		190
415		221		93788		183
416		227		94020		187
417		226		94248		191
418		220		94478		193
419		217		94705		186
420		224		94929		188
421		230		95157		187
422		233		95387		184
423		236		95613		187
424		239		95839		191
425		247		96059		186
426		264		96290		186
427		271		96520		185
428		270		96752		183
429		263		96978		189
430		267		97203		186
431		245		97426		184
432		251		97661		187
433		264		97888		186
434		271		98114		192
435		256		98338		190
436		262		98569		184
437		264		98796		192
438		262		99025		189
439		263		99261		188
440		270		99493		186
441		265		99722		185
442		268		99950		185
443		261		100176		188
444		251		100403		190
445		246		100629		192
446		255		100857		184
447		260		101079		187
448		261		101303		187
449		258		101527		187
450		260		101751		186
451		260		101981		187
452		262		102204		190
453		264		102432		188
454		259		102658		184
455		264		102881		197
456		266		103104		188
457		271		103337		188
458		282		103575		193
459		281		103807		184
460		273		104034		188
461		285		104260		189
462		278		104484		181
463		276		104715		190
464		267		104934		190
465		274		105158		189
466		247		105392		183
467		244		105625		191
468		236		105849		185
469		237		106078		189
470		236		106308		184
471		246		106535		184
472		261		106760		181
473		262		106997		183
474		259		107230		190
475		270		107458		190
476		265		107683		187
477		258		107912		192
478		243		108143		191
479		226		108375		188
480		221		108600		188
481		224		108827		185
482		229		109059		189
483		221		109287		188
484		213		109510		189
485		224		109738		187
486		233		109965		183
487		234		110202		186
488		225		110425		188
489		236		110656		194
490		235		110885		195
491		219		111113		185
492		227		111338		188
493		241		111562		186
494		239		111797		194
495		249		112022		186
496		236		112252		184
497		241		112485		187
498		245		112716		179
499		237		112940		186
500		241		113162		184
501		249		113392		188
502		244		113624		192
503		235		113852		184
504		241		114081		184
505		252		114307		184
506		252		114540		183
507		243		114770		187
508		266		115000		184
509		282		115236		191
510		276		115465		181
511		289		115694		187
512		303		115925		189
513		289		116155		183
514		295		116392		188
515		280		116619		186
516		274		116855		186
517		293		117086		191
518		289		117315		188
519		293		117548		188
520		290		117768		185
521		295		118000		187
522		276		118228		185
523		255		118460		186
524		266		118690		181
525		276		118919		185
526		295		119160		186
527		293		119392		185
528		300		119633		182
529		293		119857		188
530		276		120090		194
531		279		120316		191
532		282		120549		182
533		308		120783		185
534		301		121022		188
535		295		121251		184
536		273		121489		184
537		268		121721		185
538		268		121950		184
539		259		122184		187
540		265		122423		189
541		243		122647		190
542		234		122877		190
543		219		123112		181
544		212		123347		190
545		221		123573		189
546		223		123802		185
547		219		124036		186
548		224		124272		194
549		225		124501		187
550		210		124732		185
551		201		124963		184
552		202		125196		185
553		202		125420		186
554		219		125650		186
555		221		125882		182
556		203		126119		187
557		211		126355		190
558		218		126580		186
559		218		126811		184
560		218		127044		183
561		215		127279		193
562		234		127513		188
563		231		127747		192
564		229		127977		184
565		224		128216		188
566		219		128447		182
567		202		128683		184
568		203		128920		182
569		202		129151		189
570		199		129382		187
571		174		129614		188
572		176		129839		187
573		175		130068		187
574		174		130295		189
575		183		130527		189
576		187		130763		190
577		184		130984		187
578		177		131215		186
579		175		131442		187
580		184		131675		187
581		178		131900		183
582		171		132129		186
583		179		132355		186
584		173		132589		186
585		179		132822		189
586		187		133049		187
587		187		133276		182
588		196		133506		186
589		206		133737		189
590		195		133971		187
591		200		134201		190
592		193		134425		191
593		180		134649		194
594		169		134876		188
595		179		135106		187
596		185		135338		187
597		196		135566		191
598		192		135799		191
599		181		136026		187
600		182		136253		186
601		176		136481		190
602		177		136716		190
603		170		136946		187
604		170		137176		187
605		175		137407		185
606		184		137631		185
607		183		137862		186
608		178		138089		191
609		169		138325		191
610		167		138561		187
611		161		138793		188
612		139		139025		186
613		137		139255		187
614		137		139474		187
615		140		139696		186
616		135		139921		190
617		135		140149		186
618		135		140383		188
619		144		140621		184
620		145		140850		184
621		144		141083		187
622		142		141318		188
623		136		141547		185
624		143		141781		188
625		131		142011		188
626		140		142248		186
627		135		142475		187
628		142		142710		189
629		146		142937		190
630		147		143167		190
631		147		143404		188
632		137		143630		189
633		143		143858		187
634		143		144088		188
635		150		144320		189
636		150		144557		188
637		156		144785		188
638		153		145018		187
639		155		145245		189
640		162		145478		191
641		167		145709		191
642		163		145941		189
643		165		146175		188
644		171		146405		184
645		175		146625		186
646		167		146861		188
647		169		147092		190
648		165		147322		188
649		172		147556		188
650		180		147790		192
651		187		148028		187
652		187		148266		189
653		182		148496		188
654		181		148735		188
655		181		148971		185
656		192		149210		186
657		202		149433		184
658		194		149672		188
659		192		149904		178
660		194		150136		185
661		194		150367		185
662		185		150597		186
663		172		150828		187
664		170		151069		187
665		184		151298		188
666		183		151534		189
667		181		151763		183
668		182		151990		189
669		162		152223		188
670		166		152453		187
671		163		152689		190
672		163		152920		189
673		160		153155		189
674		162		153388		190
675		163		153612		187
676		167		153840		189
677		165		154075		188
678		171		154297		186
679		171		154530		186
680		173		154768		187
681		173		154998		191
682		180		155234		183
683		177		155465		186
684		183		155701		180
685		192		155937		184
686		192		156172		185
687		188		156407		187
688		181		156638		187
689		175		156871		185
690		172		157105		185
691		166		157336		189
692		154		157570		184
693		157		157805		182
694		150		158040		188
695		145		158270		190
696		145		158505		186
697		147		158734		188
698		143		158968		186
699		144		159201		189
700		144		159429		186
701		149		159658		184
702		145		159885		185
703		148		160120		190
704		161		160350		186
705		157		160578		186
706		151		160814		188
707		144		161048		188
708		144		161281		188
709		135		161513		188
710		137		161749		188
711		141		161979		188
712		142		162216		188
713		142		162445		187
714		146		162678		187
715		149		162906		187
716		153		163143		188
717		143		163365		191
718		138		163594		188
719		147		163834		188
720		143		164068		187
721		146		164304		186
722		143		164537		186
723		145		164769		189
724		143		165010		190
725		147		165242		189
726		141		165475		187
727		142		165705		188
728		147		165943		186
729		154		166176		187
730		151		166412		187
731		153		166647		186
732		151		166881		188
733		153		167111		187
734		167		167331		186
735		171		167564		185
736		177		167800		189
737		180		168031		190
738		181		168261		189
739		178		168495		183
740		186		168726		186
741		190		168959		182
742		201		169193		186
743		193		169426		182
744		173		169661		185
745		171		169900		192
746		174		170134		185
747		182		170372		188
748		185		170603		188
749		180		170834		186
750		176		171063		184
751		178		171292		189
752		176		171525		187
753		177		171759		181
754		182		171994		187
755		186		172227		192
756		184		172456		188
757		188		172696		183
758		184		172924		185
759		189		173157		187
760		185		173389		181
761		183		173624		188
762		172		173855		187
763		175		174095		184
764		182		174328		191
765		187		174560		192
766		187		174795		185
767		184		175026		191
768		187		175254		187
769		186		175483		188
770		181		175719		187
771		188		175953		181
772		187		176195		188
773		181		176430		192
774		189		176664		188
775		199		176900		194
776		196		177141		187
777		187		177380		183
778		183		177611		184
779		184		177843		187
780		193		178082		183
781		195		178317		188
782		193		178553		183
783		184		178790		188
784		189		179025		187
785		194		179265		181
786		196		179498		190
787		207		179730		186
788		203		179968		185
789		208		180198		182
790		203		180431		193
791		184		180660		184
792		197		180896		188
793		190		181126		187
794		189		181356		189
795		167		181590		186
796		165		181819		189
797		165		182052		193
798		171		182283		187
799		177		182515		189
800		168		182744		189
801		166		182979		187
802		171		183218		193
803		174		183457		187
804		173		183694		182
805		174		183936		187
806		177		184174		189
807		177		184407		185
808		176		184642		182
809		170		184877		188
810		166		185112		185
811		152		185345		185
812		154		185575		189
813		154		185813		187
814		153		186050		183
815		155		186279		187
816		155		186508		186
817		157		186742		191
818		158		186974		189
819		159		187214		190
820		158		187449		191
821		155		187687		187
822		152		187921		192
823		148		188156		187
824		148		188390		184
825		159		188630		187
826		152		188867		186
827		154		189106		185
828		165		189337		190
829		155		189578		189
830		163		189814		184
831		158		190051		187
832		146		190287		190
833		150		190522		186
834		150		190758		190
835		155		190994		188
836		151		191229		193
837		152		191466		189
838		155		191694		187
839		139		191930		189
840		145		192161		190
841		143		192394		191
842		143		192619		189
843		151		192859		188
844		148		193099		189
845		142		193331		190
846		139		193562		187
847		133		193795		189
848		141		194023		187
849		140		194256		192
850		135		194489		188
851		129		194722		192
852		130		194953		191
853		130		195177		187
854		131		195411		185
855		133		195643		186
856		143		195874		186
857		145		196106		187
858		151		196342		187
859		156		196577		190
860		156		196807		191
861		164		197044		189
862		162		197282		189
863		160		197519		182
864		160		197758		185
865		166		198002		182
866		164		198229		182
867		167		198467		186
868		161		198691		186
869		165		198922		189
870		168		199157		185
871		156		199397		184
872		155		199629		190
873		152		199862		189
874		156		200100		189
875		157		200337		187
876		154		200575		189
877		159		200810		184
878		165		201045		186
879		161		201275		185
880		158		201514		191
881		159		201739		188
882		158		201974		185
883		158		202206		184
884		159		202436		190
885		163		202675		188
886		164		202917		188
887		163		203155		192
888		179		203384		188
889		180		203623		193
890		185		203858		193
891		181		204097		187
892		190		204335		186
893		194		204575		185
894		189		204809		193
895		197		205046		188
896		197		205277		189
897		201		205511		189
898		217		205746		190
899		212		205984		193
900		206		206221		188
901		206		206456		189
902		205		206696		188
903		206		206928		191
904		213		207161		189
905		200		207392		182
906		210		207625		188
907		184		207857		188
908		181		208093		189
909		183		208328		185
910		181		208568		189
911		187		208802		186
912		184		209032		185
913		187		209260		186
914		186		209495		186
915		189		209731		186
916		182		209970		188
917		191		210204		188
918		182		210438		191
919		178		210671		192
920		195		210900		188
921		188		211132		188
922		191		211363		189
923		182		211596		191
924		187		211837		184
925		174		212070		193
926		178		212303		189
927		175		212538		189
928		173		212768		183
929		171		213001		188
930		177		213236		183
931		175		213468		190
932		177		213698		192
933		183		213933		185
934		188		214165		185
935		180		214405		187
936		193		214635		187
937		188		214862		189
938		187		215089		185
939		190		215323		190
940		189		215557		190
941		185		215792		190
942		190		216032		186
943		185		216268		183
944		199		216502		190
945		205		216739		187
946		190		216969		183
947		180		217206		185
948		181		217441		190
949		183		217674		185
950		181		217903		184
951		189		218139		189
952		186		218376		187
953		183		218608		191
954		189		218840		189
955		185		219076		184
956		187		219306		191
957		191		219537		192
958		191		219767		195
959		187		220000		191
960		189		220232		188
961		204		220467		185
962		200		220704		187
963		197		220937		184
964		198		221177		188
965		203		221405		192
966		198		221641		188
967		201		221870		188
968		208		222102		189
969		205		222333		187
970		210		222570		190
971		203		222808		184
972		213		223037		189
973		221		223272		182
974		215		223511		184
975		210		223744		181
976		223		223983		189
977		216		224220		189
978		202		224453		185
979		207		224691		191
980		214		224933		183
981		213		225171		185
982		217		225414		183
983		218		225646		188
984		229		225889		192
985		226		226124		192
986		228		226358		189
987		230		226599		191
988		219		226834		187
989		218		227070		188
990		220		227306		184
991		212		227543		187
992		211		227775		187
993		204		228008		186
994		213		228244		189
995		209		228478		190
996		219		228714		188
997		216		228954		195
998		215		229188		186
999		216		229426		190
