# Migration is number of nodes that have changed color.

Round		Edge-Cut		Swaps		Migrations		Skipped
0		821		249		190
1		791		498		194
2		784		743		186
3		781		988		193
4		777		1236		181
5		741		1482		188
6		737		1728		199
7		698		1968		178
8		703		2207		186
9		682		2444		195
10		668		2678		181
11		644		2911		178
12		643		3149		183
13		608		3377		186
14		604		3609		179
15		583		3844		184
16		580		4077		184
17		592		4303		187
18		573		4534		192
19		534		4765		181
20		543		4997		190
21		539		5221		185
22		532		5455		188
23		531		5671		195
24		550		5904		186
25		552		6131		201
26		545		6357		194
27		536		6584		192
28		546		6812		186
29		550		7045		198
30		552		7277		190
31		535		7498		186
32		525		7728		185
33		506		7952		196
34		504		8172		183
35		498		8409		184
36		512		8642		187
37		493		8867		189
38		494		9092		195
39		510		9322		192
40		495		9559		193
41		483		9793		189
42		477		10022		187
43		481		10259		189
44		472		10484		191
45		458		10712		194
46		432		10945		180
47		435		11164		188
48		435		11388		189
49		450		11615		192
50		457		11840		192
51		451		12074		188
52		460		12296		196
53		432		12522		188
54		432		12746		185
55		405		12969		187
56		397		13193		185
57		396		13409		191
58		398		13623		186
59		384		13855		188
60		370		14080		182
61		385		14308		188
62		394		14537		198
63		390		14768		189
64		387		15001		191
65		389		15233		185
66		379		15462		192
67		382		15693		193
68		381		15922		181
69		386		16148		177
70		352		16375		189
71		354		16595		179
72		350		16822		184
73		339		17052		188
74		317		17280		189
75		308		17508		186
76		320		17733		181
77		331		17958		181
78		339		18185		180
79		351		18416		194
80		348		18646		186
81		360		18881		187
82		354		19110		185
83		338		19343		185
84		327		19571		187
85		321		19791		185
86		311		20014		194
87		299		20228		189
88		294		20448		188
89		297		20679		181
90		294		20908		185
91		314		21140		178
92		283		21365		184
93		275		21587		195
94		284		21815		184
95		273		22044		192
96		274		22266		193
97		289		22493		181
98		294		22720		189
99		282		22944		183
100		285		23169		186
101		267		23397		187
102		261		23626		196
103		265		23843		190
104		265		24078		182
105		274		24312		185
106		281		24536		190
107		276		24759		186
108		257		24981		187
109		264		25214		182
110		269		25443		182
111		284		25674		189
112		280		25903		192
113		279		26132		187
114		290		26367		192
115		276		26587		190
116		254		26813		188
117		260		27035		189
118		260		27271		191
119		268		27496		189
120		263		27723		185
121		251		27947		189
122		246		28175		188
123		257		28400		186
124		261		28626		188
125		259		28860		188
126		257		29091		192
127		252		29323		194
128		262		29546		182
129		259		29766		181
130		254		29992		183
131		248		30221		190
132		244		30448		186
133		244		30670		194
134		243		30885		194
135		253		31106		183
136		243		31333		188
137		242		31562		190
138		251		31789		188
139		256		32012		186
140		258		32242		187
141		249		32467		192
142		240		32692		183
143		233		32917		191
144		234		33148		183
145		232		33373		179
146		238		33600		182
147		255		33825		183
148		245		34051		182
149		248		34280		193
150		237		34500		189
151		243		34732		188
152		247		34964		191
153		248		35188		184
154		250		35415		187
155		247		35640		188
156		245		35872		185
157		250		36098		185
158		249		36327		191
159		243		36556		192
160		237		36780		184
161		230		37010		187
162		229		37235		185
163		234		37460		183
164		228		37690		182
165		231		37913		185
166		233		38139		189
167		233		38362		184
168		233		38578		181
169		236		38803		187
170		214		39027		185
171		217		39252		185
172		233		39478		183
173		230		39699		187
174		225		39927		181
175		228		40154		185
176		226		40382		188
177		233		40608		192
178		226		40835		184
179		233		41062		184
180		243		41289		182
181		260		41515		185
182		269		41744		190
183		254		41960		189
184		242		42190		188
185		243		42422		188
186		242		42647		186
187		246		42868		181
188		249		43091		183
189		257		43309		197
190		258		43538		190
191		266		43762		183
192		251		43994		186
193		242		44217		189
194		243		44450		189
195		248		44675		189
196		250		44903		185
197		258		45128		183
198		274		45354		185
199		282		45579		184
200		276		45803		185
201		264		46038		187
202		273		46259		185
203		255		46481		184
204		251		46713		189
205		263		46935		186
206		263		47151		184
207		263		47375		185
208		276		47599		184
209		265		47823		182
210		268		48047		182
211		259		48276		185
212		268		48503		189
213		269		48728		190
214		267		48955		189
215		262		49184		186
216		264		49413		187
217		262		49649		189
218		255		49878		190
219		269		50109		184
220		263		50331		185
221		240		50553		186
222		253		50779		191
223		258		51005		190
224		249		51234		193
225		255		51461		189
226		252		51686		188
227		262		51911		194
228		254		52134		190
229		261		52359		185
230		253		52581		190
231		243		52807		187
232		243		53030		189
233		237		53255		186
234		234		53475		190
235		241		53693		193
236		251		53928		190
237		243		54152		192
238		238		54385		192
239		239		54622		187
240		242		54850		186
241		251		55075		183
242		259		55309		186
243		255		55534		178
244		252		55752		190
245		237		55973		182
246		244		56201		188
247		255		56430		195
248		253		56654		189
249		262		56878		185
250		273		57106		189
251		273		57338		184
252		268		57571		188
253		261		57796		184
254		270		58027		192
255		279		58247		187
256		274		58476		187
257		281		58697		187
258		284		58921		191
259		280		59154		179
260		275		59385		183
261		293		59612		189
262		301		59844		186
263		312		60071		185
264		307		60302		183
265		303		60534		191
266		310		60759		189
267		294		60988		195
268		318		61221		188
269		301		61450		191
270		312		61674		182
271		308		61902		189
272		311		62123		192
273		310		62345		194
274		294		62573		196
275		291		62802		188
276		282		63030		189
277		272		63258		189
278		263		63485		182
279		261		63718		182
280		255		63951		186
281		264		64185		177
282		265		64411		179
283		263		64638		185
284		266		64862		185
285		281		65091		190
286		282		65321		190
287		295		65548		190
288		281		65777		187
289		276		66014		185
290		289		66240		181
291		275		66473		187
292		278		66708		184
293		271		66940		185
294		267		67169		183
295		271		67396		188
296		270		67628		185
297		255		67865		184
298		262		68095		185
299		269		68329		178
300		274		68555		186
301		278		68787		186
302		271		69020		188
303		257		69247		188
304		255		69478		190
305		267		69709		192
306		270		69935		194
307		273		70163		192
308		244		70391		186
309		240		70630		190
310		234		70863		193
311		227		71094		185
312		235		71329		188
313		247		71560		187
314		242		71787		188
315		238		72024		186
316		234		72241		192
317		241		72472		185
318		220		72697		189
319		201		72919		187
320		192		73143		183
321		180		73374		186
322		174		73612		189
323		187		73839		189
324		187		74072		192
325		193		74304		193
326		204		74529		193
327		205		74756		187
328		187		74984		184
329		193		75217		195
330		189		75445		187
331		180		75670		188
332		181		75898		189
333		181		76122		186
334		184		76343		184
335		193		76577		187
336		186		76806		186
337		202		77038		185
338		198		77270		193
339		195		77499		187
340		196		77725		186
341		190		77961		183
342		194		78184		188
343		196		78415		185
344		186		78650		190
345		198		78881		182
346		200		79109		189
347		196		79338		188
348		195		79562		191
349		194		79787		188
350		194		80019		187
351		192		80244		188
352		205		80472		189
353		205		80708		185
354		196		80935		185
355		198		81162		188
356		199		81389		187
357		195		81612		187
358		202		81838		186
359		207		82066		187
360		205		82290		191
361		214		82519		193
362		218		82751		193
363		221		82979		187
364		225		83211		189
365		229		83440		189
366		209		83674		188
367		211		83905		188
368		215		84133		185
369		215		84362		190
370		212		84594		190
371		219		84820		194
372		221		85051		195
373		226		85279		186
374		239		85508		190
375		236		85735		190
376		237		85969		187
377		239		86196		185
378		246		86429		187
379		230		86666		190
380		231		86890		183
381		234		87119		187
382		227		87348		182
383		217		87579		182
384		221		87807		188
385		222		88043		189
386		222		88265		189
387		232		88495		183
388		240		88719		189
389		241		88951		182
390		253		89188		183
391		249		89430		189
392		243		89663		184
393		238		89891		188
394		239		90120		182
395		230		90347		182
396		238		90580		185
397		244		90821		190
398		242		91057		190
399		249		91287		189
400		244		91521		196
401		242		91755		188
402		233		91985		190
403		229		92215		189
404		231		92442		188
405		213		92675		192
406		210		92901		191
407		203		93131		190
408		203		93359		186
409		209		93583		188
410		204		93816		189
411		214		94050		184
412		219		94283		189
413		209		94521		185
414		197		94744		187
415		197		94979		187
416		182		95214		187
417		178		95433		187
418		183		95670		187
419		182		95897		189
420		192		96129		190
421		188		96364		185
422		182		96596		184
423		188		96827		185
424		174		97057		186
425		180		97288		189
426		181		97521		188
427		179		97755		189
428		177		97989		187
429		172		98224		191
430		172		98454		189
431		168		98683		188
432		174		98913		189
433		174		99144		186
434		170		99370		185
435		177		99591		184
436		171		99824		186
437		170		100057		184
438		171		100291		184
439		166		100521		187
440		162		100757		192
441		167		100988		180
442		174		101220		182
443		184		101451		190
444		190		101686		188
445		191		101913		189
446		190		102135		184
447		176		102369		187
448		178		102601		185
449		174		102830		187
450		175		103055		188
451		184		103283		186
452		179		103508		191
453		174		103733		190
454		164		103965		187
455		163		104195		189
456		164		104422		188
457		164		104645		184
458		166		104875		187
459		170		105100		189
460		167		105336		191
461		168		105565		190
462		154		105797		190
463		151		106027		193
464		152		106250		190
465		156		106487		184
466		157		106723		192
467		158		106951		187
468		161		107170		189
469		173		107397		188
470		180		107629		190
471		182		107852		186
472		191		108089		192
473		186		108322		188
474		178		108552		186
475		182		108792		184
476		182		109029		183
477		190		109266		187
478		187		109499		188
479		192		109735		187
480		192		109966		184
481		214		110194		184
482		197		110430		185
483		206		110661		177
484		209		110895		181
485		202		111125		181
486		196		111356		189
487		197		111584		191
488		203		111814		184
489		189		112047		186
490		181		112279		184
491		179		112511		189
492		185		112745		182
493		181		112972		184
494		184		113209		183
495		179		113439		184
496		177		113665		188
497		181		113901		186
498		184		114136		186
499		185		114367		190
500		195		114590		186
501		198		114820		191
502		212		115063		189
503		208		115296		191
504		224		115528		192
505		239		115755		196
506		232		115986		193
507		231		116219		190
508		248		116451		186
509		241		116690		190
510		252		116929		181
511		273		117157		184
512		267		117388		189
513		268		117621		189
514		282		117852		192
515		267		118083		188
516		280		118310		187
517		282		118537		187
518		282		118769		187
519		280		119006		194
520		294		119241		195
521		297		119474		191
522		287		119716		196
523		279		119943		188
524		304		120175		188
525		293		120414		180
526		303		120642		191
527		310		120875		193
528		306		121108		184
529		296		121338		190
530		299		121568		189
531		300		121802		187
532		287		122038		190
533		272		122272		186
534		288		122507		186
535		278		122743		178
536		262		122976		190
537		255		123206		193
538		260		123437		185
539		260		123670		182
540		266		123893		189
541		275		124129		190
542		279		124362		185
543		275		124587		183
544		287		124818		187
545		284		125048		189
546		267		125281		190
547		263		125509		190
548		245		125739		184
549		246		125973		185
550		255		126200		194
551		255		126428		180
552		254		126663		189
553		250		126893		184
554		248		127118		187
555		258		127346		185
556		259		127575		188
557		248		127806		190
558		266		128035		187
559		264		128255		187
560		263		128489		193
561		274		128718		185
562		269		128948		189
563		257		129168		186
564		260		129395		192
565		255		129629		185
566		238		129855		183
567		236		130086		187
568		231		130310		184
569		226		130534		185
570		233		130764		191
571		242		130992		188
572		243		131217		186
573		237		131444		189
574		223		131677		188
575		229		131908		183
576		240		132137		184
577		243		132371		183
578		236		132608		191
579		241		132842		185
580		227		133079		187
581		241		133311		188
582		233		133535		188
583		239		133766		181
584		245		134002		184
585		237		134230		189
586		222		134462		188
587		235		134692		189
588		234		134918		186
589		222		135151		188
590		233		135375		188
591		228		135604		183
592		226		135832		188
593		229		136070		188
594		230		136297		185
595		221		136532		183
596		223		136765		185
597		226		136996		186
598		226		137225		187
599		220		137455		187
600		226		137682		182
601		234		137910		191
602		236		138142		188
603		226		138378		189
604		231		138603		182
605		229		138839		186
606		225		139081		186
607		233		139311		186
608		222		139537		185
609		225		139772		191
610		236		140004		183
611		226		140239		185
612		228		140468		189
613		231		140697		182
614		233		140931		193
615		234		141159		182
616		242		141389		191
617		239		141623		184
618		246		141849		189
619		226		142083		184
620		221		142315		187
621		226		142548		186
622		224		142782		185
623		225		143011		185
624		211		143246		183
625		206		143468		187
626		206		143700		187
627		195		143931		185
628		202		144159		185
629		208		144393		191
630		221		144622		187
631		228		144856		180
632		219		145087		190
633		211		145310		184
634		217		145545		188
635		215		145777		186
636		218		146014		189
637		225		146244		189
638		228		146475		191
639		231		146709		186
640		234		146949		190
641		237		147182		189
642		237		147408		188
643		229		147638		191
644		226		147873		188
645		222		148108		185
646		224		148337		185
647		225		148570		185
648		230		148802		190
649		236		149039		189
650		226		149270		182
651		235		149506		181
652		242		149737		190
653		237		149969		184
654		224		150204		192
655		218		150440		190
656		208		150677		186
657		210		150912		186
658		208		151148		189
659		199		151384		184
660		182		151619		186
661		189		151858		187
662		199		152086		185
663		191		152312		186
664		195		152540		186
665		201		152776		188
666		203		153011		187
667		199		153244		190
668		203		153483		191
669		209		153716		186
670		221		153945		185
671		214		154174		185
672		198		154404		184
673		191		154635		188
674		194		154867		183
675		198		155102		183
676		188		155335		184
677		188		155561		193
678		193		155792		195
679		197		156028		186
680		195		156264		185
681		182		156499		186
682		183		156733		188
683		189		156967		187
684		194		157203		186
685		194		157439		185
686		197		157674		191
687		195		157906		187
688		200		158142		188
689		207		158374		191
690		220		158613		182
691		212		158850		188
692		209		159080		186
693		203		159315		186
694		191		159552		192
695		193		159781		185
696		185		160015		185
697		186		160243		190
698		193		160470		185
699		184		160699		186
700		194		160935		186
701		192		161168		185
702		185		161399		181
703		184		161630		184
704		180		161853		187
705		179		162084		186
706		182		162322		185
707		181		162556		188
708		173		162796		188
709		169		163028		186
710		171		163261		187
711		172		163486		184
712		172		163720		190
713		176		163942		190
714		175		164177		191
715		171		164413		185
716		173		164652		192
717		171		164880		186
718		165		165109		189
719		162		165340		192
720		170		165580		191
721		173		165809		187
722		169		166047		188
723		174		166282		185
724		173		166516		187
725		172		166749		185
726		167		166984		187
727		160		167218		190
728		162		167449		186
729		157		167677		187
730		157		167905		188
731		163		168140		188
732		165		168361		183
733		168		168602		186
734		172		168840		190
735		171		169073		187
736		164		169311		191
737		158		169551		185
738		153		169785		185
739		161		170017		187
740		159		170252		185
741		164		170483		183
742		161		170713		186
743		169		170949		182
744		168		171179		183
745		161		171416		185
746		165		171654		188
747		158		171884		186
748		156		172120		188
749		161		172356		189
750		168		172589		186
751		167		172823		186
752		163		173052		187
753		163		173283		182
754		164		173518		186
755		174		173755		187
756		171		173988		185
757		170		174224		193
758		175		174457		188
759		173		174690		189
760		163		174921		189
761		162		175156		184
762		164		175387		188
763		162		175617		186
764		167		175851		184
765		164		176079		190
766		165		176312		192
767		161		176547		189
768		156		176780		186
769		166		177013		186
770		163		177250		183
771		167		177484		186
772		167		177712		187
773		162		177941		187
774		168		178171		190
775		157		178409		187
776		161		178642		187
777		162		178868		186
778		175		179089		182
779		171		179322		187
780		168		179554		187
781		165		179787		186
782		164		180020		186
783		165		180257		184
784		164		180487		186
785		173		180721		192
786		181		180961		185
787		168		181196		187
788		163		181424		186
789		160		181661		187
790		167		181891		185
791		162		182131		189
792		168		182363		186
793		172		182595		189
794		169		182831		187
795		169		183060		187
796		175		183297		184
797		169		183533		189
798		173		183770		182
799		169		184010		188
800		163		184247		194
801		170		184487		192
802		164		184721		185
803		168		184955		188
804		170		185194		187
805		166		185426		188
806		162		185655		189
807		150		185882		189
808		145		186119		190
809		144		186353		185
810		146		186587		188
811		143		186817		190
812		147		187050		188
813		144		187287		184
814		134		187517		187
815		135		187749		186
816		142		187975		189
817		122		188205		185
818		127		188439		185
819		131		188670		186
820		139		188908		184
821		138		189148		186
822		139		189381		187
823		138		189610		188
824		139		189846		188
825		146		190080		187
826		140		190314		187
827		143		190544		187
828		140		190774		189
829		142		191006		186
830		140		191238		189
831		144		191478		188
832		140		191709		185
833		146		191943		185
834		150		192173		183
835		149		192408		186
836		146		192635		183
837		158		192867		182
838		160		193094		186
839		160		193326		188
840		167		193559		190
841		158		193792		184
842		158		194027		185
843		165		194258		183
844		165		194493		188
845		171		194727		187
846		174		194965		182
847		162		195199		188
848		158		195425		187
849		163		195653		187
850		163		195886		188
851		154		196119		186
852		150		196360		187
853		139		196596		186
854		145		196825		186
855		141		197056		185
856		146		197288		186
857		144		197516		185
858		138		197748		185
859		139		197978		187
860		140		198214		189
861		139		198440		184
862		137		198671		185
863		136		198904		186
864		136		199143		183
865		140		199371		187
866		146		199603		189
867		144		199836		189
868		127		200071		183
869		126		200299		185
870		130		200532		187
871		124		200772		186
872		126		201010		186
873		124		201241		186
874		125		201472		185
875		125		201699		187
876		124		201938		186
877		130		202173		187
878		130		202410		187
879		133		202637		185
880		137		202872		184
881		125		203105		186
882		127		203334		185
883		128		203565		186
884		127		203796		187
885		132		204025		187
886		128		204257		183
887		127		204493		184
888		135		204726		185
889		138		204965		186
890		139		205199		182
891		144		205428		187
892		142		205663		186
893		139		205893		188
894		136		206120		191
895		144		206354		189
896		138		206591		184
897		139		206821		189
898		158		207058		186
899		158		207296		185
900		144		207528		189
901		140		207756		191
902		139		207982		188
903		140		208215		188
904		144		208440		189
905		144		208668		188
906		141		208897		190
907		131		209132		187
908		124		209363		188
909		126		209597		187
910		127		209831		187
911		135		210058		185
912		140		210290		186
913		124		210522		186
914		129		210753		185
915		127		210983		186
916		129		211217		183
917		123		211444		185
918		127		211676		184
919		127		211909		185
920		126		212144		185
921		128		212371		186
922		132		212598		190
923		134		212835		186
924		144		213071		190
925		133		213305		187
926		140		213530		190
927		143		213763		185
928		147		213995		190
929		140		214229		187
930		135		214464		189
931		133		214703		184
932		134		214940		181
933		141		215174		185
934		154		215411		186
935		158		215647		189
936		153		215884		181
937		155		216121		184
938		160		216350		190
939		160		216575		187
940		152		216807		186
941		148		217040		190
942		147		217269		191
943		145		217500		190
944		149		217734		192
945		152		217963		186
946		155		218198		186
947		145		218429		189
948		139		218661		186
949		148		218890		188
950		151		219123		187
951		151		219356		186
952		157		219591		187
953		151		219826		187
954		140		220057		189
955		140		220288		188
956		144		220524		184
957		145		220761		186
958		138		220993		183
959		140		221229		186
960		141		221461		186
961		128		221693		188
962		120		221920		187
963		123		222151		187
964		131		222383		185
965		135		222612		186
966		128		222837		185
967		123		223066		185
968		123		223294		189
969		124		223522		190
970		129		223758		188
971		119		223989		189
972		125		224225		192
973		137		224450		186
974		134		224684		187
975		131		224918		189
976		123		225156		186
977		128		225391		183
978		133		225628		187
979		135		225862		190
980		136		226092		187
981		132		226319		190
982		129		226555		186
983		125		226788		187
984		129		227017		184
985		119		227246		185
986		119		227480		188
987		119		227716		187
988		121		227948		188
989		119		228181		187
990		118		228417		187
991		119		228647		189
992		115		228875		188
993		111		229105		187
994		116		229333		189
995		118		229564		187
996		121		229799		186
997		122		230032		187
998		122		230263		186
999		123		230498		186
