# Migration is number of nodes that have changed color.

Round		Edge-Cut		Swaps		Migrations		Skipped
0		822		250		187
1		815		498		183
2		772		744		185
3		749		988		183
4		733		1227		187
5		733		1465		191
6		708		1705		188
7		701		1940		165
8		697		2180		187
9		721		2418		185
10		698		2661		187
11		696		2901		189
12		648		3136		199
13		630		3374		185
14		612		3604		178
15		582		3840		188
16		557		4058		195
17		594		4295		197
18		561		4533		198
19		571		4752		191
20		586		4978		180
21		566		5210		193
22		551		5440		192
23		545		5670		194
24		528		5904		191
25		505		6126		191
26		504		6357		187
27		524		6582		185
28		535		6816		186
29		523		7050		188
30		506		7285		182
31		497		7511		189
32		488		7745		194
33		501		7978		180
34		490		8211		188
35		485		8439		190
36		463		8668		193
37		468		8898		186
38		459		9127		186
39		448		9362		183
40		450		9593		187
41		457		9825		178
42		451		10062		174
43		422		10293		182
44		402		10513		183
45		380		10737		188
46		382		10964		185
47		379		11187		193
48		383		11413		189
49		385		11647		189
50		381		11878		186
51		390		12108		196
52		379		12337		194
53		387		12561		186
54		391		12787		188
55		378		13014		192
56		378		13249		188
57		378		13486		194
58		381		13716		187
59		377		13954		183
60		376		14180		186
61		380		14413		188
62		389		14643		195
63		385		14874		188
64		382		15102		186
65		375		15342		181
66		359		15566		195
67		371		15795		193
68		367		16021		184
69		353		16254		184
70		355		16480		194
71		357		16701		194
72		356		16937		191
73		370		17161		188
74		353		17392		189
75		347		17611		186
76		333		17834		186
77		327		18071		192
78		325		18298		186
79		330		18529		182
80		348		18751		182
81		355		18986		184
82		365		19221		183
83		361		19456		184
84		344		19689		188
85		351		19923		189
86		343		20162		193
87		345		20393		190
88		321		20622		192
89		322		20855		180
90		313		21085		181
91		332		21322		182
92		326		21552		187
93		345		21791		191
94		356		22028		190
95		339		22249		190
96		355		22487		188
97		351		22719		186
98		354		22954		195
99		334		23189		195
100		325		23428		192
101		329		23663		187
102		334		23890		187
103		314		24123		194
104		302		24362		195
105		299		24594		184
106		294		24821		189
107		298		25056		191
108		294		25285		187
109		306		25520		194
110		315		25753		191
111		318		25984		191
112		329		26212		189
113		324		26452		192
114		328		26684		193
115		309		26923		184
116		301		27154		196
117		317		27381		186
118		291		27610		187
119		302		27839		183
120		290		28074		189
121		292		28307		191
122		299		28539		189
123		307		28769		188
124		310		28998		192
125		308		29231		190
126		289		29461		186
127		284		29700		185
128		278		29940		184
129		268		30172		185
130		277		30406		188
131		281		30637		192
132		284		30879		193
133		284		31114		188
134		259		31350		191
135		271		31583		190
136		263		31813		189
137		262		32049		186
138		254		32279		190
139		253		32510		185
140		259		32749		195
141		253		32986		188
142		265		33221		185
143		271		33449		193
144		283		33686		182
145		276		33918		184
146		273		34149		188
147		265		34386		192
148		243		34621		186
149		238		34851		195
150		238		35079		191
151		236		35313		185
152		246		35543		186
153		251		35780		186
154		254		36015		186
155		245		36246		185
156		250		36479		187
157		256		36706		185
158		263		36936		185
159		257		37168		188
160		244		37400		189
161		244		37632		189
162		255		37861		187
163		249		38094		188
164		247		38322		181
165		264		38559		188
166		279		38792		191
167		274		39025		187
168		282		39250		189
169		266		39481		185
170		275		39710		185
171		273		39944		183
172		265		40176		188
173		264		40406		193
174		257		40642		194
175		258		40883		190
176		265		41117		188
177		259		41351		183
178		228		41586		182
179		231		41823		189
180		229		42055		184
181		218		42287		193
182		217		42515		188
183		209		42747		189
184		206		42979		190
185		207		43208		190
186		207		43448		186
187		206		43687		188
188		213		43921		188
189		205		44152		188
190		208		44389		186
191		214		44622		186
192		216		44856		188
193		207		45093		187
194		190		45332		192
195		201		45566		190
196		197		45802		191
197		198		46037		188
198		201		46277		187
199		201		46516		192
200		201		46750		188
201		203		46988		194
202		211		47224		192
203		206		47460		187
204		185		47686		190
205		177		47921		190
206		187		48146		189
207		187		48381		193
208		197		48616		192
209		193		48847		188
210		196		49081		184
211		187		49314		185
212		191		49548		194
213		201		49785		189
214		190		50021		183
215		187		50257		185
216		190		50488		189
217		195		50720		190
218		191		50954		190
219		181		51187		190
220		189		51417		186
221		184		51650		189
222		193		51885		192
223		185		52117		189
224		185		52345		190
225		191		52581		191
226		183		52812		185
227		186		53049		185
228		184		53278		192
229		183		53516		191
230		171		53749		192
231		173		53984		189
232		175		54217		187
233		175		54450		190
234		177		54677		189
235		164		54915		186
236		158		55142		186
237		162		55368		189
238		165		55600		190
239		171		55826		186
240		161		56064		185
241		166		56291		187
242		168		56521		187
243		172		56760		190
244		168		56999		188
245		172		57231		188
246		173		57462		185
247		181		57695		183
248		173		57929		184
249		170		58164		189
250		169		58397		188
251		183		58630		191
252		181		58867		189
253		182		59102		195
254		194		59332		189
255		201		59567		188
256		197		59792		189
257		205		60026		191
258		211		60260		191
259		205		60500		184
260		202		60730		189
261		199		60963		189
262		201		61202		181
263		208		61435		187
264		188		61672		193
265		195		61904		190
266		191		62139		187
267		186		62372		188
268		186		62600		184
269		188		62831		185
270		192		63061		185
271		180		63293		185
272		179		63530		188
273		181		63763		187
274		186		63997		187
275		182		64232		188
276		177		64460		184
277		179		64693		187
278		178		64924		189
279		187		65160		191
280		187		65387		192
281		185		65619		188
282		187		65847		189
283		183		66078		186
284		183		66310		186
285		192		66540		189
286		174		66773		186
287		178		67006		194
288		166		67239		188
289		152		67475		188
290		157		67703		192
291		163		67935		187
292		163		68171		189
293		162		68403		189
294		157		68636		193
295		156		68869		188
296		159		69106		191
297		160		69337		186
298		162		69566		188
299		163		69803		190
300		168		70039		184
301		162		70276		190
302		168		70508		190
303		167		70733		191
304		170		70961		186
305		177		71186		183
306		168		71419		189
307		158		71656		185
308		161		71889		187
309		161		72118		187
310		164		72348		186
311		165		72578		183
312		158		72809		185
313		159		73041		187
314		155		73273		188
315		160		73504		191
316		166		73738		191
317		172		73972		186
318		175		74207		189
319		165		74439		189
320		166		74672		185
321		168		74905		189
322		162		75139		187
323		167		75377		192
324		170		75607		188
325		165		75839		190
326		175		76065		189
327		174		76301		187
328		185		76539		186
329		177		76770		189
330		179		77005		189
331		182		77238		185
332		183		77470		184
333		177		77708		185
334		167		77937		186
335		164		78172		185
336		165		78404		187
337		153		78631		188
338		159		78865		187
339		164		79101		186
340		166		79330		184
341		166		79562		189
342		169		79798		190
343		175		80032		188
344		169		80263		187
345		164		80490		187
346		163		80727		188
347		163		80964		185
348		162		81195		192
349		152		81426		191
350		151		81660		182
351		153		81889		185
352		163		82124		187
353		161		82356		192
354		156		82588		187
355		153		82821		187
356		145		83053		187
357		147		83283		184
358		143		83519		187
359		138		83757		189
360		136		83981		188
361		140		84219		186
362		144		84460		184
363		139		84700		185
364		132		84935		187
365		133		85169		191
366		136		85390		193
367		136		85623		191
368		135		85852		190
369		139		86085		191
370		143		86315		188
371		152		86553		188
372		151		86780		190
373		152		87015		191
374		152		87250		188
375		156		87479		190
376		155		87710		186
377		163		87943		189
378		154		88173		185
379		152		88399		191
380		153		88634		189
381		160		88872		192
382		161		89104		190
383		170		89335		189
384		181		89570		186
385		186		89805		193
386		201		90040		188
387		201		90283		186
388		198		90524		186
389		205		90759		187
390		211		90989		184
391		212		91227		185
392		210		91465		183
393		213		91701		187
394		212		91932		193
395		209		92169		189
396		202		92408		189
397		205		92637		189
398		214		92870		192
399		207		93107		193
400		207		93331		189
401		204		93568		188
402		215		93804		186
403		208		94036		185
404		212		94268		185
405		214		94505		188
406		211		94743		189
407		217		94980		184
408		214		95217		187
409		208		95453		189
410		198		95685		182
411		202		95916		185
412		203		96146		190
413		208		96380		185
414		212		96614		184
415		216		96852		186
416		214		97082		190
417		203		97323		191
418		208		97560		188
419		209		97798		186
420		214		98033		191
421		203		98264		191
422		204		98498		184
423		203		98736		183
424		216		98970		186
425		226		99210		186
426		228		99443		183
427		232		99684		188
428		240		99918		187
429		232		100156		189
430		228		100391		183
431		232		100624		189
432		226		100865		185
433		209		101101		189
434		188		101339		187
435		195		101579		182
436		199		101817		186
437		200		102051		189
438		214		102290		188
439		217		102522		189
440		212		102759		193
441		211		102994		190
442		223		103228		179
443		222		103465		186
444		227		103702		188
445		231		103935		193
446		245		104167		191
447		249		104406		192
448		248		104639		189
449		250		104874		187
450		252		105114		192
451		244		105344		191
452		242		105584		185
453		235		105823		192
454		235		106063		184
455		231		106297		186
456		226		106529		184
457		242		106764		188
458		255		107003		183
459		260		107242		190
460		251		107481		189
461		257		107720		182
462		243		107957		186
463		249		108196		188
464		243		108425		190
465		240		108656		188
466		234		108892		184
467		240		109127		186
468		223		109357		190
469		217		109595		192
470		223		109832		193
471		226		110068		190
472		229		110295		184
473		235		110524		185
474		228		110756		189
475		220		110995		183
476		219		111228		186
477		226		111457		187
478		219		111693		189
479		222		111921		202
480		217		112159		189
481		198		112400		189
482		207		112631		191
483		208		112870		191
484		217		113104		184
485		212		113340		184
486		209		113569		186
487		201		113804		187
488		201		114041		191
489		205		114280		190
490		203		114513		191
491		212		114745		187
492		207		114980		190
493		220		115212		185
494		215		115448		185
495		202		115685		188
496		195		115925		185
497		195		116160		188
498		193		116390		187
499		198		116624		191
500		191		116860		188
501		191		117091		189
502		185		117320		184
503		188		117549		183
504		194		117784		183
505		201		118015		187
506		195		118254		183
507		192		118490		188
508		208		118725		192
509		205		118955		186
510		203		119184		193
511		207		119421		187
512		213		119656		194
513		234		119895		188
514		230		120123		193
515		232		120354		191
516		236		120586		190
517		226		120820		192
518		232		121059		195
519		238		121288		185
520		245		121527		188
521		247		121768		196
522		239		121997		189
523		247		122226		191
524		251		122465		193
525		248		122699		185
526		245		122937		184
527		226		123177		187
528		214		123412		185
529		221		123637		187
530		209		123872		190
531		201		124107		191
532		199		124350		183
533		193		124587		186
534		198		124824		185
535		200		125056		188
536		184		125296		185
537		180		125525		190
538		184		125759		189
539		186		125986		187
540		198		126217		185
541		189		126448		186
542		181		126676		189
543		180		126906		189
544		172		127140		191
545		173		127369		192
546		178		127603		193
547		178		127840		186
548		178		128076		186
549		182		128308		190
550		179		128544		191
551		167		128774		190
552		167		129007		187
553		151		129244		189
554		152		129467		185
555		147		129701		187
556		151		129933		183
557		155		130166		180
558		162		130396		185
559		158		130629		184
560		159		130865		186
561		159		131109		183
562		151		131341		188
563		160		131582		191
564		163		131820		187
565		168		132052		189
566		174		132283		189
567		158		132519		192
568		158		132751		189
569		156		132982		184
570		153		133224		190
571		156		133452		186
572		149		133685		189
573		154		133919		193
574		148		134150		189
575		138		134390		186
576		137		134629		190
577		139		134865		189
578		140		135102		188
579		143		135337		187
580		145		135568		191
581		141		135798		186
582		131		136029		187
583		135		136266		191
584		136		136497		187
585		139		136728		187
586		133		136967		185
587		140		137207		188
588		135		137447		186
589		138		137680		188
590		130		137907		186
591		137		138137		187
592		143		138372		186
593		149		138604		190
594		146		138837		187
595		150		139068		185
596		158		139304		191
597		152		139534		185
598		155		139760		187
599		158		139996		191
600		152		140233		185
601		146		140474		187
602		150		140709		183
603		148		140941		186
604		141		141174		189
605		143		141408		184
606		137		141642		187
607		138		141878		184
608		135		142112		184
609		133		142351		187
610		131		142586		193
611		131		142817		190
612		124		143051		187
613		119		143277		186
614		118		143510		187
615		123		143748		187
616		123		143987		188
617		124		144216		182
618		120		144456		186
619		114		144687		188
620		114		144924		186
621		116		145162		188
622		118		145396		189
623		116		145628		188
624		121		145866		184
625		125		146100		186
626		124		146335		184
627		116		146573		186
628		117		146809		190
629		117		147038		188
630		121		147268		186
631		124		147499		188
632		127		147732		188
633		127		147961		185
634		136		148197		188
635		130		148427		187
636		134		148659		185
637		136		148895		191
638		133		149124		185
639		133		149363		183
640		136		149593		189
641		129		149820		190
642		130		150058		187
643		115		150291		184
644		122		150524		186
645		122		150761		188
646		122		150995		186
647		120		151231		186
648		118		151462		189
649		118		151698		188
650		108		151930		188
651		102		152157		188
652		103		152389		189
653		107		152623		187
654		102		152859		188
655		108		153097		188
656		111		153328		189
657		108		153559		188
658		113		153795		189
659		115		154027		190
660		112		154266		188
661		110		154500		189
662		110		154737		189
663		109		154975		188
664		110		155208		189
665		108		155440		188
666		108		155676		189
667		110		155900		188
668		107		156139		186
669		106		156374		187
670		109		156607		187
671		113		156842		190
672		112		157077		188
673		116		157307		188
674		105		157539		188
675		106		157775		186
676		108		158008		185
677		115		158244		185
678		122		158478		189
679		121		158708		189
680		123		158938		188
681		120		159165		189
682		124		159395		188
683		121		159631		189
684		116		159866		189
685		111		160095		190
686		108		160333		189
687		113		160568		186
688		106		160797		188
689		106		161037		189
690		108		161272		188
691		104		161501		187
692		103		161731		188
693		103		161957		187
694		105		162189		187
695		105		162428		187
696		107		162665		186
697		109		162903		187
698		112		163140		189
699		113		163378		190
700		113		163619		190
701		117		163859		186
702		117		164094		187
703		112		164329		187
704		116		164564		190
705		117		164791		188
706		115		165031		190
707		117		165265		188
708		118		165499		188
709		121		165736		187
710		125		165967		185
711		122		166201		186
712		132		166438		182
713		134		166671		188
714		131		166911		186
715		132		167152		191
716		138		167384		183
717		135		167623		190
718		136		167851		191
719		142		168077		187
720		137		168310		186
721		139		168542		185
722		144		168777		186
723		143		169005		182
724		152		169235		185
725		149		169470		188
726		139		169707		187
727		133		169943		187
728		135		170181		188
729		140		170413		186
730		138		170652		188
731		130		170891		186
732		131		171124		184
733		138		171364		189
734		137		171604		186
735		137		171839		188
736		142		172069		184
737		139		172303		185
738		145		172538		187
739		146		172765		188
740		132		172998		187
741		127		173231		187
742		133		173463		184
743		133		173698		184
744		128		173932		189
745		125		174168		185
746		127		174405		188
747		123		174644		188
748		126		174879		187
749		122		175113		186
750		118		175348		191
751		114		175574		191
752		120		175811		188
753		122		176050		188
754		119		176284		191
755		117		176522		189
756		118		176753		189
757		122		176991		188
758		121		177228		186
759		123		177459		187
760		123		177694		186
761		123		177929		189
762		129		178166		187
763		129		178404		187
764		138		178638		185
765		141		178873		183
766		130		179111		188
767		127		179346		185
768		132		179582		190
769		136		179813		186
770		135		180045		191
771		137		180280		191
772		130		180517		189
773		133		180756		188
774		131		180988		188
775		129		181229		188
776		127		181457		187
777		123		181691		187
778		130		181921		187
779		134		182158		186
780		133		182396		188
781		132		182635		187
782		133		182874		185
783		130		183112		190
784		126		183345		190
785		123		183574		185
786		119		183807		185
787		122		184043		187
788		118		184275		187
789		121		184506		183
790		120		184737		186
791		125		184969		190
792		119		185199		186
793		123		185435		184
794		119		185673		188
795		115		185911		187
796		113		186152		185
797		114		186378		187
798		113		186605		188
799		114		186843		188
800		111		187076		188
801		111		187311		187
802		118		187547		189
803		116		187780		187
804		119		188014		188
805		111		188245		186
806		112		188480		187
807		111		188715		183
808		111		188954		185
809		116		189187		188
810		116		189421		188
811		120		189654		188
812		119		189888		186
813		118		190121		189
814		129		190358		193
815		128		190601		190
816		129		190824		190
817		139		191063		189
818		141		191297		189
819		140		191532		191
820		133		191768		189
821		131		192007		186
822		125		192243		184
823		123		192478		187
824		128		192717		188
825		128		192954		189
826		115		193186		190
827		117		193416		187
828		123		193653		190
829		117		193887		189
830		124		194123		188
831		125		194359		189
832		124		194594		187
833		120		194829		187
834		123		195068		189
835		126		195301		190
836		124		195539		188
837		125		195770		188
838		122		196006		186
839		122		196240		188
840		129		196471		189
841		131		196702		190
842		134		196930		186
843		129		197162		187
844		133		197395		187
845		122		197633		186
846		121		197864		184
847		121		198099		189
848		118		198332		187
849		116		198569		187
850		115		198805		189
851		118		199038		185
852		119		199269		188
853		121		199499		189
854		117		199736		188
855		122		199974		188
856		123		200209		188
857		123		200441		187
858		124		200677		184
859		123		200903		187
860		124		201134		184
861		122		201367		186
862		121		201597		187
863		121		201832		188
864		124		202065		184
865		124		202299		189
866		125		202534		187
867		122		202769		187
868		121		203004		188
869		124		203240		190
870		122		203474		189
871		124		203704		189
872		134		203934		189
873		139		204171		188
874		146		204405		188
875		127		204640		188
876		129		204869		189
877		132		205112		187
878		132		205347		189
879		130		205581		190
880		144		205808		183
881		143		206035		184
882		136		206273		186
883		123		206509		185
884		125		206737		185
885		126		206974		189
886		129		207200		186
887		133		207443		189
888		137		207681		186
889		133		207913		185
890		132		208147		187
891		128		208380		188
892		131		208620		191
893		133		208854		191
894		135		209090		188
895		137		209323		189
896		140		209554		188
897		135		209791		188
898		137		210028		188
899		113		210260		186
900		113		210495		185
901		116		210726		189
902		120		210964		185
903		118		211192		186
904		116		211424		186
905		112		211658		190
906		113		211889		189
907		121		212116		187
908		117		212348		187
909		118		212586		186
910		118		212816		188
911		117		213051		187
912		122		213285		188
913		126		213515		186
914		113		213751		187
915		115		213976		190
916		113		214207		187
917		117		214444		189
918		107		214679		187
919		109		214913		187
920		109		215145		189
921		106		215380		188
922		106		215610		187
923		108		215838		191
924		108		216078		188
925		104		216310		190
926		99		216541		188
927		101		216778		188
928		103		217012		186
929		109		217248		185
930		109		217478		185
931		109		217711		187
932		108		217940		187
933		105		218173		188
934		105		218410		188
935		107		218643		188
936		102		218875		188
937		110		219106		190
938		110		219343		189
939		103		219579		189
940		107		219812		189
941		105		220044		188
942		109		220273		187
943		111		220507		188
944		112		220741		188
945		111		220968		190
946		108		221201		190
947		104		221434		189
948		110		221662		187
949		108		221900		191
950		113		222137		194
951		111		222372		191
952		113		222605		188
953		105		222840		187
954		104		223075		186
955		106		223307		190
956		116		223542		190
957		115		223778		190
958		119		224018		187
959		116		224261		190
960		112		224493		188
961		119		224729		185
962		118		224962		190
963		125		225197		189
964		122		225432		190
965		113		225664		188
966		113		225901		188
967		119		226136		184
968		116		226370		186
969		122		226606		187
970		126		226843		185
971		128		227080		188
972		131		227311		190
973		137		227547		192
974		135		227787		189
975		133		228021		189
976		130		228253		192
977		135		228490		190
978		133		228725		186
979		139		228961		189
980		138		229190		191
981		137		229425		190
982		138		229661		185
983		134		229890		186
984		133		230130		191
985		131		230365		188
986		123		230602		191
987		128		230834		191
988		118		231075		186
989		118		231310		186
990		122		231541		188
991		115		231778		187
992		114		232009		186
993		109		232239		192
994		112		232475		192
995		110		232709		188
996		116		232941		189
997		113		233179		190
998		111		233421		188
999		108		233659		188
