# Migration is number of nodes that have changed color.

Round		Edge-Cut		Swaps		Migrations		Skipped
0		820		248		188
1		800		497		187
2		779		746		185
3		785		986		178
4		786		1232		183
5		770		1480		189
6		762		1725		186
7		738		1966		194
8		734		2210		205
9		699		2449		187
10		710		2692		185
11		707		2930		190
12		720		3172		196
13		690		3414		191
14		675		3655		187
15		666		3890		187
16		642		4129		191
17		653		4370		181
18		647		4615		182
19		617		4858		192
20		609		5092		186
21		605		5327		190
22		618		5567		183
23		626		5800		181
24		617		6031		183
25		602		6266		188
26		605		6498		201
27		593		6736		192
28		558		6966		189
29		570		7192		185
30		568		7416		186
31		531		7649		182
32		513		7871		188
33		494		8097		192
34		507		8320		190
35		519		8553		184
36		483		8779		189
37		500		9003		186
38		500		9228		192
39		494		9453		177
40		495		9682		192
41		477		9907		191
42		473		10123		185
43		473		10345		181
44		463		10564		185
45		461		10783		191
46		445		11010		190
47		455		11241		192
48		462		11464		187
49		456		11691		192
50		445		11914		197
51		451		12137		183
52		432		12356		179
53		428		12583		182
54		416		12817		184
55		420		13044		183
56		416		13274		187
57		420		13503		185
58		397		13726		190
59		391		13946		176
60		398		14163		179
61		389		14391		189
62		387		14618		186
63		380		14836		186
64		371		15062		192
65		366		15291		188
66		365		15514		185
67		385		15741		187
68		398		15959		180
69		375		16191		191
70		372		16427		186
71		372		16652		182
72		394		16875		186
73		394		17107		183
74		371		17340		182
75		394		17572		176
76		401		17802		184
77		404		18035		185
78		401		18259		187
79		392		18489		190
80		388		18720		191
81		389		18947		191
82		360		19176		188
83		352		19405		185
84		346		19626		177
85		336		19844		188
86		341		20061		188
87		337		20284		194
88		331		20512		185
89		330		20734		185
90		328		20952		191
91		331		21180		181
92		341		21405		196
93		336		21641		191
94		341		21866		191
95		330		22089		186
96		321		22316		189
97		317		22533		183
98		307		22762		190
99		287		22980		191
100		284		23201		187
101		273		23421		189
102		249		23641		182
103		252		23867		190
104		259		24091		188
105		265		24309		189
106		268		24527		187
107		270		24750		188
108		282		24970		179
109		285		25187		186
110		274		25415		185
111		283		25641		191
112		289		25868		186
113		279		26093		189
114		282		26316		190
115		268		26534		186
116		257		26756		189
117		263		26978		187
118		270		27201		186
119		274		27425		185
120		277		27652		192
121		282		27871		187
122		295		28095		191
123		291		28328		185
124		293		28558		190
125		299		28779		192
126		283		29009		185
127		282		29238		189
128		284		29457		185
129		283		29684		183
130		279		29908		184
131		267		30128		189
132		264		30350		190
133		269		30583		186
134		267		30809		182
135		258		31037		188
136		267		31267		193
137		267		31495		185
138		246		31718		189
139		249		31943		188
140		251		32167		185
141		251		32381		183
142		237		32610		184
143		242		32834		190
144		244		33061		191
145		253		33283		183
146		255		33502		192
147		251		33724		193
148		261		33946		188
149		257		34179		191
150		255		34406		189
151		267		34628		192
152		260		34845		189
153		268		35075		183
154		254		35301		190
155		260		35521		180
156		247		35743		183
157		239		35964		186
158		246		36196		186
159		260		36426		191
160		254		36650		187
161		243		36873		190
162		250		37096		187
163		247		37316		188
164		243		37545		184
165		243		37774		180
166		248		38000		181
167		246		38230		189
168		255		38466		193
169		249		38689		188
170		239		38919		186
171		245		39149		192
172		247		39376		192
173		251		39601		195
174		252		39826		187
175		245		40050		194
176		243		40283		191
177		243		40512		193
178		236		40733		187
179		237		40952		191
180		226		41178		192
181		229		41402		187
182		244		41627		184
183		248		41848		183
184		235		42068		187
185		237		42302		186
186		236		42522		191
187		239		42752		190
188		241		42981		185
189		235		43208		186
190		227		43426		189
191		233		43654		186
192		236		43876		186
193		235		44099		190
194		227		44334		190
195		232		44564		187
196		235		44788		190
197		235		45017		200
198		246		45237		189
199		233		45458		188
200		229		45693		187
201		238		45913		190
202		220		46136		186
203		222		46358		185
204		229		46581		187
205		221		46812		191
206		237		47036		194
207		220		47258		184
208		210		47494		188
209		208		47724		183
210		215		47944		185
211		221		48171		183
212		219		48398		189
213		221		48623		183
214		219		48847		188
215		206		49076		192
216		208		49302		190
217		213		49527		191
218		208		49750		187
219		200		49972		187
220		196		50195		188
221		194		50427		187
222		202		50648		185
223		196		50870		185
224		197		51096		190
225		209		51316		184
226		209		51540		185
227		218		51762		184
228		209		51998		186
229		209		52222		189
230		210		52449		188
231		210		52670		188
232		216		52903		185
233		216		53125		192
234		212		53357		188
235		214		53579		189
236		219		53798		187
237		222		54023		189
238		224		54247		183
239		229		54471		189
240		240		54706		188
241		257		54926		185
242		253		55155		188
243		266		55383		197
244		281		55616		186
245		280		55841		189
246		275		56076		189
247		279		56303		191
248		278		56536		187
249		277		56766		189
250		286		56986		182
251		287		57217		191
252		271		57445		191
253		265		57671		187
254		274		57901		189
255		268		58129		188
256		275		58351		190
257		252		58578		186
258		245		58809		185
259		247		59039		191
260		254		59262		189
261		258		59489		187
262		257		59717		187
263		262		59935		185
264		272		60161		183
265		277		60394		184
266		283		60610		186
267		295		60840		187
268		283		61074		187
269		301		61306		195
270		286		61530		189
271		283		61751		186
272		279		61974		187
273		281		62199		188
274		287		62428		184
275		284		62656		194
276		271		62893		192
277		267		63113		186
278		268		63344		184
279		254		63570		187
280		249		63799		192
281		248		64023		187
282		254		64254		189
283		253		64483		185
284		241		64714		182
285		234		64944		187
286		225		65185		188
287		228		65411		190
288		223		65632		191
289		235		65860		182
290		229		66082		192
291		234		66308		190
292		224		66533		191
293		230		66759		187
294		230		66983		190
295		239		67215		192
296		243		67444		188
297		226		67667		188
298		236		67896		185
299		231		68126		184
300		228		68359		187
301		236		68589		189
302		216		68817		183
303		230		69041		184
304		210		69273		183
305		213		69496		188
306		222		69726		184
307		220		69950		187
308		210		70178		188
309		210		70406		188
310		214		70632		188
311		208		70855		186
312		203		71090		187
313		205		71313		186
314		203		71544		189
315		213		71775		185
316		208		71997		190
317		202		72228		190
318		207		72456		187
319		204		72684		188
320		209		72916		188
321		214		73142		192
322		205		73367		192
323		214		73598		191
324		219		73827		190
325		219		74061		189
326		219		74292		192
327		228		74521		191
328		203		74749		188
329		200		74983		188
330		193		75211		187
331		204		75442		190
332		206		75667		182
333		207		75898		188
334		208		76126		186
335		209		76357		189
336		207		76575		191
337		216		76809		189
338		210		77039		190
339		216		77266		191
340		228		77493		181
341		231		77723		187
342		237		77948		187
343		242		78172		184
344		238		78403		189
345		238		78631		189
346		227		78858		190
347		232		79088		189
348		233		79321		196
349		235		79545		192
350		237		79775		186
351		235		79996		187
352		244		80230		190
353		247		80452		187
354		247		80682		187
355		250		80910		194
356		248		81146		186
357		231		81372		188
358		239		81609		187
359		243		81841		191
360		247		82066		193
361		246		82299		186
362		236		82530		191
363		224		82752		190
364		222		82980		189
365		213		83208		188
366		222		83435		192
367		220		83667		182
368		220		83896		185
369		209		84124		185
370		211		84347		187
371		209		84577		188
372		201		84811		193
373		209		85043		188
374		215		85267		191
375		216		85497		191
376		210		85728		189
377		203		85960		187
378		209		86186		191
379		203		86406		194
380		198		86633		190
381		197		86857		190
382		191		87088		195
383		196		87319		190
384		200		87547		191
385		209		87780		186
386		214		88007		188
387		209		88232		193
388		194		88462		191
389		196		88683		192
390		202		88909		188
391		191		89140		184
392		182		89368		183
393		191		89597		189
394		191		89823		187
395		196		90047		190
396		203		90277		187
397		208		90505		184
398		204		90738		190
399		211		90967		190
400		227		91193		187
401		216		91419		187
402		217		91649		188
403		215		91874		185
404		212		92101		182
405		206		92327		193
406		207		92551		185
407		200		92787		185
408		206		93015		190
409		212		93247		186
410		212		93486		191
411		206		93714		183
412		210		93939		184
413		200		94162		191
414		200		94390		190
415		198		94618		188
416		208		94850		190
417		208		95079		193
418		200		95307		189
419		204		95534		192
420		202		95766		191
421		199		95991		188
422		213		96222		189
423		217		96447		186
424		220		96677		191
425		236		96906		187
426		216		97140		192
427		212		97373		189
428		220		97601		191
429		221		97830		189
430		233		98055		185
431		234		98286		180
432		251		98512		185
433		244		98738		188
434		248		98966		191
435		263		99198		189
436		266		99430		186
437		265		99660		191
438		252		99894		188
439		236		100127		190
440		230		100358		189
441		228		100588		186
442		215		100811		191
443		229		101043		187
444		225		101277		186
445		211		101509		185
446		212		101740		187
447		217		101977		187
448		231		102206		187
449		238		102430		187
450		231		102663		190
451		233		102892		188
452		220		103121		191
453		229		103352		186
454		234		103577		189
455		235		103803		189
456		237		104026		190
457		234		104252		191
458		229		104483		188
459		238		104714		191
460		243		104942		182
461		233		105170		184
462		252		105403		189
463		253		105638		186
464		254		105864		194
465		258		106097		187
466		245		106331		190
467		240		106562		184
468		245		106793		187
469		250		107027		194
470		242		107255		194
471		244		107486		189
472		240		107712		188
473		245		107947		191
474		242		108182		188
475		230		108417		186
476		235		108646		188
477		221		108877		194
478		228		109109		186
479		225		109335		188
480		223		109572		187
481		209		109806		192
482		209		110035		191
483		223		110260		192
484		213		110494		185
485		208		110724		185
486		209		110953		190
487		220		111189		187
488		221		111417		191
489		218		111653		186
490		212		111886		186
491		224		112119		188
492		216		112348		187
493		216		112573		190
494		218		112805		189
495		206		113027		193
496		215		113256		188
497		226		113494		191
498		233		113724		187
499		235		113952		193
500		219		114175		188
501		234		114413		181
502		252		114649		181
503		257		114885		188
504		252		115117		186
505		252		115346		184
506		266		115582		186
507		276		115806		193
508		272		116042		191
509		273		116271		188
510		270		116504		195
511		273		116744		190
512		280		116975		186
513		286		117209		192
514		296		117447		183
515		306		117686		184
516		304		117915		182
517		299		118151		186
518		294		118386		191
519		294		118615		189
520		293		118847		189
521		278		119076		189
522		264		119310		184
523		265		119549		189
524		272		119780		189
525		270		120008		180
526		286		120242		182
527		299		120479		187
528		291		120715		186
529		290		120950		189
530		288		121191		184
531		264		121422		188
532		266		121661		183
533		256		121891		187
534		249		122128		190
535		230		122358		187
536		230		122595		181
537		237		122833		193
538		240		123066		188
539		250		123299		187
540		244		123532		187
541		238		123771		192
542		231		124004		189
543		222		124236		187
544		233		124472		186
545		226		124705		196
546		220		124936		188
547		232		125172		190
548		240		125399		191
549		248		125627		186
550		249		125864		188
551		241		126094		188
552		245		126331		186
553		245		126564		196
554		241		126800		189
555		242		127035		189
556		231		127262		189
557		233		127491		189
558		235		127729		188
559		235		127968		185
560		230		128199		185
561		216		128429		187
562		213		128660		185
563		220		128886		189
564		222		129121		192
565		229		129352		186
566		229		129588		190
567		243		129817		185
568		247		130052		184
569		257		130285		188
570		257		130519		184
571		245		130748		189
572		248		130987		190
573		252		131220		189
574		262		131452		191
575		275		131687		193
576		278		131924		186
577		275		132158		191
578		292		132395		183
579		276		132627		183
580		257		132862		186
581		248		133090		182
582		261		133319		189
583		267		133546		185
584		272		133780		187
585		268		134011		192
586		276		134245		185
587		268		134474		186
588		271		134714		186
589		275		134941		189
590		264		135179		188
591		272		135409		191
592		280		135637		193
593		276		135877		192
594		272		136110		185
595		261		136348		185
596		266		136582		192
597		268		136815		191
598		266		137051		189
599		276		137286		184
600		292		137518		189
601		292		137754		188
602		285		137987		176
603		293		138214		185
604		294		138449		190
605		294		138685		192
606		304		138920		189
607		297		139156		185
608		283		139387		191
609		279		139623		189
610		280		139856		191
611		274		140087		198
612		262		140314		194
613		268		140549		191
614		254		140782		181
615		261		141013		190
616		262		141246		192
617		267		141480		178
618		280		141713		193
619		283		141954		185
620		286		142193		185
621		304		142430		192
622		312		142664		195
623		298		142902		195
624		283		143139		191
625		270		143374		191
626		278		143612		186
627		290		143841		187
628		280		144077		187
629		288		144311		188
630		299		144547		184
631		303		144777		186
632		304		145015		185
633		292		145251		193
634		290		145484		181
635		281		145716		186
636		282		145946		180
637		270		146178		180
638		262		146409		189
639		251		146644		190
640		251		146882		189
641		247		147105		189
642		248		147335		188
643		253		147574		181
644		233		147807		185
645		246		148042		191
646		236		148277		191
647		237		148514		188
648		227		148743		183
649		231		148981		186
650		242		149214		193
651		232		149450		188
652		222		149682		186
653		228		149916		189
654		227		150146		189
655		229		150381		187
656		224		150614		190
657		233		150856		183
658		220		151097		189
659		227		151332		187
660		234		151568		188
661		233		151804		190
662		233		152034		189
663		234		152265		187
664		221		152497		185
665		237		152735		185
666		223		152971		186
667		236		153202		185
668		233		153433		185
669		240		153664		192
670		243		153898		194
671		258		154132		184
672		245		154368		183
673		248		154599		184
674		236		154833		188
675		238		155059		187
676		236		155293		186
677		225		155528		185
678		218		155756		189
679		209		155989		188
680		213		156224		189
681		200		156455		189
682		215		156681		187
683		218		156907		186
684		217		157133		179
685		207		157366		183
686		203		157591		187
687		196		157825		179
688		194		158057		184
689		191		158291		186
690		195		158522		184
691		208		158750		183
692		207		158982		187
693		206		159216		190
694		203		159443		185
695		193		159669		185
696		190		159899		188
697		201		160133		183
698		195		160367		188
699		205		160594		193
700		210		160824		191
701		207		161061		192
702		195		161298		185
703		184		161532		187
704		185		161765		192
705		187		162002		187
706		196		162237		186
707		214		162472		188
708		216		162713		190
709		194		162948		187
710		185		163184		189
711		187		163417		185
712		193		163648		184
713		195		163886		187
714		189		164118		189
715		191		164352		191
716		189		164576		185
717		196		164813		185
718		196		165045		187
719		202		165281		190
720		185		165519		189
721		173		165749		188
722		182		165987		182
723		188		166221		186
724		193		166456		185
725		193		166690		183
726		197		166926		181
727		197		167164		186
728		212		167405		182
729		222		167642		188
730		212		167874		188
731		201		168104		191
732		205		168336		185
733		213		168576		181
734		198		168810		185
735		205		169044		187
736		202		169280		188
737		207		169516		185
738		212		169751		184
739		207		169985		189
740		210		170225		187
741		205		170458		192
742		209		170695		190
743		209		170927		187
744		204		171161		191
745		207		171392		187
746		213		171620		188
747		208		171854		186
748		200		172085		186
749		197		172321		186
750		194		172555		188
751		186		172783		189
752		191		173018		184
753		196		173252		186
754		196		173486		187
755		194		173719		191
756		193		173957		187
757		197		174190		190
758		195		174425		188
759		202		174655		186
760		202		174885		182
761		207		175125		186
762		205		175361		191
763		212		175598		190
764		197		175835		185
765		197		176068		186
766		201		176293		184
767		199		176526		183
768		193		176763		191
769		207		177000		184
770		191		177229		188
771		185		177460		182
772		186		177691		186
773		187		177921		188
774		198		178153		193
775		208		178395		184
776		210		178638		184
777		217		178874		194
778		221		179111		186
779		224		179341		183
780		225		179575		189
781		221		179809		191
782		214		180046		191
783		221		180282		185
784		215		180515		186
785		216		180755		182
786		215		180994		189
787		222		181231		186
788		221		181466		193
789		230		181695		179
790		218		181930		188
791		214		182153		189
792		226		182389		187
793		230		182624		190
794		231		182863		190
795		231		183096		188
796		229		183331		187
797		231		183564		192
798		224		183800		198
799		230		184036		189
800		230		184267		189
801		225		184504		182
802		237		184739		188
803		250		184975		184
804		243		185211		186
805		241		185451		190
806		231		185688		193
807		228		185917		188
808		219		186144		185
809		232		186376		187
810		226		186608		189
811		229		186846		188
812		226		187082		184
813		212		187321		193
814		209		187554		185
815		212		187795		189
816		216		188026		183
817		207		188261		185
818		197		188495		188
819		198		188731		185
820		189		188968		192
821		198		189202		190
822		197		189439		185
823		195		189673		188
824		188		189902		187
825		176		190136		188
826		170		190364		185
827		168		190592		190
828		173		190824		184
829		179		191062		184
830		170		191297		188
831		167		191537		189
832		180		191775		187
833		167		192003		186
834		177		192231		192
835		171		192471		190
836		168		192703		192
837		172		192929		189
838		170		193162		186
839		166		193390		188
840		166		193623		185
841		164		193860		188
842		171		194088		186
843		170		194314		188
844		176		194548		188
845		172		194787		187
846		169		195017		188
847		154		195251		189
848		156		195480		189
849		158		195711		188
850		151		195942		186
851		151		196166		189
852		154		196406		193
853		158		196640		188
854		161		196877		189
855		158		197106		186
856		162		197341		189
857		166		197574		186
858		177		197808		186
859		178		198045		185
860		184		198274		180
861		182		198511		190
862		184		198745		188
863		186		198981		192
864		183		199220		192
865		179		199452		188
866		169		199687		188
867		167		199913		188
868		168		200146		188
869		176		200377		187
870		182		200606		194
871		183		200843		190
872		179		201077		189
873		178		201308		187
874		177		201544		191
875		178		201781		183
876		176		202007		190
877		179		202241		189
878		177		202468		186
879		178		202700		187
880		181		202934		188
881		185		203165		192
882		186		203399		190
883		186		203631		191
884		176		203860		185
885		167		204094		191
886		160		204334		187
887		161		204570		187
888		154		204804		188
889		151		205039		188
890		151		205272		189
891		156		205505		187
892		156		205743		184
893		153		205970		186
894		153		206214		186
895		151		206440		187
896		157		206673		188
897		171		206909		185
898		149		207139		189
899		143		207371		186
900		143		207606		188
901		145		207842		187
902		148		208080		189
903		154		208309		189
904		155		208538		190
905		145		208775		190
906		153		209012		191
907		147		209248		190
908		157		209480		190
909		155		209711		191
910		146		209944		187
911		145		210178		185
912		158		210418		187
913		145		210648		183
914		147		210884		189
915		155		211114		188
916		149		211352		184
917		149		211587		188
918		157		211822		190
919		158		212055		187
920		162		212291		188
921		163		212524		189
922		157		212756		188
923		137		212991		189
924		142		213230		190
925		141		213467		189
926		141		213697		186
927		140		213929		187
928		144		214164		189
929		149		214393		183
930		146		214629		186
931		147		214860		183
932		144		215088		189
933		148		215315		189
934		147		215554		190
935		154		215790		186
936		157		216026		189
937		159		216261		191
938		148		216498		187
939		152		216733		188
940		150		216973		188
941		148		217201		188
942		150		217432		187
943		150		217673		191
944		159		217914		189
945		155		218150		187
946		151		218380		188
947		151		218614		188
948		145		218854		188
949		155		219094		185
950		155		219330		184
951		164		219559		189
952		165		219790		193
953		168		220020		189
954		163		220256		184
955		162		220494		186
956		162		220729		189
957		164		220966		190
958		167		221202		186
959		165		221434		188
960		174		221674		191
961		174		221904		194
962		170		222135		188
963		159		222365		192
964		149		222603		190
965		155		222834		190
966		152		223073		188
967		155		223302		188
968		142		223541		190
969		144		223773		188
970		138		224003		190
971		139		224241		188
972		142		224474		187
973		142		224708		192
974		133		224946		187
975		135		225183		190
976		143		225410		189
977		146		225649		183
978		145		225875		186
979		145		226108		189
980		149		226345		191
981		152		226581		194
982		154		226816		190
983		153		227042		190
984		172		227282		185
985		165		227515		187
986		156		227752		189
987		160		227985		188
988		166		228220		191
989		163		228459		186
990		154		228691		191
991		154		228918		189
992		154		229154		188
993		156		229390		191
994		164		229626		189
995		168		229862		190
996		182		230094		188
997		169		230327		186
998		167		230566		188
999		166		230803		186
