# Migration is number of nodes that have changed color.

Round		Edge-Cut		Swaps		Migrations		Skipped
0		818		248		184
1		781		494		197
2		784		736		186
3		736		977		179
4		713		1221		188
5		701		1462		190
6		680		1706		186
7		685		1943		181
8		694		2174		193
9		677		2410		201
10		692		2653		180
11		679		2894		184
12		678		3127		195
13		715		3364		186
14		715		3600		186
15		683		3838		191
16		685		4074		190
17		679		4308		181
18		693		4545		189
19		687		4784		189
20		676		5023		191
21		670		5263		198
22		640		5494		187
23		639		5730		188
24		629		5965		176
25		615		6201		177
26		616		6437		188
27		593		6665		189
28		578		6896		187
29		569		7124		192
30		568		7354		184
31		566		7579		194
32		558		7806		184
33		548		8036		186
34		548		8266		195
35		509		8495		193
36		485		8733		191
37		453		8964		179
38		449		9186		183
39		445		9419		181
40		443		9651		185
41		444		9873		187
42		442		10096		191
43		429		10330		188
44		409		10562		194
45		405		10789		181
46		391		11015		189
47		387		11243		182
48		380		11458		184
49		374		11678		185
50		373		11897		188
51		352		12114		188
52		343		12337		194
53		346		12558		192
54		327		12777		190
55		324		12993		185
56		321		13217		187
57		316		13441		192
58		339		13654		184
59		321		13878		188
60		320		14098		182
61		321		14321		191
62		330		14547		195
63		314		14777		183
64		306		15006		188
65		301		15229		186
66		303		15450		188
67		302		15675		182
68		303		15902		190
69		309		16122		183
70		300		16346		183
71		319		16565		183
72		317		16799		181
73		303		17024		184
74		296		17247		189
75		296		17473		189
76		278		17694		194
77		270		17912		189
78		277		18136		186
79		277		18356		191
80		276		18580		187
81		279		18789		188
82		274		19002		192
83		272		19231		187
84		276		19453		187
85		269		19678		190
86		282		19903		182
87		277		20124		191
88		275		20358		190
89		289		20576		184
90		284		20795		187
91		297		21019		192
92		297		21247		194
93		300		21466		189
94		314		21694		191
95		324		21921		190
96		325		22149		185
97		336		22380		188
98		350		22605		187
99		355		22830		186
100		351		23055		190
101		340		23278		188
102		313		23506		184
103		319		23737		190
104		312		23966		190
105		287		24188		191
106		278		24410		189
107		279		24640		189
108		266		24866		188
109		279		25092		189
110		293		25320		183
111		278		25552		184
112		284		25776		190
113		265		26006		190
114		260		26234		189
115		262		26454		188
116		256		26683		188
117		261		26906		185
118		266		27136		187
119		282		27363		191
120		280		27591		191
121		271		27818		195
122		262		28049		190
123		263		28281		186
124		251		28509		191
125		248		28735		184
126		260		28960		183
127		256		29184		198
128		266		29413		192
129		273		29641		187
130		261		29868		186
131		270		30100		183
132		278		30326		186
133		256		30555		191
134		264		30785		189
135		263		31012		189
136		258		31239		190
137		261		31465		190
138		261		31692		190
139		272		31919		184
140		270		32145		186
141		267		32370		182
142		274		32595		189
143		284		32820		186
144		282		33043		192
145		292		33272		192
146		298		33499		199
147		298		33732		186
148		298		33955		192
149		277		34184		194
150		278		34408		189
151		293		34638		180
152		283		34862		189
153		276		35094		186
154		275		35323		188
155		276		35546		193
156		279		35780		188
157		275		36010		192
158		259		36241		188
159		274		36468		189
160		259		36700		186
161		268		36933		188
162		266		37162		182
163		264		37384		186
164		263		37610		188
165		265		37838		193
166		275		38065		195
167		277		38291		187
168		275		38516		191
169		289		38745		186
170		283		38970		193
171		292		39196		185
172		300		39429		187
173		293		39659		191
174		279		39888		188
175		275		40114		188
176		279		40343		182
177		267		40576		185
178		257		40806		185
179		248		41033		184
180		264		41264		182
181		245		41485		185
182		246		41709		186
183		241		41936		185
184		242		42167		190
185		237		42389		186
186		239		42615		189
187		242		42845		188
188		244		43069		190
189		230		43295		185
190		225		43524		189
191		225		43753		183
192		219		43977		185
193		229		44205		185
194		240		44434		187
195		232		44661		187
196		231		44888		188
197		230		45116		181
198		226		45337		185
199		221		45562		186
200		231		45784		190
201		227		46014		188
202		229		46239		185
203		236		46469		186
204		223		46704		188
205		209		46936		185
206		221		47169		185
207		221		47401		186
208		223		47630		184
209		231		47854		185
210		228		48085		188
211		218		48310		191
212		218		48535		194
213		231		48769		191
214		223		48995		188
215		214		49224		189
216		202		49456		187
217		204		49682		188
218		199		49908		191
219		200		50139		185
220		191		50373		186
221		187		50596		185
222		192		50813		188
223		196		51044		195
224		200		51274		189
225		203		51502		191
226		190		51728		189
227		195		51960		189
228		193		52183		186
229		183		52415		182
230		185		52647		188
231		183		52867		194
232		181		53100		191
233		184		53318		187
234		186		53549		190
235		184		53781		186
236		186		54009		186
237		183		54240		185
238		176		54461		188
239		178		54692		187
240		173		54930		191
241		171		55158		187
242		172		55384		191
243		180		55618		192
244		190		55846		191
245		189		56075		192
246		196		56296		187
247		197		56520		185
248		197		56749		187
249		193		56975		189
250		194		57191		190
251		188		57413		184
252		197		57637		182
253		203		57860		184
254		198		58081		185
255		200		58314		186
256		188		58543		190
257		189		58771		187
258		188		59000		188
259		185		59222		186
260		191		59447		188
261		178		59671		182
262		176		59896		187
263		182		60129		187
264		183		60355		189
265		181		60575		186
266		185		60802		183
267		184		61033		187
268		181		61258		184
269		184		61486		188
270		191		61715		190
271		196		61943		187
272		199		62169		186
273		199		62397		185
274		198		62621		182
275		198		62845		184
276		193		63061		189
277		194		63289		189
278		203		63520		186
279		204		63751		184
280		206		63977		191
281		204		64206		189
282		202		64431		183
283		198		64657		184
284		190		64877		186
285		189		65103		191
286		177		65334		192
287		177		65559		192
288		188		65786		187
289		191		66013		188
290		205		66237		185
291		213		66463		189
292		205		66688		192
293		200		66923		191
294		204		67148		188
295		190		67371		186
296		200		67601		187
297		203		67830		189
298		184		68062		190
299		186		68290		189
300		188		68514		187
301		202		68742		187
302		205		68974		184
303		198		69198		188
304		194		69419		185
305		197		69648		186
306		190		69881		188
307		184		70112		187
308		186		70342		189
309		183		70572		186
310		176		70794		188
311		180		71021		186
312		177		71247		190
313		170		71476		188
314		170		71707		189
315		174		71936		185
316		182		72162		190
317		183		72383		188
318		189		72604		191
319		193		72829		183
320		189		73062		188
321		194		73287		190
322		200		73509		189
323		204		73734		190
324		200		73957		189
325		197		74191		187
326		202		74414		185
327		202		74645		184
328		204		74873		188
329		202		75088		188
330		205		75318		186
331		211		75550		188
332		195		75770		190
333		192		75997		181
334		192		76216		180
335		198		76435		188
336		205		76663		187
337		204		76893		190
338		200		77120		187
339		205		77351		184
340		198		77577		187
341		197		77795		193
342		195		78026		189
343		195		78252		191
344		196		78487		185
345		194		78712		187
346		191		78938		189
347		192		79165		187
348		199		79386		188
349		195		79614		186
350		184		79839		186
351		178		80053		187
352		181		80278		189
353		191		80512		187
354		188		80743		188
355		189		80962		187
356		192		81189		190
357		192		81414		190
358		190		81641		192
359		188		81868		190
360		180		82093		189
361		181		82324		190
362		191		82549		187
363		198		82775		184
364		200		82999		183
365		200		83228		190
366		198		83454		191
367		206		83687		188
368		192		83899		186
369		191		84127		189
370		196		84355		190
371		200		84578		187
372		197		84805		192
373		210		85035		194
374		215		85253		185
375		213		85478		185
376		209		85710		186
377		206		85935		189
378		204		86153		188
379		188		86381		191
380		178		86609		189
381		179		86841		191
382		172		87060		188
383		180		87289		185
384		172		87518		188
385		171		87746		188
386		173		87960		192
387		168		88189		187
388		166		88407		187
389		172		88637		189
390		183		88868		190
391		177		89096		188
392		187		89320		185
393		193		89544		188
394		200		89770		187
395		203		89999		187
396		204		90223		184
397		202		90452		186
398		205		90674		185
399		203		90906		188
400		207		91139		186
401		213		91370		188
402		199		91600		186
403		194		91827		191
404		204		92054		190
405		215		92285		186
406		212		92518		185
407		217		92752		191
408		219		92983		189
409		225		93208		186
410		211		93438		190
411		203		93674		189
412		202		93900		188
413		204		94124		188
414		201		94353		192
415		208		94575		193
416		197		94791		188
417		203		95017		194
418		197		95243		191
419		191		95471		192
420		192		95697		187
421		202		95925		186
422		198		96149		189
423		193		96373		190
424		192		96603		190
425		197		96836		189
426		192		97068		188
427		193		97293		189
428		189		97517		191
429		193		97738		187
430		200		97962		190
431		185		98195		187
432		192		98419		187
433		198		98645		188
434		202		98870		186
435		205		99099		186
436		209		99325		189
437		202		99555		191
438		199		99787		186
439		201		100009		186
440		203		100230		191
441		192		100459		191
442		198		100687		186
443		190		100909		184
444		189		101136		186
445		193		101368		186
446		201		101601		184
447		199		101827		183
448		189		102052		190
449		193		102276		190
450		187		102505		188
451		187		102737		186
452		183		102960		182
453		189		103186		189
454		190		103418		185
455		189		103644		191
456		196		103874		187
457		209		104103		188
458		197		104335		189
459		196		104566		191
460		199		104796		188
461		196		105032		186
462		209		105257		193
463		197		105481		186
464		197		105705		188
465		200		105931		188
466		204		106157		192
467		211		106385		192
468		213		106609		190
469		208		106840		185
470		206		107067		187
471		194		107292		183
472		192		107525		188
473		206		107748		189
474		196		107978		189
475		204		108210		191
476		192		108441		188
477		188		108664		188
478		185		108889		184
479		188		109112		186
480		184		109339		186
481		194		109566		187
482		199		109791		186
483		196		110007		192
484		197		110242		189
485		194		110471		186
486		196		110698		184
487		212		110923		188
488		214		111146		187
489		220		111379		187
490		212		111611		187
491		212		111836		190
492		202		112060		193
493		205		112290		189
494		199		112520		186
495		209		112749		186
496		207		112983		188
497		200		113208		187
498		193		113432		185
499		194		113657		189
500		192		113880		189
501		197		114108		185
502		202		114332		188
503		210		114561		192
504		210		114796		184
505		215		115030		187
506		194		115261		188
507		204		115490		192
508		212		115715		189
509		206		115943		191
510		210		116173		189
511		216		116397		188
512		200		116622		186
513		206		116853		187
514		203		117075		190
515		208		117300		190
516		213		117530		191
517		218		117757		195
518		229		117985		195
519		234		118209		190
520		234		118432		183
521		237		118663		185
522		222		118882		187
523		233		119101		189
524		241		119328		189
525		243		119556		187
526		245		119782		185
527		236		120007		187
528		231		120227		186
529		229		120455		186
530		232		120680		190
531		231		120914		189
532		225		121142		188
533		220		121376		185
534		220		121607		184
535		227		121832		190
536		234		122059		189
537		231		122280		189
538		229		122511		193
539		231		122739		188
540		226		122965		186
541		229		123193		192
542		228		123418		190
543		220		123643		191
544		213		123865		193
545		211		124093		186
546		220		124312		187
547		223		124541		187
548		224		124771		192
549		213		124999		188
550		203		125225		190
551		221		125448		185
552		215		125672		185
553		215		125894		184
554		221		126125		185
555		217		126359		186
556		217		126590		189
557		204		126824		189
558		197		127055		188
559		185		127271		183
560		188		127499		187
561		189		127726		187
562		187		127948		184
563		193		128177		188
564		191		128412		192
565		182		128638		189
566		191		128865		188
567		186		129096		190
568		184		129322		186
569		174		129555		188
570		179		129780		187
571		179		130008		185
572		177		130236		184
573		177		130459		184
574		179		130680		187
575		185		130905		187
576		186		131134		190
577		183		131351		190
578		186		131575		187
579		194		131794		189
580		190		132017		191
581		186		132245		190
582		182		132462		190
583		171		132685		185
584		181		132915		184
585		169		133138		186
586		173		133359		187
587		174		133587		184
588		174		133822		187
589		174		134042		186
590		163		134260		187
591		167		134485		189
592		176		134712		185
593		179		134939		189
594		177		135162		186
595		175		135387		185
596		173		135607		183
597		171		135833		182
598		170		136061		186
599		185		136285		188
600		180		136514		189
601		183		136748		186
602		181		136975		187
603		171		137201		190
604		173		137421		188
605		172		137643		187
606		166		137868		190
607		166		138091		189
608		174		138314		190
609		175		138534		189
610		175		138762		185
611		175		138988		183
612		180		139218		184
613		177		139437		186
614		185		139670		189
615		176		139901		189
616		179		140129		187
617		174		140350		187
618		179		140573		184
619		184		140805		183
620		185		141028		184
621		187		141255		186
622		185		141481		185
623		190		141694		185
624		188		141928		187
625		186		142149		186
626		188		142378		187
627		198		142600		185
628		205		142826		190
629		192		143053		187
630		189		143281		186
631		192		143501		187
632		198		143719		190
633		190		143939		184
634		192		144165		186
635		190		144389		187
636		193		144614		185
637		189		144844		183
638		185		145071		186
639		187		145297		183
640		200		145529		184
641		210		145762		190
642		204		145986		187
643		191		146220		190
644		189		146451		186
645		189		146676		183
646		191		146896		184
647		184		147129		189
648		186		147346		184
649		187		147577		186
650		192		147811		182
651		182		148034		187
652		183		148264		187
653		180		148494		189
654		183		148724		188
655		176		148952		189
656		190		149180		187
657		198		149418		187
658		190		149644		183
659		192		149869		181
660		194		150092		187
661		193		150323		191
662		192		150548		187
663		187		150779		191
664		189		150997		189
665		186		151228		187
666		181		151446		188
667		191		151676		191
668		196		151904		191
669		205		152125		189
670		209		152351		185
671		219		152583		188
672		204		152811		187
673		203		153041		183
674		214		153273		187
675		217		153503		189
676		224		153725		187
677		233		153952		190
678		221		154177		185
679		221		154405		188
680		227		154630		184
681		226		154856		185
682		227		155086		187
683		218		155312		185
684		222		155542		185
685		221		155766		189
686		236		156003		187
687		233		156230		188
688		229		156456		185
689		221		156681		183
690		229		156913		188
691		232		157142		182
692		229		157368		186
693		221		157595		189
694		235		157819		188
695		236		158042		180
696		237		158282		185
697		217		158506		186
698		228		158737		186
699		230		158966		183
700		235		159198		178
701		237		159426		187
702		242		159657		187
703		236		159886		181
704		243		160119		191
705		250		160348		184
706		237		160584		185
707		258		160819		194
708		250		161055		186
709		231		161281		185
710		233		161506		189
711		230		161733		187
712		235		161965		190
713		239		162202		190
714		238		162434		190
715		239		162670		193
716		239		162904		181
717		233		163143		185
718		234		163379		183
719		243		163613		191
720		241		163848		191
721		248		164080		189
722		242		164317		189
723		234		164547		190
724		229		164780		191
725		229		165017		189
726		227		165248		189
727		241		165480		190
728		250		165716		193
729		245		165951		188
730		238		166189		190
731		240		166419		191
732		246		166651		193
733		238		166885		190
734		241		167112		193
735		240		167350		182
736		241		167586		186
737		242		167822		183
738		222		168056		186
739		231		168290		187
740		245		168529		189
741		235		168755		185
742		235		168982		188
743		229		169214		187
744		220		169452		187
745		224		169680		185
746		227		169912		188
747		222		170139		183
748		216		170367		188
749		212		170605		190
750		218		170835		187
751		218		171071		188
752		220		171307		189
753		226		171544		193
754		224		171778		192
755		233		172011		190
756		231		172244		185
757		226		172479		189
758		216		172713		189
759		224		172947		188
760		221		173187		191
761		232		173419		190
762		216		173655		190
763		227		173882		185
764		231		174102		189
765		236		174335		191
766		223		174565		190
767		219		174798		189
768		226		175034		190
769		232		175265		192
770		243		175495		188
771		238		175733		182
772		224		175968		185
773		230		176198		188
774		237		176429		192
775		229		176657		193
776		224		176889		186
777		208		177125		187
778		206		177359		187
779		208		177594		186
780		203		177821		183
781		221		178064		190
782		204		178299		185
783		206		178534		193
784		203		178769		186
785		187		179002		183
786		183		179240		187
787		189		179475		192
788		182		179705		189
789		186		179935		192
790		185		180168		193
791		184		180400		188
792		190		180634		190
793		182		180865		183
794		174		181092		190
795		181		181322		190
796		178		181548		187
797		184		181775		193
798		188		182008		189
799		192		182240		190
800		185		182464		190
801		179		182700		185
802		182		182929		193
803		167		183164		192
804		166		183396		190
805		163		183626		190
806		159		183860		187
807		150		184091		187
808		145		184324		188
809		148		184560		186
810		149		184794		184
811		147		185032		188
812		153		185265		184
813		144		185501		185
814		144		185735		184
815		144		185963		186
816		146		186199		184
817		143		186431		189
818		138		186667		186
819		136		186900		188
820		140		187131		189
821		149		187360		188
822		146		187594		188
823		141		187825		190
824		147		188056		190
825		150		188289		186
826		148		188525		189
827		138		188754		186
828		137		188986		188
829		141		189219		193
830		138		189455		187
831		143		189690		188
832		140		189929		188
833		146		190152		188
834		144		190385		189
835		143		190613		190
836		143		190842		187
837		143		191071		189
838		148		191305		189
839		143		191538		187
840		150		191775		187
841		144		192006		187
842		148		192243		184
843		157		192473		187
844		157		192707		187
845		151		192941		186
846		149		193176		184
847		155		193408		186
848		154		193639		193
849		154		193868		192
850		152		194104		189
851		151		194331		189
852		148		194564		186
853		149		194798		188
854		152		195033		189
855		153		195261		187
856		157		195484		187
857		137		195723		190
858		143		195951		187
859		142		196185		188
860		149		196419		190
861		152		196658		187
862		139		196888		188
863		146		197124		189
864		150		197357		187
865		140		197597		186
866		140		197829		189
867		133		198066		186
868		137		198295		186
869		140		198536		184
870		144		198765		183
871		138		198996		188
872		136		199226		186
873		142		199454		186
874		151		199682		190
875		150		199913		189
876		154		200147		187
877		152		200384		191
878		148		200616		191
879		156		200845		191
880		152		201078		188
881		144		201310		184
882		142		201542		188
883		140		201779		187
884		138		202007		188
885		137		202238		191
886		136		202468		190
887		137		202704		190
888		146		202940		193
889		144		203171		188
890		146		203403		186
891		145		203632		186
892		138		203863		187
893		141		204098		187
894		140		204336		186
895		141		204575		185
896		135		204811		187
897		139		205040		185
898		143		205275		193
899		146		205510		190
900		146		205743		189
901		144		205973		189
902		147		206205		185
903		162		206447		192
904		149		206686		189
905		147		206926		184
906		141		207160		191
907		148		207398		193
908		152		207632		191
909		153		207871		187
910		145		208104		187
911		154		208336		185
912		153		208566		187
913		148		208801		186
914		152		209038		185
915		143		209266		187
916		145		209498		187
917		147		209732		187
918		154		209967		189
919		149		210195		188
920		156		210430		192
921		153		210667		190
922		143		210900		187
923		142		211134		187
924		149		211361		187
925		164		211590		188
926		170		211825		186
927		167		212051		186
928		164		212287		187
929		166		212516		188
930		165		212750		188
931		157		212979		192
932		156		213216		189
933		144		213451		189
934		144		213683		191
935		145		213912		190
936		148		214137		186
937		142		214374		189
938		133		214606		191
939		133		214842		191
940		131		215079		189
941		127		215313		189
942		125		215542		186
943		131		215774		188
944		134		216012		188
945		134		216246		190
946		142		216484		191
947		137		216719		189
948		136		216947		187
949		141		217186		185
950		138		217413		187
951		139		217652		185
952		145		217890		191
953		137		218126		189
954		138		218359		189
955		144		218593		188
956		136		218818		185
957		141		219051		188
958		134		219281		190
959		138		219509		187
960		142		219741		190
961		142		219974		187
962		143		220203		188
963		156		220436		187
964		152		220668		190
965		147		220901		188
966		150		221132		186
967		163		221364		186
968		144		221595		189
969		151		221830		189
970		145		222059		191
971		142		222291		190
972		144		222523		189
973		142		222757		191
974		127		222988		187
975		128		223221		188
976		132		223459		185
977		131		223692		186
978		132		223916		188
979		137		224145		185
980		138		224378		185
981		139		224606		184
982		143		224835		189
983		146		225073		188
984		153		225303		189
985		159		225536		193
986		158		225768		190
987		163		226004		191
988		161		226230		189
989		153		226459		192
990		147		226682		189
991		151		226907		190
992		163		227134		189
993		161		227367		190
994		169		227601		184
995		165		227831		186
996		157		228067		186
997		157		228297		188
998		157		228529		186
999		155		228758		185
