# Migration is number of nodes that have changed color.

Round		Edge-Cut		Swaps		Migrations		Skipped
0		825		250		187
1		805		499		187
2		790		746		177
3		793		995		186
4		782		1240		181
5		757		1486		184
6		734		1730		177
7		714		1973		194
8		709		2207		194
9		690		2442		187
10		697		2681		186
11		681		2919		187
12		677		3155		177
13		664		3391		191
14		668		3623		196
15		664		3855		187
16		651		4079		186
17		690		4317		186
18		648		4550		190
19		675		4791		178
20		650		5028		190
21		634		5256		193
22		606		5482		193
23		610		5701		185
24		596		5933		188
25		588		6157		185
26		594		6378		178
27		594		6601		190
28		595		6830		194
29		579		7057		179
30		572		7285		190
31		569		7511		188
32		569		7736		186
33		520		7965		185
34		541		8193		193
35		540		8426		189
36		510		8661		183
37		507		8884		190
38		502		9116		189
39		505		9342		197
40		494		9565		183
41		465		9792		183
42		469		10015		185
43		478		10237		186
44		480		10460		177
45		471		10690		196
46		480		10918		186
47		476		11145		185
48		449		11363		189
49		427		11588		183
50		430		11811		189
51		425		12031		185
52		428		12250		196
53		411		12479		192
54		408		12710		192
55		424		12930		184
56		401		13158		189
57		415		13388		185
58		411		13616		188
59		401		13850		194
60		386		14080		188
61		371		14302		192
62		374		14523		194
63		366		14744		196
64		352		14970		189
65		355		15194		181
66		347		15426		181
67		334		15652		185
68		337		15883		182
69		331		16108		184
70		338		16339		185
71		336		16559		184
72		337		16786		189
73		340		17010		183
74		355		17235		187
75		344		17463		185
76		334		17689		192
77		321		17921		186
78		293		18147		188
79		306		18370		186
80		289		18585		189
81		306		18813		192
82		298		19039		190
83		298		19267		189
84		280		19497		194
85		287		19715		187
86		263		19940		191
87		271		20171		192
88		259		20396		188
89		258		20622		188
90		255		20842		180
91		250		21068		185
92		247		21291		192
93		263		21524		186
94		258		21753		186
95		251		21983		184
96		264		22213		186
97		286		22441		187
98		272		22664		185
99		263		22890		179
100		266		23117		184
101		264		23342		193
102		277		23576		184
103		272		23800		180
104		276		24016		182
105		286		24245		191
106		275		24479		184
107		259		24706		188
108		253		24936		186
109		245		25168		184
110		247		25403		190
111		245		25630		190
112		246		25858		190
113		253		26090		187
114		246		26322		187
115		250		26556		185
116		249		26783		195
117		240		27011		183
118		232		27238		187
119		235		27467		187
120		242		27700		191
121		222		27932		193
122		214		28166		186
123		208		28394		184
124		219		28618		186
125		214		28856		186
126		208		29085		186
127		204		29312		186
128		193		29551		188
129		185		29782		186
130		183		30013		187
131		186		30236		192
132		197		30468		189
133		206		30699		190
134		202		30936		190
135		205		31169		189
136		191		31401		188
137		194		31629		186
138		195		31864		190
139		195		32097		189
140		182		32331		187
141		190		32567		189
142		196		32794		188
143		189		33023		185
144		190		33254		188
145		185		33479		186
146		178		33710		184
147		192		33943		185
148		185		34182		188
149		196		34414		187
150		199		34645		189
151		220		34878		189
152		226		35109		186
153		223		35342		186
154		209		35571		178
155		207		35804		185
156		206		36028		182
157		208		36256		183
158		213		36487		190
159		205		36721		190
160		209		36950		188
161		217		37180		189
162		219		37408		179
163		226		37630		188
164		239		37864		187
165		222		38100		187
166		229		38326		190
167		245		38557		190
168		237		38791		186
169		225		39023		185
170		207		39250		187
171		204		39486		186
172		201		39720		185
173		207		39952		190
174		216		40186		192
175		214		40419		190
176		220		40645		181
177		206		40874		185
178		217		41108		190
179		217		41338		185
180		222		41565		183
181		215		41799		189
182		216		42031		184
183		213		42264		188
184		208		42489		184
185		206		42724		187
186		208		42944		186
187		202		43176		187
188		200		43409		185
189		206		43646		186
190		199		43869		187
191		199		44103		190
192		204		44337		188
193		208		44563		191
194		204		44796		187
195		202		45030		188
196		212		45258		183
197		215		45491		180
198		207		45725		184
199		208		45956		185
200		198		46199		183
201		189		46431		190
202		182		46661		185
203		186		46896		186
204		187		47131		187
205		189		47363		188
206		187		47592		188
207		192		47827		184
208		187		48052		184
209		192		48283		182
210		190		48513		191
211		196		48743		188
212		201		48972		191
213		198		49206		185
214		205		49436		186
215		202		49673		186
216		191		49905		194
217		197		50142		190
218		193		50368		185
219		180		50600		187
220		174		50834		186
221		170		51066		183
222		165		51299		185
223		164		51532		187
224		166		51765		189
225		170		51998		185
226		172		52229		187
227		176		52458		187
228		167		52687		187
229		175		52921		183
230		177		53150		192
231		178		53385		187
232		178		53611		189
233		181		53840		190
234		177		54073		184
235		181		54303		189
236		189		54530		190
237		195		54765		188
238		197		54993		182
239		195		55224		188
240		198		55455		187
241		190		55688		186
242		200		55915		184
243		198		56146		186
244		195		56367		186
245		193		56596		183
246		206		56829		184
247		204		57057		184
248		195		57296		185
249		190		57524		186
250		195		57754		184
251		188		57988		186
252		186		58221		185
253		183		58455		185
254		179		58684		188
255		189		58912		188
256		176		59137		191
257		180		59375		189
258		179		59602		185
259		193		59833		183
260		194		60065		185
261		194		60290		185
262		183		60524		188
263		191		60759		188
264		181		60996		183
265		189		61235		184
266		177		61460		188
267		184		61690		184
268		197		61918		188
269		199		62154		188
270		199		62389		187
271		200		62623		185
272		207		62855		185
273		203		63088		181
274		195		63325		184
275		201		63555		184
276		208		63792		185
277		205		64020		187
278		205		64254		181
279		201		64492		187
280		203		64722		188
281		201		64949		189
282		210		65184		184
283		210		65415		187
284		215		65652		182
285		219		65890		188
286		228		66125		189
287		218		66356		188
288		230		66586		190
289		235		66817		191
290		226		67046		189
291		222		67271		188
292		227		67498		188
293		234		67725		187
294		226		67956		185
295		234		68178		186
296		227		68407		188
297		238		68633		183
298		249		68863		190
299		257		69097		192
300		257		69318		185
301		255		69558		183
302		252		69795		187
303		259		70026		186
304		250		70254		190
305		259		70492		189
306		264		70722		186
307		273		70955		186
308		264		71184		192
309		265		71413		184
310		260		71649		187
311		261		71877		183
312		275		72117		185
313		277		72345		192
314		261		72578		187
315		279		72812		180
316		256		73041		190
317		254		73274		186
318		269		73509		186
319		269		73743		188
320		271		73973		187
321		274		74205		187
322		267		74442		188
323		258		74679		185
324		271		74913		187
325		267		75148		189
326		262		75380		194
327		262		75613		187
328		235		75847		186
329		234		76074		191
330		242		76309		186
331		245		76544		188
332		251		76777		192
333		237		77014		189
334		230		77246		195
335		218		77479		189
336		223		77709		186
337		216		77943		187
338		214		78175		191
339		211		78410		195
340		214		78645		186
341		212		78882		186
342		214		79116		188
343		211		79349		186
344		209		79587		188
345		207		79820		194
346		192		80046		190
347		199		80278		185
348		209		80513		187
349		221		80753		189
350		226		80986		190
351		235		81218		183
352		229		81451		186
353		227		81681		188
354		227		81911		186
355		224		82146		184
356		220		82383		187
357		226		82618		185
358		228		82854		192
359		228		83094		190
360		234		83335		183
361		256		83572		188
362		262		83809		186
363		256		84049		187
364		249		84290		189
365		247		84517		194
366		245		84754		194
367		240		84988		188
368		243		85224		187
369		241		85461		186
370		233		85694		187
371		242		85928		187
372		230		86162		188
373		232		86396		182
374		218		86623		188
375		218		86857		195
376		219		87095		183
377		226		87326		190
378		237		87558		188
379		217		87791		187
380		209		88027		185
381		207		88259		187
382		201		88495		192
383		198		88725		191
384		192		88958		192
385		191		89191		190
386		199		89424		188
387		201		89662		183
388		204		89895		188
389		216		90128		183
390		215		90361		186
391		208		90597		189
392		209		90830		190
393		203		91061		186
394		211		91296		185
395		216		91528		186
396		214		91763		185
397		212		91994		196
398		218		92218		187
399		221		92457		189
400		234		92690		190
401		227		92917		190
402		220		93147		190
403		212		93383		189
404		196		93616		186
405		208		93846		191
406		210		94079		182
407		199		94315		189
408		199		94550		191
409		177		94789		186
410		195		95023		187
411		196		95252		185
412		191		95484		191
413		199		95722		186
414		194		95955		190
415		194		96187		182
416		203		96429		182
417		209		96662		181
418		218		96902		185
419		217		97137		189
420		215		97376		186
421		224		97609		180
422		217		97850		188
423		213		98088		185
424		206		98321		190
425		202		98562		192
426		197		98795		190
427		199		99036		189
428		180		99269		189
429		183		99505		183
430		178		99739		185
431		185		99975		191
432		182		100207		192
433		179		100443		190
434		176		100676		188
435		167		100913		188
436		180		101143		186
437		193		101380		184
438		186		101601		188
439		183		101831		190
440		182		102063		190
441		178		102292		188
442		174		102529		190
443		172		102767		186
444		180		103001		187
445		175		103236		184
446		172		103471		188
447		175		103700		188
448		186		103933		192
449		189		104163		186
450		191		104400		192
451		176		104635		189
452		179		104875		187
453		180		105112		187
454		180		105348		182
455		187		105580		189
456		184		105810		188
457		176		106040		188
458		166		106280		189
459		166		106518		189
460		166		106754		188
461		170		106992		185
462		166		107229		191
463		174		107465		187
464		184		107700		187
465		184		107934		182
466		190		108168		189
467		198		108403		191
468		197		108639		185
469		183		108870		188
470		175		109105		187
471		176		109339		189
472		170		109572		187
473		173		109804		186
474		174		110036		186
475		172		110267		192
476		167		110505		189
477		164		110739		191
478		151		110971		190
479		155		111214		188
480		150		111451		189
481		149		111684		186
482		150		111921		188
483		154		112154		190
484		147		112394		186
485		143		112632		189
486		144		112861		189
487		142		113094		187
488		139		113331		190
489		135		113565		188
490		140		113792		185
491		142		114033		191
492		143		114265		187
493		142		114497		184
494		144		114733		185
495		139		114967		186
496		143		115200		187
497		140		115436		188
498		140		115672		187
499		141		115908		187
500		129		116147		190
501		140		116382		192
502		140		116615		191
503		130		116853		190
504		130		117092		188
505		124		117331		187
506		124		117569		186
507		129		117806		187
508		141		118045		184
509		150		118286		185
510		146		118522		188
511		152		118765		186
512		150		119003		190
513		147		119238		188
514		147		119464		188
515		146		119697		189
516		148		119929		188
517		145		120166		184
518		149		120397		191
519		150		120627		189
520		148		120861		188
521		151		121085		183
522		152		121324		194
523		150		121565		190
524		153		121800		185
525		159		122039		188
526		165		122276		181
527		163		122510		181
528		155		122745		188
529		154		122981		188
530		147		123217		187
531		150		123452		190
532		147		123683		190
533		145		123920		190
534		151		124157		189
535		147		124401		188
536		146		124641		191
537		145		124880		186
538		140		125113		186
539		145		125351		187
540		147		125592		192
541		145		125827		190
542		148		126070		186
543		149		126307		187
544		140		126539		185
545		137		126779		189
546		139		127015		189
547		137		127252		188
548		142		127491		186
549		140		127725		186
550		145		127963		191
551		139		128200		187
552		142		128433		186
553		147		128669		186
554		144		128907		190
555		151		129146		185
556		151		129380		186
557		149		129608		185
558		142		129843		183
559		137		130079		184
560		145		130316		191
561		145		130549		188
562		150		130786		185
563		152		131020		188
564		148		131255		184
565		137		131492		187
566		137		131728		188
567		136		131967		190
568		137		132199		188
569		133		132434		186
570		131		132664		188
571		130		132899		187
572		132		133134		190
573		136		133375		190
574		139		133607		190
575		143		133843		183
576		143		134080		189
577		141		134314		193
578		139		134555		187
579		140		134792		186
580		151		135028		189
581		155		135260		188
582		153		135493		192
583		150		135725		190
584		158		135956		187
585		151		136186		184
586		147		136422		190
587		150		136654		189
588		153		136892		189
589		157		137127		187
590		161		137361		184
591		170		137596		188
592		154		137833		189
593		142		138067		184
594		138		138297		187
595		140		138537		190
596		144		138777		186
597		141		139012		186
598		143		139246		185
599		142		139484		185
600		141		139719		185
601		130		139954		187
602		136		140195		189
603		129		140431		192
604		127		140668		187
605		132		140908		189
606		137		141145		193
607		134		141384		183
608		137		141620		187
609		134		141847		187
610		126		142082		185
611		123		142321		190
612		128		142558		185
613		128		142795		183
614		129		143027		187
615		133		143261		190
616		138		143493		184
617		141		143731		190
618		149		143969		186
619		147		144203		187
620		148		144437		188
621		147		144675		186
622		142		144908		184
623		143		145145		187
624		133		145382		188
625		127		145616		185
626		127		145851		189
627		132		146087		188
628		136		146315		184
629		142		146554		183
630		130		146798		188
631		132		147031		191
632		130		147265		187
633		138		147498		185
634		141		147729		188
635		136		147966		183
636		135		148201		185
637		137		148438		185
638		137		148678		190
639		142		148917		188
640		153		149148		185
641		147		149383		186
642		157		149619		190
643		158		149856		193
644		161		150094		192
645		157		150323		188
646		152		150557		184
647		155		150792		191
648		162		151031		185
649		154		151270		187
650		152		151507		188
651		150		151746		187
652		154		151976		188
653		157		152212		191
654		154		152451		192
655		152		152689		189
656		152		152922		188
657		144		153155		187
658		142		153385		188
659		136		153623		188
660		142		153858		184
661		139		154091		188
662		147		154329		190
663		147		154571		188
664		158		154807		185
665		160		155041		183
666		160		155281		183
667		167		155520		185
668		164		155757		193
669		167		155994		191
670		166		156233		188
671		164		156465		188
672		152		156702		186
673		149		156935		186
674		143		157170		190
675		149		157408		190
676		144		157637		190
677		143		157870		188
678		144		158108		188
679		143		158345		187
680		144		158585		187
681		146		158818		187
682		141		159053		188
683		144		159290		190
684		143		159527		185
685		145		159755		186
686		140		159985		187
687		132		160221		186
688		129		160456		184
689		134		160695		189
690		139		160924		187
691		130		161163		186
692		126		161404		189
693		126		161641		187
694		116		161875		187
695		123		162111		187
696		123		162349		191
697		119		162586		186
698		123		162820		188
699		121		163060		190
700		119		163291		188
701		123		163524		186
702		125		163764		190
703		125		163999		190
704		126		164233		186
705		128		164473		186
706		130		164707		188
707		126		164943		188
708		131		165177		190
709		125		165415		188
710		126		165651		188
711		121		165881		189
712		125		166116		187
713		118		166350		187
714		112		166577		187
715		119		166803		188
716		119		167036		189
717		116		167272		187
718		117		167501		188
719		116		167738		187
720		112		167976		189
721		114		168217		186
722		116		168455		191
723		115		168692		189
724		115		168927		187
725		119		169167		186
726		123		169397		187
727		125		169637		186
728		132		169876		189
729		130		170113		187
730		126		170344		186
731		127		170581		187
732		125		170814		185
733		123		171049		188
734		123		171288		188
735		125		171517		189
736		124		171748		190
737		118		171984		189
738		123		172221		187
739		130		172458		188
740		132		172691		191
741		132		172928		186
742		128		173164		189
743		128		173398		185
744		126		173626		189
745		131		173858		184
746		130		174096		184
747		134		174330		187
748		135		174560		190
749		135		174791		189
750		121		175022		186
751		124		175257		190
752		128		175497		190
753		130		175733		187
754		132		175966		185
755		134		176204		188
756		140		176444		190
757		135		176685		186
758		129		176918		186
759		128		177155		189
760		133		177391		189
761		131		177627		191
762		128		177868		189
763		126		178103		189
764		133		178339		186
765		128		178575		190
766		125		178805		188
767		129		179041		186
768		132		179276		187
769		127		179511		188
770		130		179746		186
771		133		179982		188
772		134		180218		186
773		133		180451		189
774		136		180692		190
775		146		180932		188
776		145		181169		187
777		150		181404		189
778		143		181644		189
779		144		181879		188
780		142		182118		189
781		137		182352		188
782		140		182586		189
783		139		182820		184
784		142		183060		185
785		141		183299		190
786		139		183535		186
787		139		183765		186
788		133		184001		190
789		132		184233		187
790		135		184470		185
791		140		184703		184
792		138		184943		188
793		133		185178		186
794		125		185421		190
795		126		185655		190
796		130		185890		187
797		125		186124		187
798		126		186360		187
799		122		186596		189
800		116		186832		183
801		117		187072		185
802		115		187306		186
803		107		187544		188
804		110		187771		184
805		113		188003		186
806		109		188240		187
807		112		188478		185
808		116		188719		185
809		111		188957		184
810		107		189195		188
811		112		189434		188
812		115		189672		184
813		110		189909		187
814		110		190145		187
815		113		190385		190
816		110		190614		186
817		113		190852		185
818		112		191089		186
819		110		191326		186
820		114		191560		186
821		114		191799		188
822		124		192042		187
823		115		192281		189
824		120		192518		185
825		111		192755		186
826		113		192992		191
827		113		193232		188
828		111		193470		190
829		105		193706		187
830		105		193939		189
831		100		194179		188
832		102		194414		189
833		104		194651		188
834		104		194887		186
835		111		195122		186
836		112		195359		187
837		111		195590		186
838		115		195823		187
839		109		196059		187
840		107		196293		187
841		107		196533		185
842		107		196766		188
843		111		197002		185
844		106		197230		186
845		98		197464		187
846		98		197699		189
847		102		197927		187
848		106		198159		191
849		104		198399		189
850		101		198630		189
851		101		198865		187
852		109		199101		188
853		111		199334		190
854		113		199571		188
855		110		199809		188
856		111		200043		188
857		118		200278		190
858		115		200508		188
859		113		200742		186
860		112		200979		187
861		112		201214		187
862		109		201454		190
863		113		201688		189
864		107		201917		190
865		109		202155		191
866		113		202393		192
867		115		202628		189
868		114		202864		189
869		118		203100		188
870		119		203337		189
871		123		203576		190
872		113		203814		187
873		115		204048		189
874		125		204285		189
875		128		204521		185
876		117		204758		189
877		118		204992		187
878		118		205223		186
879		112		205457		189
880		114		205689		185
881		129		205915		190
882		126		206149		186
883		119		206385		185
884		118		206616		186
885		115		206855		186
886		121		207089		185
887		125		207325		187
888		128		207560		186
889		119		207796		185
890		120		208030		187
891		127		208263		188
892		122		208496		190
893		121		208730		188
894		121		208969		187
895		117		209209		184
896		115		209445		183
897		110		209686		187
898		113		209919		186
899		116		210152		186
900		113		210390		187
901		105		210622		183
902		111		210859		186
903		110		211095		188
904		117		211335		186
905		108		211568		186
906		110		211802		187
907		111		212040		186
908		117		212276		188
909		118		212515		187
910		120		212755		189
911		118		212992		187
912		115		213234		189
913		118		213468		185
914		116		213705		185
915		121		213937		187
916		125		214169		189
917		119		214407		182
918		119		214642		186
919		111		214882		189
920		116		215120		185
921		119		215355		187
922		123		215591		183
923		121		215817		189
924		117		216056		192
925		116		216287		187
926		116		216518		187
927		117		216752		189
928		120		216988		190
929		124		217223		189
930		116		217459		186
931		116		217695		187
932		119		217933		187
933		119		218170		186
934		114		218410		190
935		114		218647		185
936		116		218886		189
937		118		219129		188
938		118		219364		190
939		116		219598		185
940		115		219836		188
941		114		220071		188
942		113		220303		188
943		116		220538		188
944		119		220772		189
945		123		221013		188
946		117		221253		189
947		117		221492		186
948		109		221723		186
949		110		221952		189
950		101		222188		187
951		100		222421		187
952		94		222656		186
953		95		222894		186
954		95		223130		185
955		99		223370		188
956		93		223607		187
957		88		223849		187
958		90		224083		186
959		92		224325		186
960		96		224558		191
961		100		224796		188
962		107		225034		183
963		111		225265		187
964		111		225498		186
965		106		225742		188
966		119		225976		186
967		114		226213		186
968		113		226449		187
969		119		226681		187
970		109		226913		187
971		111		227147		187
972		113		227380		190
973		117		227616		188
974		111		227850		188
975		116		228092		185
976		116		228326		184
977		115		228563		185
978		112		228793		185
979		118		229029		187
980		115		229263		187
981		123		229498		184
982		122		229737		186
983		123		229969		185
984		119		230211		186
985		130		230447		189
986		126		230683		187
987		130		230918		186
988		140		231155		186
989		134		231399		188
990		141		231639		186
991		149		231879		187
992		161		232118		183
993		159		232354		187
994		159		232592		186
995		156		232835		189
996		161		233072		186
997		158		233306		188
998		157		233540		183
999		154		233779		187
