# Migration is number of nodes that have changed color.

Round		Edge-Cut		Swaps		Migrations		Skipped
0		6510		4465		2617
1		5376		8700		2919
2		4891		12870		3032
3		4492		16972		3072
4		4196		21038		3106
5		3968		25055		3114
6		3828		29065		3110
7		3669		33090		3161
8		3510		37044		3178
9		3370		41062		3198
10		3243		45041		3193
11		3157		49004		3212
12		3102		52954		3225
13		3018		56902		3249
14		2941		60844		3256
15		2872		64798		3261
16		2829		68733		3258
17		2767		72704		3263
18		2710		76667		3266
19		2686		80591		3265
20		2643		84494		3279
21		2607		88450		3275
22		2552		92380		3267
23		2510		96302		3270
24		2496		100232		3265
25		2474		104154		3266
26		2416		108096		3272
27		2375		111940		3286
28		2330		115812		3292
29		2310		119720		3305
30		2285		123635		3305
31		2267		127568		3312
32		2238		131502		3303
33		2211		135389		3309
34		2191		139297		3304
35		2181		143207		3322
36		2156		147123		3315
37		2139		151033		3317
38		2125		154949		3317
39		2113		158818		3316
40		2097		162740		3315
41		2076		166680		3312
42		2060		170559		3308
43		2046		174477		3310
44		2034		178329		3313
45		2027		182200		3310
46		2016		186110		3308
47		2004		189972		3311
48		1989		193823		3314
49		1982		197776		3306
50		1964		201643		3303
51		1947		205496		3310
52		1941		209403		3309
53		1935		213277		3308
54		1925		217169		3311
55		1925		221033		3317
56		1917		224937		3320
57		1900		228848		3320
58		1883		232721		3312
59		1870		236616		3318
60		1870		240463		3318
61		1864		244370		3321
62		1861		248246		3322
63		1858		252109		3322
64		1858		256019		3322
65		1855		259875		3324
66		1844		263763		3328
67		1839		267683		3335
68		1826		271582		3334
69		1826		275511		3334
70		1823		279374		3332
71		1815		279385		3337
72		1797		279397		3331
73		1779		279411		3329
74		1761		279423		3328
75		1755		279430		3331
76		1743		279438		3332
77		1733		279449		3336
78		1729		279458		3337
79		1718		279466		3335
80		1713		279472		3335
81		1705		279479		3334
82		1695		279486		3330
83		1686		279492		3329
84		1681		279497		3328
85		1676		279504		3330
86		1675		279506		3330
87		1673		279507		3330
88		1668		279511		3330
89		1664		279514		3332
90		1663		279518		3331
91		1662		279520		3330
92		1657		279525		3330
93		1658		279527		3329
94		1654		279531		3329
95		1653		279533		3333
96		1650		279535		3336
97		1649		279537		3336
98		1647		279538		3335
99		1647		279538		3335
100		1644		279540		3332
101		1645		279541		3333
102		1642		279544		3332
103		1640		279545		3332
104		1639		279546		3331
105		1639		279546		3331
106		1639		279546		3331
107		1639		279546		3331
108		1639		279546		3331
109		1638		279547		3331
110		1636		279548		3329
111		1635		279549		3328
112		1634		279551		3329
113		1632		279552		3328
114		1632		279552		3328
115		1632		279552		3328
116		1632		279552		3328
117		1632		279552		3328
118		1631		279553		3327
119		1631		279553		3327
120		1631		279553		3327
121		1631		279553		3327
122		1631		279553		3327
123		1631		279553		3327
124		1631		279555		3329
125		1631		279555		3329
126		1630		279556		3329
127		1630		279556		3329
128		1630		279556		3329
129		1630		279556		3329
130		1630		279556		3329
131		1630		279556		3329
132		1631		279557		3329
133		1631		279557		3329
134		1629		279558		3329
135		1629		279558		3329
136		1627		279559		3330
137		1627		279561		3329
138		1627		279561		3329
139		1627		279561		3329
140		1627		279561		3329
141		1627		279561		3329
142		1627		279561		3329
143		1627		279561		3329
144		1627		279561		3329
145		1627		279561		3329
146		1627		279561		3329
147		1627		279561		3329
148		1627		279561		3329
149		1625		279562		3328
150		1625		279562		3328
151		1625		279562		3328
152		1625		279562		3328
153		1625		279562		3328
154		1625		279562		3328
155		1625		279562		3328
156		1623		279563		3329
157		1623		279563		3329
158		1623		279563		3329
159		1623		279563		3329
160		1623		279563		3329
161		1623		279563		3329
162		1623		279563		3329
163		1623		279563		3329
164		1623		279563		3329
165		1623		279563		3329
166		1623		279563		3329
167		1623		279563		3329
168		1623		279563		3329
169		1623		279563		3329
170		1623		279563		3329
171		1623		279563		3329
172		1623		279563		3329
173		1623		279563		3329
174		1623		279563		3329
175		1623		279563		3329
176		1623		279563		3329
177		1623		279563		3329
178		1623		279563		3329
179		1623		279563		3329
180		1623		279563		3329
181		1623		279563		3329
182		1623		279563		3329
183		1623		279563		3329
184		1623		279563		3329
185		1623		279563		3329
186		1623		279563		3329
187		1623		279563		3329
188		1623		279563		3329
189		1623		279563		3329
190		1623		279563		3329
191		1623		279563		3329
192		1623		279563		3329
193		1623		279563		3329
194		1623		279563		3329
195		1623		279563		3329
196		1623		279563		3329
197		1623		279563		3329
198		1623		279563		3329
199		1623		279563		3329
200		1623		279563		3329
201		1623		279563		3329
202		1623		279563		3329
203		1623		279563		3329
204		1623		279563		3329
205		1623		279563		3329
206		1623		279563		3329
207		1623		279563		3329
208		1623		279563		3329
209		1623		279563		3329
210		1623		279563		3329
211		1623		279563		3329
212		1623		279563		3329
213		1623		279563		3329
214		1623		279563		3329
215		1623		279563		3329
216		1623		279563		3329
217		1623		279563		3329
218		1623		279563		3329
219		1623		279563		3329
220		1623		279563		3329
221		1623		279563		3329
222		1623		279563		3329
223		1623		279563		3329
224		1623		279563		3329
225		1623		279563		3329
226		1623		279563		3329
227		1623		279563		3329
228		1623		279563		3329
229		1623		279563		3329
230		1623		279563		3329
231		1623		279563		3329
232		1623		279563		3329
233		1623		279563		3329
234		1623		279563		3329
235		1623		279563		3329
236		1623		279563		3329
237		1623		279563		3329
238		1623		279563		3329
239		1623		279563		3329
240		1623		279563		3329
241		1623		279563		3329
242		1623		279563		3329
243		1623		279563		3329
244		1623		279563		3329
245		1623		279563		3329
246		1623		279563		3329
247		1623		279563		3329
248		1623		279563		3329
249		1623		279563		3329
250		1623		279563		3329
251		1623		279563		3329
252		1623		279563		3329
253		1623		279563		3329
254		1623		279563		3329
255		1623		279563		3329
256		1623		279563		3329
257		1623		279563		3329
258		1623		279563		3329
259		1623		279563		3329
260		1623		279563		3329
261		1623		279563		3329
262		1623		279563		3329
263		1623		279563		3329
264		1623		279563		3329
265		1623		279563		3329
266		1623		279563		3329
267		1623		279563		3329
268		1623		279563		3329
269		1623		279563		3329
270		1623		279563		3329
271		1623		279563		3329
272		1623		279563		3329
273		1623		279563		3329
274		1623		279563		3329
275		1623		279563		3329
276		1623		279563		3329
277		1623		279563		3329
278		1623		279563		3329
279		1623		279563		3329
280		1623		279563		3329
281		1623		279563		3329
282		1623		279563		3329
283		1623		279563		3329
284		1623		279563		3329
285		1623		279563		3329
286		1623		279563		3329
287		1623		279563		3329
288		1623		279563		3329
289		1623		279563		3329
290		1623		279563		3329
291		1623		279563		3329
292		1623		279563		3329
293		1623		279563		3329
294		1623		279563		3329
295		1623		279563		3329
296		1623		279563		3329
297		1623		279563		3329
298		1623		279563		3329
299		1623		279563		3329
300		1623		279563		3329
301		1623		279563		3329
302		1623		279563		3329
303		1623		279563		3329
304		1623		279563		3329
305		1623		279563		3329
306		1623		279563		3329
307		1623		279563		3329
308		1623		279563		3329
309		1623		279563		3329
310		1623		279563		3329
311		1623		279563		3329
312		1623		279563		3329
313		1623		279563		3329
314		1623		279563		3329
315		1623		279563		3329
316		1623		279563		3329
317		1623		279563		3329
318		1623		279563		3329
319		1623		279563		3329
320		1623		279563		3329
321		1623		279563		3329
322		1623		279563		3329
323		1623		279563		3329
324		1623		279563		3329
325		1623		279563		3329
326		1623		279563		3329
327		1623		279563		3329
328		1623		279563		3329
329		1623		279563		3329
330		1623		279563		3329
331		1623		279563		3329
332		1623		279563		3329
333		1623		279563		3329
334		1623		279563		3329
335		1623		279563		3329
336		1623		279563		3329
337		1623		279563		3329
338		1623		279563		3329
339		1623		279563		3329
340		1623		279563		3329
341		1623		279563		3329
342		1623		279563		3329
343		1623		279563		3329
344		1623		279563		3329
345		1623		279563		3329
346		1623		279563		3329
347		1623		279563		3329
348		1623		279563		3329
349		1623		279563		3329
350		1623		279563		3329
351		1623		279563		3329
352		1623		279563		3329
353		1623		279563		3329
354		1623		279563		3329
355		1623		279563		3329
356		1623		279563		3329
357		1623		279563		3329
358		1623		279563		3329
359		1623		279563		3329
360		1623		279563		3329
361		1623		279563		3329
362		1623		279563		3329
363		1623		279563		3329
364		1623		279563		3329
365		1623		279563		3329
366		1623		279563		3329
367		1623		279563		3329
368		1623		279563		3329
369		1623		279563		3329
370		1623		279563		3329
371		1623		279563		3329
372		1623		279563		3329
373		1623		279563		3329
374		1623		279563		3329
375		1623		279563		3329
376		1623		279563		3329
377		1623		279563		3329
378		1623		279563		3329
379		1623		279563		3329
380		1623		279563		3329
381		1623		279563		3329
382		1623		279563		3329
383		1623		279563		3329
384		1623		279563		3329
385		1623		279563		3329
386		1623		279563		3329
387		1623		279563		3329
388		1623		279563		3329
389		1623		279563		3329
390		1623		279563		3329
391		1623		279563		3329
392		1623		279563		3329
393		1623		279563		3329
394		1623		279563		3329
395		1623		279563		3329
396		1623		279563		3329
397		1623		279563		3329
398		1623		279563		3329
399		1623		279563		3329
400		1623		279563		3329
401		1623		279563		3329
402		1623		279563		3329
403		1623		279563		3329
404		1623		279563		3329
405		1623		279563		3329
406		1623		279563		3329
407		1623		279563		3329
408		1623		279563		3329
409		1623		279563		3329
410		1623		279563		3329
411		1623		279563		3329
412		1623		279563		3329
413		1623		279563		3329
414		1623		279563		3329
415		1623		279563		3329
416		1623		279563		3329
417		1623		279563		3329
418		1623		279563		3329
419		1623		279563		3329
420		1623		279563		3329
421		1623		279563		3329
422		1623		279563		3329
423		1623		279563		3329
424		1623		279563		3329
425		1623		279563		3329
426		1623		279563		3329
427		1623		279563		3329
428		1623		279563		3329
429		1623		279563		3329
430		1623		279563		3329
431		1623		279563		3329
432		1623		279563		3329
433		1623		279563		3329
434		1623		279563		3329
435		1623		279563		3329
436		1623		279563		3329
437		1623		279563		3329
438		1623		279563		3329
439		1623		279563		3329
440		1623		279563		3329
441		1623		279563		3329
442		1623		279563		3329
443		1623		279563		3329
444		1623		279563		3329
445		1623		279563		3329
446		1623		279563		3329
447		1623		279563		3329
448		1623		279563		3329
449		1623		279563		3329
450		1623		279563		3329
451		1623		279563		3329
452		1623		279563		3329
453		1623		279563		3329
454		1623		279563		3329
455		1623		279563		3329
456		1623		279563		3329
457		1623		279563		3329
458		1623		279563		3329
459		1623		279563		3329
460		1623		279563		3329
461		1623		279563		3329
462		1623		279563		3329
463		1623		279563		3329
464		1623		279563		3329
465		1623		279563		3329
466		1623		279563		3329
467		1623		279563		3329
468		1623		279563		3329
469		1623		279563		3329
470		1623		279563		3329
471		1623		279563		3329
472		1623		279563		3329
473		1623		279563		3329
474		1623		279563		3329
475		1623		279563		3329
476		1623		279563		3329
477		1623		279563		3329
478		1623		279563		3329
479		1623		279563		3329
480		1623		279563		3329
481		1623		279563		3329
482		1623		279563		3329
483		1623		279563		3329
484		1623		279563		3329
485		1623		279563		3329
486		1623		279563		3329
487		1623		279563		3329
488		1623		279563		3329
489		1623		279563		3329
490		1623		279563		3329
491		1623		279563		3329
492		1623		279563		3329
493		1623		279563		3329
494		1623		279563		3329
495		1623		279563		3329
496		1623		279563		3329
497		1623		279563		3329
498		1623		279563		3329
499		1623		279563		3329
500		1623		279563		3329
501		1623		279563		3329
502		1623		279563		3329
503		1623		279563		3329
504		1623		279563		3329
505		1623		279563		3329
506		1623		279563		3329
507		1623		279563		3329
508		1623		279563		3329
509		1623		279563		3329
510		1623		279563		3329
511		1623		279563		3329
512		1623		279563		3329
513		1623		279563		3329
514		1623		279563		3329
515		1623		279563		3329
516		1623		279563		3329
517		1623		279563		3329
518		1623		279563		3329
519		1623		279563		3329
520		1623		279563		3329
521		1623		279563		3329
522		1623		279563		3329
523		1623		279563		3329
524		1623		279563		3329
525		1623		279563		3329
526		1623		279563		3329
527		1623		279563		3329
528		1623		279563		3329
529		1623		279563		3329
530		1623		279563		3329
531		1623		279563		3329
532		1623		279563		3329
533		1623		279563		3329
534		1623		279563		3329
535		1623		279563		3329
536		1623		279563		3329
537		1623		279563		3329
538		1623		279563		3329
539		1623		279563		3329
540		1623		279563		3329
541		1623		279563		3329
542		1623		279563		3329
543		1623		279563		3329
544		1623		279563		3329
545		1623		279563		3329
546		1623		279563		3329
547		1623		279563		3329
548		1623		279563		3329
549		1623		279563		3329
550		1623		279563		3329
551		1623		279563		3329
552		1623		279563		3329
553		1623		279563		3329
554		1623		279563		3329
555		1623		279563		3329
556		1623		279563		3329
557		1623		279563		3329
558		1623		279563		3329
559		1623		279563		3329
560		1623		279563		3329
561		1623		279563		3329
562		1623		279563		3329
563		1623		279563		3329
564		1623		279563		3329
565		1623		279563		3329
566		1623		279563		3329
567		1623		279563		3329
568		1623		279563		3329
569		1623		279563		3329
570		1623		279563		3329
571		1623		279563		3329
572		1623		279563		3329
573		1623		279563		3329
574		1623		279563		3329
575		1623		279563		3329
576		1623		279563		3329
577		1623		279563		3329
578		1623		279563		3329
579		1623		279563		3329
580		1623		279563		3329
581		1623		279563		3329
582		1623		279563		3329
583		1623		279563		3329
584		1623		279563		3329
585		1623		279563		3329
586		1623		279563		3329
587		1623		279563		3329
588		1623		279563		3329
589		1623		279563		3329
590		1623		279563		3329
591		1623		279563		3329
592		1623		279563		3329
593		1623		279563		3329
594		1623		279563		3329
595		1623		279563		3329
596		1623		279563		3329
597		1623		279563		3329
598		1623		279563		3329
599		1623		279563		3329
600		1623		279563		3329
601		1623		279563		3329
602		1623		279563		3329
603		1623		279563		3329
604		1623		279563		3329
605		1623		279563		3329
606		1623		279563		3329
607		1623		279563		3329
608		1623		279563		3329
609		1623		279563		3329
610		1623		279563		3329
611		1623		279563		3329
612		1623		279563		3329
613		1623		279563		3329
614		1623		279563		3329
615		1623		279563		3329
616		1623		279563		3329
617		1623		279563		3329
618		1623		279563		3329
619		1623		279563		3329
620		1623		279563		3329
621		1623		279563		3329
622		1623		279563		3329
623		1623		279563		3329
624		1623		279563		3329
625		1623		279563		3329
626		1623		279563		3329
627		1623		279563		3329
628		1623		279563		3329
629		1623		279563		3329
630		1623		279563		3329
631		1623		279563		3329
632		1623		279563		3329
633		1623		279563		3329
634		1623		279563		3329
635		1623		279563		3329
636		1623		279563		3329
637		1623		279563		3329
638		1623		279563		3329
639		1623		279563		3329
640		1623		279563		3329
641		1623		279563		3329
642		1623		279563		3329
643		1623		279563		3329
644		1623		279563		3329
645		1623		279563		3329
646		1623		279563		3329
647		1623		279563		3329
648		1623		279563		3329
649		1623		279563		3329
650		1623		279563		3329
651		1623		279563		3329
652		1623		279563		3329
653		1623		279563		3329
654		1623		279563		3329
655		1623		279563		3329
656		1623		279563		3329
657		1623		279563		3329
658		1623		279563		3329
659		1623		279563		3329
660		1623		279563		3329
661		1623		279563		3329
662		1623		279563		3329
663		1623		279563		3329
664		1623		279563		3329
665		1623		279563		3329
666		1623		279563		3329
667		1623		279563		3329
668		1623		279563		3329
669		1623		279563		3329
670		1623		279563		3329
671		1623		279563		3329
672		1623		279563		3329
673		1623		279563		3329
674		1623		279563		3329
675		1623		279563		3329
676		1623		279563		3329
677		1623		279563		3329
678		1623		279563		3329
679		1623		279563		3329
680		1623		279563		3329
681		1623		279563		3329
682		1623		279563		3329
683		1623		279563		3329
684		1623		279563		3329
685		1623		279563		3329
686		1623		279563		3329
687		1623		279563		3329
688		1623		279563		3329
689		1623		279563		3329
690		1623		279563		3329
691		1623		279563		3329
692		1623		279563		3329
693		1623		279563		3329
694		1623		279563		3329
695		1623		279563		3329
696		1623		279563		3329
697		1623		279563		3329
698		1623		279563		3329
699		1623		279563		3329
700		1623		279563		3329
701		1623		279563		3329
702		1623		279563		3329
703		1623		279563		3329
704		1623		279563		3329
705		1623		279563		3329
706		1623		279563		3329
707		1623		279563		3329
708		1623		279563		3329
709		1623		279563		3329
710		1623		279563		3329
711		1623		279563		3329
712		1623		279563		3329
713		1623		279563		3329
714		1623		279563		3329
715		1623		279563		3329
716		1623		279563		3329
717		1623		279563		3329
718		1623		279563		3329
719		1623		279563		3329
720		1623		279563		3329
721		1623		279563		3329
722		1623		279563		3329
723		1623		279563		3329
724		1623		279563		3329
725		1623		279563		3329
726		1623		279563		3329
727		1623		279563		3329
728		1623		279563		3329
729		1623		279563		3329
730		1623		279563		3329
731		1623		279563		3329
732		1623		279563		3329
733		1623		279563		3329
734		1623		279563		3329
735		1623		279563		3329
736		1623		279563		3329
737		1623		279563		3329
738		1623		279563		3329
739		1623		279563		3329
740		1623		279563		3329
741		1623		279563		3329
742		1623		279563		3329
743		1623		279563		3329
744		1623		279563		3329
745		1623		279563		3329
746		1623		279563		3329
747		1623		279563		3329
748		1623		279563		3329
749		1623		279563		3329
750		1623		279563		3329
751		1623		279563		3329
752		1623		279563		3329
753		1623		279563		3329
754		1623		279563		3329
755		1623		279563		3329
756		1623		279563		3329
757		1623		279563		3329
758		1623		279563		3329
759		1623		279563		3329
760		1623		279563		3329
761		1623		279563		3329
762		1623		279563		3329
763		1623		279563		3329
764		1623		279563		3329
765		1623		279563		3329
766		1623		279563		3329
767		1623		279563		3329
768		1623		279563		3329
769		1623		279563		3329
770		1623		279563		3329
771		1623		279563		3329
772		1623		279563		3329
773		1623		279563		3329
774		1623		279563		3329
775		1623		279563		3329
776		1623		279563		3329
777		1623		279563		3329
778		1623		279563		3329
779		1623		279563		3329
780		1623		279563		3329
781		1623		279563		3329
782		1623		279563		3329
783		1623		279563		3329
784		1623		279563		3329
785		1623		279563		3329
786		1623		279563		3329
787		1623		279563		3329
788		1623		279563		3329
789		1623		279563		3329
790		1623		279563		3329
791		1623		279563		3329
792		1623		279563		3329
793		1623		279563		3329
794		1623		279563		3329
795		1623		279563		3329
796		1623		279563		3329
797		1623		279563		3329
798		1623		279563		3329
799		1623		279563		3329
800		1623		279563		3329
801		1623		279563		3329
802		1623		279563		3329
803		1623		279563		3329
804		1623		279563		3329
805		1623		279563		3329
806		1623		279563		3329
807		1623		279563		3329
808		1623		279563		3329
809		1623		279563		3329
810		1623		279563		3329
811		1623		279563		3329
812		1623		279563		3329
813		1623		279563		3329
814		1623		279563		3329
815		1623		279563		3329
816		1623		279563		3329
817		1623		279563		3329
818		1623		279563		3329
819		1623		279563		3329
820		1623		279563		3329
821		1623		279563		3329
822		1623		279563		3329
823		1623		279563		3329
824		1623		279563		3329
825		1623		279563		3329
826		1623		279563		3329
827		1623		279563		3329
828		1623		279563		3329
829		1623		279563		3329
830		1623		279563		3329
831		1623		279563		3329
832		1623		279563		3329
833		1623		279563		3329
834		1623		279563		3329
835		1623		279563		3329
836		1623		279563		3329
837		1623		279563		3329
838		1623		279563		3329
839		1623		279563		3329
840		1623		279563		3329
841		1623		279563		3329
842		1623		279563		3329
843		1623		279563		3329
844		1623		279563		3329
845		1623		279563		3329
846		1623		279563		3329
847		1623		279563		3329
848		1623		279563		3329
849		1623		279563		3329
850		1623		279563		3329
851		1623		279563		3329
852		1623		279563		3329
853		1623		279563		3329
854		1623		279563		3329
855		1623		279563		3329
856		1623		279563		3329
857		1623		279563		3329
858		1623		279563		3329
859		1623		279563		3329
860		1623		279563		3329
861		1623		279563		3329
862		1623		279563		3329
863		1623		279563		3329
864		1623		279563		3329
865		1623		279563		3329
866		1623		279563		3329
867		1623		279563		3329
868		1623		279563		3329
869		1623		279563		3329
870		1623		279563		3329
871		1623		279563		3329
872		1623		279563		3329
873		1623		279563		3329
874		1623		279563		3329
875		1623		279563		3329
876		1623		279563		3329
877		1623		279563		3329
878		1623		279563		3329
879		1623		279563		3329
880		1623		279563		3329
881		1623		279563		3329
882		1623		279563		3329
883		1623		279563		3329
884		1623		279563		3329
885		1623		279563		3329
886		1623		279563		3329
887		1623		279563		3329
888		1623		279563		3329
889		1623		279563		3329
890		1623		279563		3329
891		1623		279563		3329
892		1623		279563		3329
893		1623		279563		3329
894		1623		279563		3329
895		1623		279563		3329
896		1623		279563		3329
897		1623		279563		3329
898		1623		279563		3329
899		1623		279563		3329
900		1623		279563		3329
901		1623		279563		3329
902		1623		279563		3329
903		1623		279563		3329
904		1623		279563		3329
905		1623		279563		3329
906		1623		279563		3329
907		1623		279563		3329
908		1623		279563		3329
909		1623		279563		3329
910		1623		279563		3329
911		1623		279563		3329
912		1623		279563		3329
913		1623		279563		3329
914		1623		279563		3329
915		1623		279563		3329
916		1623		279563		3329
917		1623		279563		3329
918		1623		279563		3329
919		1623		279563		3329
920		1623		279563		3329
921		1623		279563		3329
922		1623		279563		3329
923		1623		279563		3329
924		1623		279563		3329
925		1623		279563		3329
926		1623		279563		3329
927		1623		279563		3329
928		1623		279563		3329
929		1623		279563		3329
930		1623		279563		3329
931		1623		279563		3329
932		1623		279563		3329
933		1623		279563		3329
934		1623		279563		3329
935		1623		279563		3329
936		1623		279563		3329
937		1623		279563		3329
938		1623		279563		3329
939		1623		279563		3329
940		1623		279563		3329
941		1623		279563		3329
942		1623		279563		3329
943		1623		279563		3329
944		1623		279563		3329
945		1623		279563		3329
946		1623		279563		3329
947		1623		279563		3329
948		1623		279563		3329
949		1623		279563		3329
950		1623		279563		3329
951		1623		279563		3329
952		1623		279563		3329
953		1623		279563		3329
954		1623		279563		3329
955		1623		279563		3329
956		1623		279563		3329
957		1623		279563		3329
958		1623		279563		3329
959		1623		279563		3329
960		1623		279563		3329
961		1623		279563		3329
962		1623		279563		3329
963		1623		279563		3329
964		1623		279563		3329
965		1623		279563		3329
966		1623		279563		3329
967		1623		279563		3329
968		1623		279563		3329
969		1623		279563		3329
970		1623		279563		3329
971		1623		279563		3329
972		1623		279563		3329
973		1623		279563		3329
974		1623		279563		3329
975		1623		279563		3329
976		1623		279563		3329
977		1623		279563		3329
978		1623		279563		3329
979		1623		279563		3329
980		1623		279563		3329
981		1623		279563		3329
982		1623		279563		3329
983		1623		279563		3329
984		1623		279563		3329
985		1623		279563		3329
986		1623		279563		3329
987		1623		279563		3329
988		1623		279563		3329
989		1623		279563		3329
990		1623		279563		3329
991		1623		279563		3329
992		1623		279563		3329
993		1623		279563		3329
994		1623		279563		3329
995		1623		279563		3329
996		1623		279563		3329
997		1623		279563		3329
998		1623		279563		3329
999		1623		279563		3329
