# Migration is number of nodes that have changed color.

Round		Edge-Cut		Swaps		Migrations		Skipped
0		10139		4648		3228
1		10039		9280		3303
2		9995		13902		3375
3		9732		18493		3429
4		9573		23054		3434
5		9582		27614		3447
6		9524		32178		3482
7		9505		36725		3492
8		9389		41249		3424
9		9328		45762		3441
10		9302		50291		3517
11		9292		54821		3528
12		9231		59341		3485
13		9086		63854		3494
14		9043		68328		3517
15		9057		72766		3505
16		9086		77236		3481
17		9057		81717		3456
18		9054		86214		3528
19		8910		90702		3543
20		8880		95176		3541
21		8826		99638		3508
22		8729		104071		3501
23		8786		108512		3538
24		8707		112945		3589
25		8722		117396		3553
26		8694		121849		3503
27		8641		126317		3549
28		8567		130726		3508
29		8567		135137		3492
30		8471		139564		3490
31		8432		143968		3512
32		8326		148365		3491
33		8311		152773		3476
34		8321		157163		3478
35		8260		161567		3505
36		8310		165961		3499
37		8262		170364		3483
38		8328		174776		3464
39		8294		179188		3467
40		8228		183615		3510
41		8158		188014		3485
42		8139		192425		3570
43		8074		196855		3487
44		8045		201275		3546
45		7965		205644		3510
46		7958		210039		3513
47		7902		214441		3507
48		7802		218821		3542
49		7951		223220		3516
50		7850		227611		3489
51		7864		232021		3508
52		7753		236403		3472
53		7812		240792		3531
54		7773		245172		3505
55		7807		249571		3452
56		7708		253961		3516
57		7664		258373		3508
58		7703		262785		3512
59		7683		267221		3530
60		7695		271621		3517
61		7703		276051		3493
62		7664		280454		3462
63		7686		284886		3489
64		7672		289295		3462
65		7701		293722		3476
66		7632		298154		3493
67		7592		302576		3516
68		7580		306994		3505
69		7597		311421		3475
70		7641		315856		3535
71		7542		320285		3562
72		7557		324710		3544
73		7498		329150		3521
74		7480		333581		3495
75		7450		338008		3531
76		7442		342422		3528
77		7437		346843		3538
78		7465		351268		3536
79		7511		355711		3506
80		7468		360155		3514
81		7357		364577		3509
82		7403		369022		3495
83		7330		373455		3507
84		7249		377889		3519
85		7309		382297		3508
86		7301		386716		3521
87		7299		391127		3513
88		7290		395578		3508
89		7339		400008		3502
90		7223		404434		3542
91		7295		408872		3535
92		7290		413325		3480
93		7179		417776		3498
94		7232		422200		3542
95		7219		426612		3472
96		7119		431065		3501
97		7054		435494		3490
98		7023		439906		3544
99		6967		444344		3565
100		6966		448759		3496
101		7020		453190		3529
102		6907		457611		3559
103		6856		462032		3564
104		6844		466450		3562
105		6920		470861		3529
106		6936		475298		3522
107		6968		479752		3552
108		6951		484184		3536
109		6962		488628		3488
110		6958		493058		3525
111		6951		497478		3512
112		6911		501916		3487
113		6930		506351		3518
114		6979		510802		3510
115		6822		515231		3551
116		6776		519692		3508
117		6719		524125		3536
118		6706		528578		3515
119		6632		533046		3538
120		6603		537492		3506
121		6593		541927		3531
122		6591		546358		3587
123		6667		550811		3541
124		6548		555246		3543
125		6591		559698		3553
126		6581		564173		3556
127		6502		568617		3538
128		6474		573092		3536
129		6438		577541		3546
130		6446		581981		3541
131		6343		586436		3563
132		6380		590878		3539
133		6368		595329		3558
134		6354		599791		3550
135		6341		604245		3521
136		6363		608700		3566
137		6335		613152		3526
138		6336		617622		3517
139		6315		622119		3571
140		6348		626631		3544
141		6319		631152		3547
142		6329		635611		3490
143		6366		640069		3523
144		6284		644533		3518
145		6324		648993		3521
146		6277		653464		3576
147		6302		657930		3575
148		6312		662418		3576
149		6313		666883		3546
150		6299		671351		3535
151		6228		675826		3530
152		6239		680282		3543
153		6294		684757		3523
154		6292		689227		3554
155		6342		693686		3540
156		6252		698143		3534
157		6284		702618		3541
158		6241		707094		3543
159		6217		711575		3531
160		6177		716051		3560
161		6099		720515		3594
162		6163		724996		3583
163		6183		729471		3554
164		6156		733940		3549
165		6118		738396		3543
166		6149		742869		3564
167		6182		747365		3522
168		6123		751854		3539
169		6152		756325		3536
170		6147		760818		3526
171		6088		765295		3512
172		6114		769761		3510
173		6068		774238		3544
174		6043		778733		3510
175		5893		783184		3543
176		5879		787673		3535
177		5894		792154		3534
178		5876		796631		3521
179		5825		801119		3540
180		5857		805589		3502
181		5870		810083		3533
182		5908		814559		3553
183		5880		819052		3572
184		5795		823547		3540
185		5759		828012		3549
186		5810		832483		3498
187		5789		836941		3542
188		5707		841418		3540
189		5690		845906		3529
190		5647		850361		3511
191		5667		854824		3548
192		5602		859311		3592
193		5682		863771		3557
194		5629		868241		3560
195		5677		872737		3498
196		5682		877249		3551
197		5679		881732		3558
198		5660		886245		3529
199		5601		890727		3557
200		5617		895217		3565
201		5579		899725		3524
202		5617		904225		3541
203		5567		908723		3516
204		5574		913204		3536
205		5558		917735		3558
206		5538		922218		3540
207		5612		926727		3553
208		5590		931220		3525
209		5620		935723		3536
210		5627		940230		3540
211		5680		944749		3531
212		5650		949253		3539
213		5497		953764		3487
214		5497		958271		3538
215		5519		962772		3503
216		5432		967272		3520
217		5403		971752		3512
218		5425		976249		3495
219		5448		980733		3510
220		5514		985234		3518
221		5421		989745		3508
222		5336		994267		3524
223		5270		998793		3513
224		5255		1003313		3515
225		5224		1007814		3540
226		5222		1012313		3520
227		5286		1016845		3485
228		5296		1021365		3531
229		5299		1025887		3538
230		5289		1030380		3532
231		5287		1034884		3500
232		5208		1039401		3464
233		5165		1043909		3528
234		5256		1048441		3488
235		5247		1052966		3543
236		5190		1057478		3499
237		5186		1061976		3525
238		5239		1066479		3509
239		5202		1071014		3520
240		5220		1075525		3501
241		5307		1080059		3471
242		5251		1084594		3483
243		5279		1089114		3528
244		5283		1093630		3510
245		5338		1098147		3487
246		5341		1102673		3496
247		5311		1107202		3506
248		5236		1111710		3533
249		5230		1116187		3516
250		5262		1120678		3528
251		5306		1125210		3508
252		5265		1129748		3496
253		5286		1134233		3495
254		5209		1138741		3509
255		5166		1143261		3528
256		5179		1147772		3497
257		5174		1152300		3554
258		5218		1156809		3531
259		5173		1161336		3532
260		5158		1165865		3539
261		5126		1170381		3539
262		5194		1174923		3555
263		5169		1179448		3550
264		5154		1183954		3540
265		5084		1188465		3553
266		5009		1192958		3552
267		5012		1197479		3519
268		4996		1201994		3540
269		4950		1206519		3528
270		4876		1211024		3538
271		4934		1215532		3499
272		4843		1220052		3536
273		4907		1224570		3530
274		4863		1229099		3535
275		4947		1233602		3510
276		4891		1238118		3514
277		4873		1242648		3539
278		4861		1247159		3551
279		4898		1251658		3550
280		4956		1256203		3514
281		4834		1260739		3529
282		4889		1265273		3518
283		4845		1269789		3512
284		4843		1274326		3527
285		4902		1278865		3524
286		4813		1283370		3491
287		4833		1287878		3520
288		4863		1292417		3505
289		4827		1296932		3486
290		4856		1301464		3526
291		4853		1306003		3534
292		4851		1310519		3534
293		4879		1315055		3510
294		4881		1319565		3518
295		4843		1324117		3503
296		4811		1328645		3517
297		4733		1333172		3501
298		4652		1337707		3517
299		4714		1342214		3524
300		4724		1346736		3505
301		4835		1351274		3511
302		4781		1355837		3515
303		4847		1360376		3531
304		4775		1364916		3503
305		4685		1369448		3517
306		4739		1373957		3517
307		4726		1378485		3546
308		4756		1382991		3509
309		4767		1387527		3506
310		4838		1392070		3475
311		4857		1396634		3521
312		4824		1401145		3545
313		4733		1405652		3498
314		4846		1410156		3478
315		4791		1414680		3504
316		4686		1419237		3499
317		4750		1423755		3480
318		4746		1428281		3520
319		4692		1432824		3502
320		4708		1437390		3515
321		4633		1441939		3518
322		4619		1446462		3505
323		4624		1450958		3518
324		4620		1455471		3514
325		4637		1459994		3494
326		4665		1464553		3510
327		4674		1469081		3551
328		4653		1473627		3526
329		4622		1478173		3514
330		4651		1482703		3465
331		4582		1487247		3529
332		4595		1491766		3524
333		4624		1496281		3520
334		4640		1500826		3557
335		4688		1505373		3532
336		4677		1509913		3522
337		4719		1514452		3496
338		4757		1519014		3534
339		4739		1523555		3516
340		4681		1528083		3533
341		4681		1532603		3550
342		4671		1537137		3548
343		4633		1541665		3501
344		4614		1546214		3499
345		4629		1550755		3500
346		4635		1555312		3506
347		4601		1559862		3529
348		4595		1564432		3503
349		4509		1568983		3516
350		4542		1573503		3517
351		4479		1578030		3519
352		4527		1582541		3529
353		4529		1587091		3524
354		4519		1591634		3545
355		4529		1596205		3521
356		4502		1600745		3528
357		4584		1605282		3537
358		4620		1609849		3521
359		4630		1614375		3542
360		4599		1618933		3534
361		4622		1623474		3527
362		4582		1628045		3528
363		4553		1632569		3545
364		4546		1637109		3505
365		4519		1641640		3537
366		4555		1646186		3552
367		4595		1650742		3507
368		4578		1655278		3536
369		4557		1659793		3546
370		4581		1664340		3518
371		4543		1668867		3528
372		4534		1673403		3527
373		4579		1677943		3546
374		4548		1682491		3543
375		4557		1687018		3545
376		4549		1691579		3532
377		4473		1696097		3519
378		4526		1700652		3546
379		4509		1705147		3526
380		4515		1709703		3521
381		4491		1714241		3513
382		4502		1718796		3533
383		4444		1723342		3561
384		4465		1727869		3547
385		4395		1732411		3540
386		4413		1736953		3534
387		4398		1741489		3519
388		4444		1746046		3486
389		4427		1750606		3497
390		4438		1755139		3513
391		4426		1759703		3491
392		4438		1764240		3450
393		4474		1768771		3520
394		4532		1773345		3492
395		4496		1777860		3540
396		4533		1782418		3533
397		4498		1786975		3500
398		4539		1791528		3492
399		4530		1796106		3514
400		4528		1800666		3514
401		4511		1805227		3518
402		4525		1809790		3503
403		4491		1814344		3522
404		4418		1818885		3540
405		4447		1823428		3487
406		4571		1827975		3547
407		4573		1832523		3470
408		4545		1837083		3461
409		4503		1841648		3494
410		4501		1846207		3546
411		4522		1850766		3490
412		4527		1855283		3496
413		4490		1859839		3513
414		4505		1864381		3504
415		4495		1868932		3514
416		4494		1873464		3485
417		4468		1878010		3543
418		4426		1882534		3504
419		4443		1887063		3526
420		4440		1891615		3529
421		4396		1896155		3525
422		4408		1900686		3512
423		4435		1905214		3507
424		4495		1909775		3492
425		4562		1914327		3486
426		4569		1918876		3516
427		4614		1923430		3470
428		4574		1927983		3523
429		4548		1932527		3492
430		4526		1937070		3501
431		4561		1941644		3539
432		4541		1946196		3506
433		4510		1950751		3496
434		4554		1955305		3507
435		4519		1959856		3535
436		4484		1964422		3548
437		4437		1968994		3492
438		4463		1973565		3505
439		4356		1978115		3554
440		4407		1982666		3520
441		4469		1987214		3545
442		4402		1991771		3495
443		4437		1996354		3539
444		4424		2000905		3517
445		4369		2005439		3533
446		4361		2009971		3508
447		4377		2014548		3511
448		4419		2019100		3508
449		4388		2023659		3501
450		4382		2028191		3512
451		4346		2032734		3499
452		4387		2037295		3521
453		4431		2041865		3519
454		4476		2046397		3503
455		4376		2050933		3532
456		4350		2055476		3523
457		4390		2060018		3493
458		4392		2064581		3500
459		4412		2069114		3532
460		4422		2073644		3495
461		4337		2078202		3489
462		4365		2082775		3508
463		4400		2087309		3509
464		4407		2091867		3547
465		4444		2096437		3476
466		4357		2100980		3559
467		4349		2105539		3534
468		4385		2110093		3505
469		4382		2114647		3537
470		4396		2119243		3520
471		4387		2123811		3525
472		4340		2128354		3553
473		4299		2132899		3499
474		4318		2137455		3520
475		4340		2142016		3504
476		4289		2146583		3492
477		4279		2151164		3505
478		4235		2155707		3516
479		4244		2160267		3498
480		4262		2164841		3505
481		4297		2169392		3541
482		4258		2173959		3505
483		4298		2178512		3509
484		4326		2183056		3526
485		4270		2187630		3560
486		4256		2192194		3542
487		4232		2196744		3546
488		4214		2201312		3538
489		4237		2205863		3530
490		4282		2210427		3540
491		4266		2214969		3497
492		4271		2219498		3549
493		4276		2224053		3543
494		4326		2228615		3532
495		4334		2233173		3501
496		4322		2237738		3526
497		4372		2242290		3514
498		4405		2246848		3508
499		4418		2251412		3514
500		4377		2255974		3522
501		4382		2260541		3518
502		4319		2265090		3546
503		4330		2269665		3537
504		4328		2274218		3540
505		4352		2278782		3547
506		4328		2283324		3516
507		4312		2287887		3523
508		4290		2292416		3537
509		4317		2296969		3539
510		4217		2301502		3526
511		4246		2306064		3491
512		4191		2310608		3501
513		4203		2315138		3524
514		4188		2319676		3526
515		4254		2324199		3505
516		4288		2328750		3545
517		4295		2333304		3526
518		4303		2337845		3513
519		4259		2342376		3527
520		4301		2346930		3531
521		4272		2351499		3519
522		4275		2356061		3514
523		4207		2360614		3487
524		4189		2365163		3508
525		4191		2369711		3548
526		4152		2374229		3518
527		4205		2378770		3557
528		4168		2383344		3549
529		4117		2387894		3522
530		4187		2392436		3520
531		4181		2396981		3529
532		4184		2401542		3525
533		4195		2406071		3532
534		4210		2410640		3527
535		4179		2415191		3510
536		4123		2419764		3536
537		4158		2424324		3520
538		4170		2428903		3518
539		4140		2433450		3527
540		4121		2438002		3542
541		4203		2442548		3502
542		4214		2447110		3555
543		4180		2451681		3497
544		4194		2456258		3504
545		4246		2460830		3499
546		4227		2465372		3537
547		4167		2469945		3540
548		4125		2474513		3519
549		4094		2479060		3527
550		4160		2483635		3505
551		4180		2488206		3529
552		4167		2492784		3508
553		4192		2497347		3470
554		4185		2501929		3492
555		4176		2506503		3512
556		4202		2511053		3488
557		4206		2515623		3522
558		4262		2520182		3537
559		4273		2524756		3483
560		4232		2529306		3517
561		4256		2533850		3509
562		4243		2538423		3511
563		4213		2542984		3513
564		4166		2547537		3503
565		4095		2552084		3506
566		4070		2556618		3520
567		4058		2561141		3506
568		4052		2565705		3519
569		4104		2570259		3533
570		4149		2574822		3506
571		4164		2579389		3532
572		4185		2583966		3541
573		4180		2588528		3542
574		4073		2593067		3495
575		4121		2597613		3500
576		4080		2602184		3542
577		4127		2606766		3522
578		4192		2611335		3513
579		4202		2615896		3557
580		4226		2620467		3558
581		4175		2625035		3509
582		4147		2629594		3519
583		4136		2634162		3543
584		4227		2638729		3510
585		4192		2643320		3507
586		4134		2647903		3546
587		4170		2652471		3506
588		4138		2657041		3498
589		4097		2661614		3533
590		4119		2666162		3498
591		4111		2670746		3534
592		4078		2675291		3546
593		4088		2679842		3540
594		4084		2684408		3567
595		4015		2688977		3535
596		4004		2693535		3525
597		4030		2698096		3551
598		4096		2702663		3506
599		4036		2707229		3511
600		4030		2711790		3495
601		4051		2716374		3518
602		4112		2720927		3508
603		4111		2725501		3518
604		4097		2730071		3537
605		4108		2734645		3519
606		4095		2739221		3536
607		4054		2743771		3516
608		4028		2748326		3525
609		4053		2752870		3514
610		4078		2757452		3542
611		4077		2762048		3490
612		4097		2766608		3546
613		4016		2771165		3545
614		4042		2775726		3527
615		4001		2780286		3502
616		3958		2784853		3510
617		3938		2789418		3555
618		3973		2793981		3514
619		4066		2798574		3506
620		3981		2803151		3537
621		3981		2807701		3536
622		4014		2812279		3527
623		4089		2816854		3553
624		4103		2821452		3531
625		4084		2826004		3516
626		4052		2830583		3528
627		4074		2835170		3529
628		4081		2839727		3514
629		4056		2844311		3514
630		4139		2848904		3532
631		4085		2853475		3522
632		4077		2858042		3528
633		4131		2862598		3518
634		4153		2867164		3517
635		4146		2871763		3534
636		4151		2876336		3542
637		4160		2880919		3539
638		4091		2885499		3558
639		4111		2890065		3554
640		4088		2894647		3507
641		4048		2899238		3530
642		4012		2903821		3540
643		4105		2908390		3564
644		4083		2912957		3541
645		4078		2917560		3529
646		4026		2922142		3521
647		4048		2926696		3536
648		4037		2931268		3555
649		4105		2935843		3504
650		4083		2940432		3504
651		4093		2945013		3519
652		4076		2949610		3507
653		4087		2954177		3515
654		4068		2958737		3563
655		4084		2963315		3508
656		4110		2967898		3532
657		4122		2972482		3512
658		4130		2977068		3496
659		4060		2981653		3482
660		4136		2986234		3486
661		4105		2990819		3511
662		4079		2995396		3473
663		4089		2999977		3496
664		4084		3004546		3519
665		4023		3009109		3536
666		4100		3013680		3492
667		4133		3018274		3524
668		4153		3022868		3499
669		4138		3027470		3504
670		4124		3032066		3471
671		4149		3036663		3503
672		4127		3041249		3493
673		4129		3045830		3511
674		4092		3050411		3499
675		4079		3054980		3504
676		4054		3059538		3537
677		4014		3064101		3524
678		4005		3068669		3506
679		4022		3073217		3575
680		4074		3077805		3517
681		4054		3082391		3500
682		4078		3086971		3498
683		4088		3091573		3534
684		4096		3096145		3515
685		4146		3100732		3507
686		4130		3105330		3523
687		4143		3109941		3502
688		4084		3114531		3529
689		4065		3119130		3510
690		4029		3123690		3517
691		4079		3128273		3503
692		4069		3132850		3531
693		4090		3137408		3516
694		4014		3141984		3544
695		4021		3146532		3551
696		4021		3151092		3524
697		4012		3155656		3550
698		4070		3160235		3545
699		4093		3164798		3510
700		4101		3169368		3533
701		4126		3173955		3534
702		4161		3178542		3531
703		4122		3183117		3553
704		4062		3187692		3500
705		4062		3192270		3515
706		4118		3196850		3528
707		4129		3201442		3539
708		4115		3206044		3499
709		4098		3210601		3495
710		4048		3215165		3488
711		4059		3219725		3505
712		4006		3224302		3532
713		4018		3228884		3531
714		4045		3233460		3555
715		4004		3238014		3531
716		3981		3242560		3524
717		4037		3247133		3569
718		4030		3251704		3527
719		4056		3256281		3543
720		4044		3260851		3530
721		3982		3265420		3547
722		3955		3269983		3560
723		3904		3274538		3527
724		3979		3279100		3501
725		3992		3283667		3538
726		3991		3288245		3559
727		3993		3292807		3547
728		3989		3297376		3527
729		4012		3301979		3548
730		3974		3306562		3519
731		3975		3311143		3507
732		4036		3315754		3541
733		4007		3320366		3528
734		3964		3324945		3520
735		3989		3329525		3523
736		3997		3334117		3536
737		4016		3338707		3510
738		4052		3343291		3496
739		4090		3347882		3505
740		4031		3352452		3513
741		4019		3357038		3524
742		4041		3361629		3496
743		4086		3366229		3530
744		4096		3370806		3516
745		4032		3375400		3540
746		3990		3379993		3533
747		3925		3384557		3524
748		3957		3389129		3564
749		3943		3393697		3507
750		3950		3398282		3496
751		3933		3402848		3562
752		3917		3407435		3527
753		3920		3412018		3525
754		3955		3416607		3529
755		3989		3421170		3560
756		3951		3425755		3479
757		3959		3430321		3493
758		3959		3434892		3523
759		3954		3439470		3537
760		3905		3444063		3543
761		3921		3448636		3514
762		3978		3453200		3525
763		3978		3457776		3499
764		3973		3462368		3512
765		4008		3466950		3503
766		3973		3471543		3508
767		4060		3476152		3530
768		4019		3480726		3513
769		3998		3485314		3530
770		3976		3489905		3514
771		4001		3494478		3508
772		4028		3499059		3513
773		3971		3503669		3515
774		3946		3508251		3480
775		3892		3512836		3502
776		3937		3517402		3529
777		3961		3521967		3525
778		3985		3526557		3520
779		3990		3531158		3509
780		4019		3535767		3536
781		4057		3540373		3509
782		3984		3544973		3489
783		3938		3549568		3542
784		3905		3554162		3501
785		3941		3558741		3514
786		3870		3563318		3518
787		3869		3567912		3500
788		3891		3572504		3513
789		3881		3577091		3501
790		3868		3581683		3492
791		3846		3586276		3508
792		3847		3590864		3505
793		3818		3595455		3487
794		3795		3600058		3486
795		3782		3604646		3480
796		3786		3609239		3514
797		3732		3613833		3511
798		3723		3618412		3524
799		3717		3623003		3511
800		3689		3627603		3498
801		3713		3632204		3503
802		3766		3636799		3523
803		3772		3641402		3545
804		3772		3645991		3527
805		3791		3650570		3497
806		3769		3655158		3508
807		3728		3659761		3540
808		3793		3664347		3519
809		3773		3668949		3487
810		3727		3673554		3499
811		3797		3678144		3491
812		3831		3682740		3511
813		3793		3687331		3509
814		3785		3691917		3475
815		3774		3696507		3519
816		3809		3701106		3498
817		3732		3705706		3541
818		3731		3710301		3536
819		3748		3714912		3512
820		3830		3719516		3527
821		3801		3724130		3498
822		3758		3728736		3512
823		3743		3733301		3526
824		3763		3737890		3527
825		3752		3742461		3522
826		3727		3747048		3527
827		3762		3751630		3526
828		3786		3756213		3530
829		3826		3760806		3532
830		3881		3765404		3479
831		3873		3769993		3549
832		3840		3774574		3537
833		3825		3779169		3557
834		3831		3783772		3532
835		3812		3788367		3499
836		3874		3792948		3510
837		3831		3797522		3534
838		3792		3802122		3522
839		3777		3806718		3523
840		3721		3811266		3528
841		3767		3815851		3541
842		3827		3820458		3519
843		3826		3825045		3525
844		3833		3829635		3558
845		3752		3834236		3548
846		3721		3838845		3520
847		3719		3843418		3527
848		3729		3847985		3509
849		3734		3852591		3539
850		3691		3857180		3503
851		3710		3861771		3518
852		3696		3866355		3547
853		3612		3870938		3503
854		3691		3875528		3483
855		3710		3880119		3498
856		3709		3884709		3506
857		3657		3889303		3527
858		3639		3893896		3480
859		3682		3898503		3527
860		3638		3903099		3480
861		3718		3907701		3543
862		3681		3912303		3536
863		3653		3916913		3508
864		3632		3921506		3514
865		3613		3926119		3513
866		3626		3930712		3525
867		3627		3935303		3540
868		3682		3939919		3530
869		3635		3944517		3526
870		3667		3949113		3541
871		3620		3953691		3523
872		3606		3958273		3515
873		3629		3962873		3524
874		3583		3967458		3519
875		3590		3972033		3538
876		3589		3976615		3532
877		3609		3981200		3532
878		3593		3985775		3489
879		3605		3990351		3513
880		3540		3994941		3501
881		3539		3999506		3519
882		3586		4004090		3491
883		3586		4008672		3521
884		3623		4013283		3535
885		3579		4017877		3495
886		3553		4022473		3506
887		3597		4027071		3500
888		3598		4031666		3518
889		3572		4036270		3513
890		3595		4040841		3501
891		3548		4045449		3508
892		3620		4050033		3495
893		3596		4054610		3500
894		3580		4059194		3492
895		3582		4063782		3485
896		3585		4068363		3521
897		3589		4072959		3502
898		3598		4077569		3524
899		3564		4082161		3523
900		3620		4086751		3546
901		3606		4091338		3525
902		3597		4095934		3525
903		3601		4100532		3512
904		3597		4105132		3507
905		3599		4109714		3543
906		3645		4114308		3513
907		3621		4118910		3519
908		3567		4123500		3510
909		3585		4128093		3535
910		3585		4132683		3499
911		3597		4137270		3492
912		3653		4141839		3518
913		3646		4146433		3512
914		3627		4151036		3515
915		3601		4155611		3520
916		3614		4160207		3519
917		3652		4164791		3550
918		3680		4169379		3519
919		3719		4173971		3496
920		3746		4178565		3531
921		3756		4183172		3546
922		3690		4187762		3548
923		3633		4192365		3542
924		3633		4196961		3527
925		3672		4201557		3509
926		3686		4206150		3533
927		3705		4210756		3520
928		3627		4215332		3520
929		3649		4219930		3532
930		3624		4224528		3490
931		3561		4229121		3510
932		3605		4233712		3507
933		3621		4238307		3517
934		3647		4242925		3543
935		3649		4247518		3502
936		3603		4252112		3540
937		3607		4256701		3531
938		3619		4261297		3537
939		3565		4265888		3566
940		3524		4270478		3528
941		3564		4275062		3512
942		3560		4279647		3514
943		3604		4284220		3528
944		3571		4288824		3541
945		3524		4293418		3556
946		3493		4297991		3531
947		3564		4302561		3530
948		3583		4307134		3538
949		3586		4311716		3538
950		3603		4316309		3543
951		3574		4320893		3511
952		3593		4325476		3514
953		3572		4330066		3501
954		3624		4334658		3539
955		3634		4339253		3548
956		3611		4343844		3545
957		3598		4348446		3533
958		3679		4353052		3512
959		3652		4357645		3530
960		3656		4362220		3525
961		3658		4366821		3530
962		3663		4371419		3526
963		3611		4376013		3507
964		3588		4380596		3559
965		3588		4385178		3539
966		3545		4389774		3561
967		3606		4394354		3550
968		3630		4398932		3523
969		3651		4403518		3523
970		3660		4408127		3530
971		3664		4412712		3524
972		3697		4417314		3520
973		3667		4421918		3540
974		3710		4426520		3513
975		3697		4431114		3529
976		3653		4435707		3504
977		3655		4440308		3546
978		3714		4444907		3514
979		3652		4449511		3520
980		3643		4454126		3521
981		3662		4458743		3533
982		3700		4463348		3510
983		3646		4467976		3517
984		3646		4472569		3532
985		3669		4477188		3513
986		3667		4481800		3530
987		3645		4486415		3505
988		3657		4491024		3521
989		3692		4495625		3527
990		3645		4500235		3528
991		3622		4504851		3527
992		3623		4509453		3493
993		3614		4514051		3517
994		3655		4518669		3486
995		3641		4523289		3525
996		3636		4527883		3512
997		3582		4532476		3499
998		3521		4537079		3527
999		3586		4541685		3528
