# Migration is number of nodes that have changed color.

Round		Edge-Cut		Swaps		Migrations		Skipped
0		10181		4648		3279
1		10015		9267		3317
2		9862		13888		3386
3		9724		18464		3399
4		9633		23053		3443
5		9605		27612		3461
6		9535		32163		3448
7		9506		36706		3500
8		9534		41285		3507
9		9437		45861		3533
10		9369		50406		3475
11		9358		54979		3491
12		9252		59529		3509
13		9385		64062		3503
14		9310		68636		3511
15		9368		73175		3466
16		9304		77719		3535
17		9276		82267		3487
18		9244		86790		3526
19		9217		91320		3550
20		9162		95864		3471
21		9148		100392		3553
22		9136		104913		3529
23		9229		109441		3493
24		9226		113951		3536
25		9163		118517		3555
26		9099		123052		3541
27		9109		127587		3477
28		9094		132117		3533
29		9110		136625		3502
30		8982		141107		3495
31		8972		145602		3482
32		9032		150111		3481
33		9031		154642		3465
34		9027		159161		3489
35		8992		163699		3506
36		8943		168208		3494
37		8932		172705		3532
38		8934		177218		3505
39		8884		181715		3493
40		8827		186236		3552
41		8802		190751		3504
42		8618		195205		3486
43		8562		199659		3523
44		8555		204121		3522
45		8486		208580		3457
46		8384		213026		3441
47		8498		217491		3482
48		8378		221946		3497
49		8464		226403		3454
50		8488		230868		3523
51		8518		235347		3500
52		8460		239815		3452
53		8467		244306		3510
54		8430		248769		3503
55		8329		253240		3522
56		8368		257719		3474
57		8304		262188		3532
58		8241		266648		3491
59		8366		271118		3504
60		8375		275589		3499
61		8297		280047		3450
62		8240		284534		3518
63		8205		289004		3456
64		8160		293466		3497
65		8148		297922		3494
66		8168		302363		3537
67		8075		306824		3507
68		8112		311271		3531
69		7958		315719		3500
70		7925		320168		3526
71		7926		324597		3536
72		7932		329018		3524
73		7893		333468		3546
74		7932		337918		3539
75		7958		342418		3524
76		7984		346898		3522
77		8001		351388		3523
78		7907		355846		3477
79		7852		360303		3565
80		7820		364763		3514
81		7832		369187		3508
82		7798		373661		3533
83		7690		378120		3551
84		7760		382564		3540
85		7717		387007		3511
86		7586		391469		3498
87		7630		395914		3499
88		7514		400385		3538
89		7560		404820		3540
90		7653		409291		3522
91		7607		413726		3480
92		7520		418149		3499
93		7496		422571		3496
94		7448		427019		3524
95		7518		431435		3489
96		7451		435856		3504
97		7402		440275		3532
98		7438		444725		3563
99		7379		449110		3550
100		7388		453556		3526
101		7371		457996		3525
102		7329		462438		3497
103		7281		466874		3517
104		7294		471346		3486
105		7195		475804		3502
106		7122		480254		3519
107		7057		484668		3558
108		7085		489122		3543
109		7057		493547		3484
110		7083		498000		3476
111		7153		502450		3499
112		7095		506882		3474
113		7043		511301		3515
114		7137		515729		3501
115		7040		520165		3472
116		6989		524590		3544
117		7070		529013		3550
118		7009		533444		3525
119		7008		537899		3522
120		6993		542351		3502
121		6944		546797		3510
122		6900		551225		3564
123		6894		555628		3520
124		6873		560071		3544
125		6890		564492		3539
126		6863		568923		3563
127		6925		573363		3599
128		6874		577791		3530
129		6950		582234		3586
130		6879		586690		3552
131		6812		591134		3514
132		6903		595600		3543
133		6839		600059		3605
134		6765		604518		3526
135		6775		608964		3584
136		6812		613445		3495
137		6735		617889		3529
138		6769		622359		3507
139		6807		626834		3523
140		6760		631303		3534
141		6733		635758		3558
142		6794		640190		3510
143		6691		644663		3505
144		6695		649109		3531
145		6654		653582		3569
146		6622		658058		3584
147		6612		662505		3527
148		6526		666937		3525
149		6542		671420		3548
150		6628		675857		3535
151		6641		680321		3521
152		6650		684807		3537
153		6584		689278		3508
154		6473		693763		3521
155		6412		698233		3560
156		6406		702712		3530
157		6398		707153		3533
158		6457		711627		3554
159		6352		716067		3550
160		6340		720534		3540
161		6367		725005		3491
162		6372		729460		3522
163		6239		733935		3496
164		6231		738404		3523
165		6298		742844		3548
166		6385		747326		3572
167		6353		751783		3501
168		6282		756247		3554
169		6245		760720		3550
170		6190		765184		3543
171		6141		769674		3523
172		6059		774115		3499
173		6181		778576		3582
174		6214		783035		3499
175		6184		787503		3517
176		6116		791967		3544
177		6117		796435		3532
178		6105		800907		3503
179		6076		805400		3549
180		6151		809908		3496
181		6189		814438		3529
182		6103		818927		3523
183		6124		823418		3525
184		6105		827908		3503
185		5990		832395		3541
186		5985		836869		3522
187		5997		841342		3534
188		6055		845831		3538
189		6048		850346		3533
190		5913		854837		3527
191		5965		859307		3536
192		5984		863768		3559
193		5936		868249		3559
194		5969		872717		3542
195		5934		877198		3509
196		5934		881646		3513
197		5886		886121		3560
198		5879		890617		3557
199		5870		895102		3548
200		5869		899596		3535
201		5887		904081		3518
202		5895		908559		3536
203		5883		913044		3533
204		5859		917532		3514
205		5848		922027		3544
206		5769		926525		3534
207		5706		930996		3528
208		5784		935466		3533
209		5809		939925		3533
210		5832		944418		3570
211		5784		948897		3520
212		5775		953389		3550
213		5650		957858		3524
214		5717		962326		3522
215		5739		966821		3541
216		5677		971279		3542
217		5654		975778		3524
218		5633		980270		3509
219		5532		984752		3568
220		5509		989233		3531
221		5574		993720		3565
222		5564		998214		3578
223		5498		1002662		3543
224		5578		1007143		3514
225		5537		1011637		3519
226		5504		1016113		3560
227		5628		1020577		3519
228		5467		1025057		3545
229		5438		1029526		3531
230		5498		1034011		3552
231		5461		1038509		3514
232		5483		1043003		3529
233		5526		1047492		3527
234		5513		1051997		3557
235		5464		1056493		3509
236		5458		1061003		3532
237		5416		1065500		3495
238		5379		1070000		3497
239		5325		1074511		3516
240		5349		1079023		3546
241		5328		1083515		3521
242		5351		1088002		3530
243		5264		1092497		3565
244		5318		1096969		3560
245		5258		1101491		3572
246		5305		1105966		3565
247		5237		1110461		3535
248		5223		1114965		3500
249		5248		1119475		3529
250		5280		1123995		3537
251		5302		1128523		3510
252		5333		1133032		3526
253		5284		1137555		3528
254		5259		1142099		3543
255		5292		1146607		3549
256		5276		1151121		3546
257		5262		1155648		3565
258		5213		1160141		3570
259		5201		1164662		3558
260		5264		1169170		3522
261		5279		1173687		3557
262		5217		1178205		3545
263		5201		1182722		3587
264		5214		1187228		3534
265		5239		1191757		3538
266		5201		1196281		3567
267		5206		1200818		3529
268		5215		1205323		3537
269		5311		1209856		3560
270		5284		1214390		3475
271		5218		1218935		3510
272		5257		1223457		3549
273		5124		1227959		3523
274		5150		1232442		3523
275		5147		1236919		3581
276		5206		1241423		3554
277		5168		1245959		3531
278		5149		1250499		3548
279		5178		1255006		3571
280		5187		1259532		3529
281		5173		1264070		3528
282		5182		1268577		3594
283		5163		1273104		3505
284		5135		1277624		3572
285		5144		1282145		3516
286		5124		1286663		3526
287		5101		1291205		3514
288		5166		1295727		3505
289		5195		1300266		3531
290		5236		1304821		3518
291		5243		1309363		3535
292		5242		1313921		3538
293		5169		1318456		3547
294		5190		1322981		3514
295		5198		1327503		3500
296		5139		1332051		3521
297		5137		1336599		3510
298		5086		1341112		3560
299		5113		1345666		3513
300		5055		1350192		3493
301		5099		1354712		3529
302		5102		1359274		3550
303		5117		1363798		3487
304		5124		1368330		3541
305		5048		1372810		3533
306		5025		1377323		3538
307		5010		1381875		3510
308		4980		1386414		3553
309		5046		1390948		3510
310		4979		1395464		3535
311		5000		1399970		3507
312		5006		1404510		3546
313		4969		1409024		3494
314		5054		1413554		3517
315		5088		1418106		3506
316		4973		1422652		3510
317		4926		1427189		3499
318		4908		1431735		3511
319		4898		1436286		3507
320		4938		1440823		3546
321		5006		1445358		3523
322		5013		1449901		3521
323		5039		1454454		3539
324		4995		1458981		3528
325		4998		1463519		3539
326		4934		1468049		3533
327		4874		1472589		3534
328		4927		1477129		3546
329		4943		1481682		3574
330		4925		1486238		3490
331		4881		1490763		3526
332		4853		1495309		3505
333		4864		1499820		3534
334		4893		1504371		3546
335		4911		1508903		3538
336		4898		1513439		3538
337		4944		1517981		3522
338		4873		1522513		3525
339		4960		1527047		3513
340		4985		1531591		3518
341		4969		1536167		3539
342		4931		1540719		3545
343		4975		1545252		3558
344		4936		1549797		3552
345		4915		1554352		3544
346		4917		1558899		3551
347		4891		1563465		3562
348		4900		1568033		3552
349		4924		1572566		3554
350		4951		1577102		3549
351		4885		1581653		3532
352		4867		1586211		3522
353		4769		1590757		3517
354		4807		1595298		3547
355		4825		1599843		3533
356		4900		1604396		3515
357		4830		1608963		3535
358		4850		1613501		3502
359		4841		1618054		3545
360		4822		1622607		3533
361		4778		1627158		3498
362		4753		1631704		3521
363		4778		1636224		3534
364		4752		1640761		3523
365		4723		1645346		3519
366		4717		1649902		3539
367		4738		1654438		3556
368		4745		1658970		3519
369		4789		1663523		3540
370		4751		1668063		3546
371		4763		1672627		3546
372		4729		1677208		3552
373		4786		1681759		3540
374		4757		1686342		3553
375		4744		1690908		3548
376		4700		1695453		3538
377		4631		1699981		3507
378		4614		1704542		3505
379		4645		1709099		3526
380		4640		1713644		3544
381		4555		1718186		3556
382		4574		1722736		3553
383		4615		1727285		3556
384		4611		1731828		3552
385		4585		1736389		3512
386		4620		1740914		3533
387		4651		1745464		3548
388		4668		1750025		3510
389		4623		1754584		3511
390		4662		1759175		3513
391		4654		1763719		3551
392		4624		1768269		3529
393		4646		1772822		3542
394		4636		1777388		3539
395		4655		1781980		3529
396		4596		1786547		3553
397		4585		1791103		3521
398		4603		1795664		3485
399		4475		1800223		3504
400		4520		1804761		3509
401		4474		1809304		3500
402		4462		1813855		3545
403		4484		1818405		3532
404		4424		1822944		3551
405		4452		1827482		3554
406		4367		1832036		3539
407		4387		1836557		3519
408		4404		1841083		3544
409		4431		1845663		3532
410		4428		1850202		3558
411		4442		1854750		3563
412		4406		1859291		3539
413		4424		1863836		3553
414		4425		1868377		3555
415		4420		1872948		3548
416		4411		1877529		3541
417		4402		1882109		3543
418		4385		1886697		3571
419		4304		1891243		3563
420		4320		1895765		3541
421		4272		1900334		3527
422		4270		1904891		3547
423		4260		1909450		3571
424		4299		1913998		3550
425		4281		1918556		3546
426		4264		1923112		3544
427		4236		1927666		3533
428		4231		1932219		3515
429		4209		1936777		3497
430		4187		1941342		3523
431		4211		1945908		3560
432		4237		1950473		3503
433		4272		1955026		3545
434		4275		1959613		3536
435		4224		1964202		3544
436		4273		1968808		3543
437		4266		1973390		3542
438		4246		1977971		3535
439		4241		1982561		3526
440		4252		1987129		3560
441		4265		1991711		3555
442		4225		1996260		3544
443		4190		2000810		3561
444		4302		2005394		3525
445		4263		2009960		3525
446		4293		2014545		3554
447		4276		2019124		3537
448		4317		2023708		3516
449		4238		2028293		3551
450		4200		2032854		3525
451		4182		2037424		3555
452		4243		2042005		3522
453		4187		2046590		3518
454		4104		2051160		3547
455		4178		2055733		3519
456		4182		2060316		3552
457		4214		2064888		3536
458		4195		2069442		3530
459		4238		2074009		3561
460		4169		2078581		3532
461		4157		2083132		3541
462		4159		2087696		3539
463		4191		2092289		3517
464		4181		2096852		3519
465		4158		2101398		3522
466		4209		2105963		3533
467		4161		2110534		3530
468		4180		2115125		3521
469		4177		2119712		3529
470		4145		2124297		3514
471		4123		2128873		3518
472		4074		2133446		3528
473		4066		2137993		3548
474		4110		2142556		3550
475		4101		2147131		3556
476		4111		2151723		3545
477		4144		2156314		3514
478		4097		2160910		3549
479		4047		2165483		3515
480		4059		2170053		3510
481		4066		2174636		3498
482		3995		2179218		3548
483		4055		2183801		3484
484		4069		2188385		3532
485		4080		2192959		3523
486		4031		2197541		3524
487		4052		2202133		3520
488		4016		2206718		3508
489		3982		2211303		3525
490		4064		2215902		3552
491		4008		2220488		3519
492		4092		2225063		3552
493		4020		2229653		3561
494		4024		2234246		3545
495		3980		2238833		3554
496		3985		2243401		3542
497		3939		2247977		3558
498		3930		2252540		3568
499		3941		2257096		3576
500		3969		2261692		3543
501		3972		2266279		3520
502		3901		2270855		3563
503		3902		2275439		3553
504		3899		2280018		3537
505		3905		2284570		3558
506		3954		2289145		3592
507		3900		2293737		3556
508		3891		2298311		3532
509		3901		2302896		3543
510		3900		2307472		3569
511		3962		2312043		3551
512		3906		2316626		3533
513		3906		2321219		3531
514		3934		2325811		3545
515		3863		2330416		3559
516		3881		2334989		3530
517		3847		2339563		3553
518		3830		2344162		3529
519		3877		2348761		3507
520		3942		2353350		3569
521		3909		2357952		3550
522		3901		2362535		3568
523		3927		2367136		3571
524		3951		2371721		3533
525		3898		2376307		3547
526		3920		2380897		3559
527		3958		2385484		3544
528		3858		2390060		3540
529		3913		2394666		3541
530		3804		2399267		3539
531		3804		2403847		3561
532		3777		2408455		3528
533		3801		2413034		3506
534		3794		2417614		3511
535		3801		2422216		3541
536		3791		2426799		3549
537		3831		2431366		3540
538		3869		2435960		3562
539		3827		2440554		3538
540		3838		2445160		3535
541		3801		2449765		3542
542		3832		2454372		3586
543		3858		2458962		3536
544		3804		2463555		3566
545		3891		2468159		3546
546		3886		2472735		3548
547		3868		2477330		3553
548		3890		2481929		3552
549		3902		2486518		3527
550		3884		2491105		3525
551		3855		2495721		3541
552		3897		2500297		3504
553		3864		2504893		3543
554		3868		2509481		3549
555		3768		2514083		3548
556		3807		2518655		3547
557		3792		2523235		3544
558		3801		2527811		3530
559		3839		2532393		3508
560		3885		2536976		3510
561		3934		2541557		3527
562		3954		2546125		3496
563		3952		2550699		3561
564		3960		2555291		3528
565		3909		2559870		3516
566		3901		2564454		3534
567		3892		2569018		3524
568		3903		2573576		3515
569		3944		2578165		3539
570		3923		2582749		3525
571		3926		2587348		3511
572		3922		2591931		3514
573		3937		2596518		3511
574		3927		2601094		3525
575		3902		2605667		3516
576		3881		2610239		3543
577		3852		2614802		3560
578		3894		2619357		3529
579		3903		2623935		3547
580		3931		2628524		3528
581		3966		2633097		3526
582		3959		2637698		3507
583		3937		2642301		3535
584		3922		2646901		3537
585		3929		2651480		3546
586		3886		2656092		3543
587		3899		2660686		3539
588		3918		2665261		3560
589		3909		2669849		3547
590		3896		2674424		3572
591		3880		2678998		3544
592		3873		2683560		3544
593		3863		2688135		3510
594		3843		2692698		3543
595		3855		2697280		3555
596		3850		2701860		3540
597		3827		2706443		3518
598		3879		2711009		3557
599		3858		2715604		3561
600		3855		2720190		3537
601		3835		2724761		3550
602		3876		2729357		3586
603		3842		2733938		3573
604		3907		2738522		3558
605		3933		2743103		3535
606		3996		2747668		3539
607		3914		2752248		3534
608		3945		2756833		3523
609		4031		2761410		3544
610		4029		2765983		3538
611		4032		2770564		3514
612		3956		2775131		3546
613		3941		2779728		3544
614		3935		2784315		3545
615		3897		2788902		3539
616		3903		2793472		3537
617		3974		2798071		3504
618		3923		2802676		3549
619		3831		2807259		3546
620		3841		2811844		3517
621		3872		2816420		3551
622		3912		2820984		3527
623		3896		2825558		3573
624		3875		2830124		3559
625		3903		2834692		3543
626		3902		2839280		3522
627		3895		2843864		3542
628		3899		2848446		3531
629		3920		2853037		3506
630		3855		2857602		3503
631		3841		2862187		3538
632		3833		2866756		3547
633		3859		2871319		3533
634		3898		2875902		3557
635		3921		2880515		3560
636		3967		2885101		3522
637		3948		2889693		3552
638		3950		2894269		3540
639		3987		2898850		3519
640		3971		2903467		3532
641		3968		2908072		3533
642		3980		2912686		3520
643		3919		2917266		3545
644		3949		2921862		3548
645		3980		2926458		3522
646		3993		2931051		3532
647		3963		2935636		3551
648		3907		2940228		3490
649		3910		2944785		3556
650		3876		2949352		3528
651		3869		2953965		3541
652		3842		2958549		3525
653		3843		2963130		3548
654		3860		2967725		3536
655		3757		2972301		3538
656		3785		2976887		3511
657		3797		2981460		3517
658		3803		2986043		3529
659		3775		2990614		3529
660		3775		2995201		3543
661		3729		2999807		3548
662		3759		3004378		3536
663		3744		3008953		3569
664		3711		3013577		3563
665		3744		3018185		3522
666		3744		3022778		3571
667		3747		3027398		3557
668		3764		3031986		3558
669		3636		3036569		3549
670		3714		3041142		3525
671		3726		3045739		3562
672		3758		3050343		3555
673		3777		3054936		3533
674		3760		3059527		3572
675		3755		3064111		3559
676		3697		3068709		3550
677		3704		3073304		3535
678		3697		3077900		3560
679		3629		3082489		3579
680		3667		3087092		3531
681		3615		3091670		3558
682		3607		3096262		3563
683		3602		3100852		3583
684		3659		3105447		3520
685		3603		3110037		3524
686		3629		3114646		3562
687		3644		3119247		3538
688		3667		3123822		3534
689		3626		3128421		3549
690		3587		3133009		3552
691		3595		3137616		3576
692		3606		3142196		3598
693		3632		3146772		3546
694		3594		3151357		3546
695		3596		3155938		3522
696		3639		3160534		3526
697		3666		3165120		3524
698		3659		3169715		3522
699		3608		3174304		3539
700		3622		3178878		3536
701		3594		3183489		3573
702		3635		3188073		3522
703		3574		3192670		3560
704		3626		3197258		3536
705		3646		3201853		3546
706		3581		3206424		3534
707		3559		3211015		3535
708		3571		3215588		3545
709		3602		3220185		3541
710		3635		3224798		3536
711		3629		3229397		3547
712		3618		3233976		3564
713		3650		3238562		3533
714		3719		3243165		3506
715		3682		3247773		3541
716		3624		3252379		3520
717		3636		3256995		3565
718		3682		3261598		3573
719		3701		3266197		3537
720		3652		3270805		3525
721		3673		3275410		3559
722		3631		3279989		3562
723		3594		3284575		3549
724		3638		3289160		3574
725		3582		3293766		3555
726		3668		3298351		3555
727		3707		3302963		3535
728		3666		3307559		3545
729		3670		3312153		3541
730		3659		3316750		3554
731		3700		3321330		3545
732		3627		3325947		3563
733		3606		3330536		3543
734		3604		3335111		3571
735		3619		3339717		3547
736		3653		3344310		3532
737		3601		3348912		3507
738		3583		3353528		3560
739		3635		3358135		3534
740		3584		3362729		3548
741		3607		3367333		3558
742		3603		3371927		3546
743		3585		3376533		3533
744		3560		3381125		3547
745		3570		3385720		3535
746		3596		3390326		3532
747		3616		3394938		3540
748		3649		3399548		3500
749		3587		3404145		3532
750		3577		3408741		3550
751		3557		3413329		3546
752		3514		3417923		3527
753		3506		3422518		3550
754		3545		3427112		3524
755		3528		3431712		3530
756		3518		3436295		3506
757		3545		3440872		3540
758		3520		3445478		3548
759		3504		3450075		3544
760		3567		3454685		3526
761		3532		3459291		3546
762		3526		3463887		3527
763		3530		3468490		3530
764		3488		3473088		3533
765		3477		3477683		3560
766		3506		3482293		3545
767		3474		3486904		3538
768		3500		3491507		3516
769		3501		3496083		3520
770		3491		3500701		3541
771		3542		3505293		3569
772		3509		3509882		3540
773		3585		3514479		3542
774		3501		3519068		3528
775		3489		3523696		3544
776		3476		3528290		3538
777		3509		3532880		3578
778		3543		3537479		3558
779		3536		3542083		3551
780		3532		3546686		3566
781		3511		3551275		3556
782		3496		3555863		3552
783		3495		3560468		3553
784		3472		3565073		3532
785		3456		3569651		3544
786		3519		3574243		3563
787		3528		3578841		3525
788		3599		3583432		3523
789		3667		3588009		3551
790		3599		3592595		3534
791		3606		3597186		3556
792		3612		3601799		3515
793		3602		3606397		3505
794		3669		3610986		3541
795		3700		3615591		3516
796		3672		3620204		3531
797		3672		3624821		3552
798		3638		3629426		3534
799		3602		3634042		3491
800		3643		3638643		3531
801		3617		3643243		3538
802		3582		3647851		3537
803		3532		3652444		3559
804		3592		3657034		3553
805		3601		3661639		3526
806		3622		3666237		3551
807		3684		3670847		3560
808		3609		3675447		3574
809		3598		3680051		3565
810		3566		3684653		3547
811		3609		3689277		3572
812		3628		3693887		3569
813		3540		3698510		3554
814		3526		3703107		3552
815		3545		3707715		3558
816		3552		3712305		3554
817		3613		3716897		3541
818		3598		3721498		3555
819		3546		3726088		3526
820		3555		3730693		3525
821		3535		3735307		3557
822		3526		3739898		3530
823		3501		3744495		3575
824		3467		3749053		3524
825		3468		3753638		3519
826		3509		3758245		3541
827		3492		3762815		3536
828		3477		3767400		3527
829		3520		3771993		3518
830		3455		3776599		3522
831		3488		3781196		3541
832		3432		3785786		3538
833		3412		3790389		3551
834		3390		3794993		3565
835		3377		3799601		3530
836		3374		3804175		3524
837		3416		3808763		3560
838		3399		3813377		3519
839		3445		3817991		3547
840		3455		3822602		3563
841		3497		3827204		3567
842		3467		3831800		3552
843		3495		3836371		3582
844		3497		3840964		3566
845		3547		3845563		3551
846		3533		3850166		3556
847		3506		3854749		3555
848		3496		3859325		3558
849		3467		3863902		3535
850		3483		3868500		3520
851		3473		3873086		3546
852		3579		3877687		3550
853		3565		3882274		3537
854		3519		3886853		3544
855		3517		3891437		3546
856		3571		3896033		3545
857		3515		3900626		3533
858		3509		3905218		3519
859		3478		3909799		3522
860		3459		3914374		3569
861		3427		3918966		3513
862		3439		3923549		3550
863		3443		3928146		3546
864		3377		3932749		3562
865		3438		3937350		3550
866		3414		3941962		3530
867		3388		3946562		3539
868		3391		3951154		3521
869		3406		3955750		3535
870		3386		3960329		3560
871		3438		3964933		3545
872		3448		3969532		3559
873		3433		3974135		3560
874		3465		3978740		3565
875		3522		3983353		3537
876		3494		3987961		3552
877		3469		3992545		3550
878		3500		3997134		3556
879		3511		4001717		3530
880		3478		4006328		3540
881		3531		4010901		3545
882		3542		4015493		3547
883		3518		4020076		3566
884		3548		4024669		3575
885		3481		4029274		3546
886		3499		4033873		3508
887		3465		4038470		3547
888		3480		4043066		3549
889		3458		4047664		3538
890		3488		4052270		3530
891		3479		4056873		3535
892		3475		4061497		3543
893		3512		4066091		3521
894		3461		4070707		3532
895		3463		4075319		3539
896		3445		4079939		3544
897		3448		4084559		3515
898		3464		4089177		3551
899		3426		4093782		3523
900		3416		4098382		3510
901		3417		4102990		3536
902		3393		4107596		3512
903		3335		4112223		3533
904		3340		4116830		3561
905		3426		4121438		3532
906		3455		4126042		3541
907		3407		4130645		3531
908		3422		4135241		3547
909		3424		4139830		3554
910		3377		4144429		3544
911		3413		4149028		3551
912		3437		4153652		3575
913		3427		4158266		3572
914		3421		4162887		3587
915		3468		4167501		3542
916		3439		4172097		3547
917		3459		4176698		3534
918		3516		4181325		3547
919		3511		4185941		3509
920		3502		4190546		3509
921		3485		4195149		3521
922		3481		4199767		3498
923		3476		4204372		3538
924		3440		4208963		3526
925		3465		4213573		3532
926		3469		4218176		3552
927		3485		4222763		3547
928		3501		4227369		3550
929		3508		4231981		3519
930		3494		4236585		3564
931		3459		4241183		3514
932		3345		4245810		3543
933		3367		4250423		3544
934		3324		4255017		3526
935		3348		4259610		3525
936		3422		4264214		3545
937		3384		4268822		3552
938		3366		4273444		3554
939		3330		4278047		3531
940		3313		4282669		3547
941		3299		4287281		3547
942		3310		4291869		3526
943		3263		4296476		3517
944		3246		4301080		3563
945		3233		4305684		3533
946		3266		4310294		3568
947		3287		4314905		3542
948		3273		4319517		3551
949		3314		4324116		3561
950		3376		4328739		3533
951		3403		4333363		3541
952		3404		4337966		3546
953		3312		4342578		3537
954		3303		4347181		3543
955		3270		4351781		3558
956		3302		4356378		3527
957		3271		4360989		3513
958		3239		4365584		3512
959		3241		4370179		3563
960		3267		4374785		3552
961		3325		4379391		3525
962		3328		4384011		3563
963		3319		4388623		3531
964		3328		4393235		3519
965		3337		4397850		3493
966		3329		4402465		3522
967		3310		4407054		3518
968		3283		4411664		3515
969		3291		4416274		3493
970		3298		4420884		3525
971		3297		4425483		3515
972		3285		4430099		3521
973		3206		4434708		3545
974		3225		4439294		3520
975		3224		4443895		3562
976		3220		4448520		3516
977		3228		4453127		3553
978		3213		4457757		3524
979		3239		4462373		3543
980		3184		4466964		3564
981		3166		4471569		3544
982		3166		4476184		3567
983		3157		4480796		3534
984		3081		4485395		3533
985		3034		4490010		3521
986		3066		4494595		3570
987		3083		4499200		3515
988		3052		4503827		3541
989		3056		4508440		3524
990		3055		4513060		3537
991		3019		4517665		3556
992		3096		4522299		3568
993		3103		4526914		3534
994		3103		4531530		3538
995		3129		4536137		3547
996		3146		4540745		3581
997		3152		4545345		3544
998		3122		4549955		3523
999		3113		4554573		3542
