# Migration is number of nodes that have changed color.

Round		Edge-Cut		Swaps		Migrations		Skipped
0		6569		4528		2716
1		5461		8837		2985
2		4911		13046		3146
3		4594		17211		3161
4		4252		21349		3190
5		4020		25449		3242
6		3912		29575		3237
7		3718		33657		3241
8		3589		37778		3234
9		3474		41817		3250
10		3356		45831		3283
11		3250		49872		3291
12		3163		53915		3294
13		3112		57920		3307
14		2987		61902		3297
15		2919		65917		3297
16		2825		69900		3294
17		2770		73870		3309
18		2696		77811		3315
19		2675		81808		3322
20		2638		85796		3332
21		2627		89782		3333
22		2567		93723		3339
23		2545		97697		3347
24		2531		101635		3344
25		2436		105650		3344
26		2375		109606		3343
27		2297		113522		3337
28		2278		117494		3343
29		2253		121447		3349
30		2228		125369		3330
31		2216		129305		3342
32		2209		133196		3342
33		2178		137126		3348
34		2174		141056		3348
35		2142		144980		3350
36		2146		148903		3356
37		2137		152820		3350
38		2118		156771		3335
39		2087		160681		3341
40		2051		164606		3336
41		2047		168544		3345
42		2033		172465		3349
43		2011		176411		3343
44		2000		180338		3352
45		1986		184234		3362
46		1966		188114		3346
47		1966		192016		3352
48		1951		195914		3349
49		1944		199818		3353
50		1919		203761		3346
51		1893		207639		3364
52		1891		211568		3359
53		1881		215493		3360
54		1871		219396		3362
55		1853		223309		3365
56		1827		227187		3358
57		1814		231129		3356
58		1820		235041		3357
59		1812		238951		3355
60		1793		242874		3355
61		1787		246763		3350
62		1760		250666		3362
63		1752		254537		3365
64		1738		258496		3371
65		1721		262463		3366
66		1715		266370		3361
67		1703		270262		3359
68		1698		274164		3356
69		1685		278063		3355
70		1656		281944		3351
71		1650		285881		3351
72		1631		289802		3357
73		1633		293704		3352
74		1636		297628		3347
75		1640		301548		3349
76		1634		305472		3353
77		1623		309335		3353
78		1610		313251		3356
79		1609		317157		3353
80		1605		321033		3355
81		1595		324874		3355
82		1585		328767		3354
83		1584		332602		3360
84		1584		336479		3359
85		1585		340418		3363
86		1576		344279		3365
87		1570		348186		3365
88		1555		352047		3366
89		1545		355936		3368
90		1545		359835		3364
91		1536		363711		3371
92		1538		367596		3372
93		1533		371460		3373
94		1524		375338		3368
95		1520		379181		3368
96		1523		383053		3368
97		1516		386957		3365
98		1514		390870		3365
99		1514		394757		3362
100		1510		398694		3362
101		1508		402611		3365
102		1502		406442		3365
103		1499		410289		3361
104		1499		414168		3361
105		1489		418051		3360
106		1480		421973		3362
107		1477		425841		3360
108		1474		429718		3368
109		1476		433603		3366
110		1466		437532		3365
111		1463		441461		3365
112		1456		445372		3366
113		1455		449229		3367
114		1456		453132		3366
115		1456		456983		3367
116		1451		460851		3366
117		1451		464688		3367
118		1448		468561		3364
119		1445		472460		3366
120		1441		476315		3364
121		1435		480170		3367
122		1432		484036		3371
123		1428		487899		3371
124		1419		487909		3370
125		1413		487919		3369
126		1396		487927		3370
127		1395		487932		3372
128		1391		487936		3374
129		1388		487939		3373
130		1381		487944		3372
131		1380		487946		3372
132		1377		487950		3370
133		1377		487950		3370
134		1378		487951		3368
135		1376		487952		3367
136		1374		487953		3367
137		1374		487955		3368
138		1373		487959		3368
139		1369		487961		3366
140		1365		487964		3367
141		1365		487964		3367
142		1363		487967		3368
143		1363		487968		3367
144		1362		487969		3368
145		1360		487971		3367
146		1358		487972		3367
147		1355		487974		3368
148		1355		487974		3368
149		1352		487975		3369
150		1352		487975		3369
151		1353		487976		3371
152		1353		487976		3371
153		1353		487976		3371
154		1353		487976		3371
155		1353		487976		3371
156		1353		487976		3371
157		1352		487978		3369
158		1352		487978		3369
159		1352		487978		3369
160		1352		487978		3369
161		1352		487978		3369
162		1353		487979		3370
163		1351		487980		3370
164		1351		487980		3370
165		1351		487980		3370
166		1351		487980		3370
167		1351		487980		3370
168		1348		487981		3370
169		1346		487982		3372
170		1346		487982		3372
171		1344		487983		3372
172		1344		487983		3372
173		1344		487983		3372
174		1344		487984		3372
175		1344		487984		3372
176		1344		487984		3372
177		1343		487985		3372
178		1342		487986		3373
179		1340		487987		3374
180		1340		487987		3374
181		1340		487987		3374
182		1340		487987		3374
183		1340		487987		3374
184		1340		487987		3374
185		1340		487987		3374
186		1341		487988		3374
187		1341		487988		3374
188		1341		487988		3374
189		1341		487988		3374
190		1341		487988		3374
191		1339		487989		3375
192		1339		487989		3375
193		1339		487989		3375
194		1339		487989		3375
195		1339		487989		3375
196		1339		487989		3375
197		1339		487989		3375
198		1339		487989		3375
199		1338		487991		3374
200		1338		487991		3374
201		1338		487991		3374
202		1338		487991		3374
203		1338		487991		3374
204		1338		487991		3374
205		1338		487991		3374
206		1338		487991		3374
207		1338		487991		3374
208		1338		487991		3374
209		1338		487991		3374
210		1338		487991		3374
211		1338		487991		3374
212		1338		487991		3374
213		1338		487991		3374
214		1338		487991		3374
215		1338		487991		3374
216		1338		487991		3374
217		1338		487991		3374
218		1338		487991		3374
219		1338		487991		3374
220		1338		487991		3374
221		1338		487991		3374
222		1338		487991		3374
223		1338		487991		3374
224		1338		487991		3374
225		1338		487991		3374
226		1338		487991		3374
227		1338		487991		3374
228		1338		487991		3374
229		1338		487991		3374
230		1338		487991		3374
231		1338		487991		3374
232		1338		487991		3374
233		1338		487991		3374
234		1338		487991		3374
235		1338		487991		3374
236		1338		487991		3374
237		1338		487991		3374
238		1338		487991		3374
239		1338		487991		3374
240		1338		487991		3374
241		1338		487991		3374
242		1338		487991		3374
243		1338		487991		3374
244		1338		487991		3374
245		1338		487991		3374
246		1338		487991		3374
247		1338		487991		3374
248		1338		487991		3374
249		1338		487991		3374
250		1338		487991		3374
251		1338		487991		3374
252		1338		487991		3374
253		1338		487991		3374
254		1338		487991		3374
255		1338		487991		3374
256		1338		487991		3374
257		1338		487991		3374
258		1338		487991		3374
259		1338		487991		3374
260		1338		487991		3374
261		1338		487991		3374
262		1338		487991		3374
263		1338		487991		3374
264		1338		487991		3374
265		1338		487991		3374
266		1338		487991		3374
267		1338		487991		3374
268		1338		487991		3374
269		1338		487991		3374
270		1338		487991		3374
271		1338		487991		3374
272		1338		487991		3374
273		1338		487991		3374
274		1338		487991		3374
275		1338		487991		3374
276		1338		487991		3374
277		1338		487991		3374
278		1338		487991		3374
279		1338		487991		3374
280		1338		487991		3374
281		1338		487991		3374
282		1338		487991		3374
283		1338		487991		3374
284		1338		487991		3374
285		1338		487991		3374
286		1338		487991		3374
287		1338		487991		3374
288		1338		487991		3374
289		1338		487991		3374
290		1338		487991		3374
291		1338		487991		3374
292		1338		487991		3374
293		1338		487991		3374
294		1338		487991		3374
295		1338		487991		3374
296		1338		487991		3374
297		1338		487991		3374
298		1338		487991		3374
299		1338		487991		3374
300		1338		487991		3374
301		1338		487991		3374
302		1338		487991		3374
303		1338		487991		3374
304		1338		487991		3374
305		1338		487991		3374
306		1338		487991		3374
307		1338		487991		3374
308		1338		487991		3374
309		1338		487991		3374
310		1338		487991		3374
311		1338		487991		3374
312		1338		487991		3374
313		1338		487991		3374
314		1338		487991		3374
315		1338		487991		3374
316		1338		487991		3374
317		1338		487991		3374
318		1338		487991		3374
319		1338		487991		3374
320		1338		487991		3374
321		1338		487991		3374
322		1338		487991		3374
323		1338		487991		3374
324		1338		487991		3374
325		1338		487991		3374
326		1338		487991		3374
327		1338		487991		3374
328		1338		487991		3374
329		1338		487991		3374
330		1338		487991		3374
331		1338		487991		3374
332		1338		487991		3374
333		1338		487991		3374
334		1338		487991		3374
335		1338		487991		3374
336		1338		487991		3374
337		1338		487991		3374
338		1338		487991		3374
339		1338		487991		3374
340		1338		487991		3374
341		1338		487991		3374
342		1338		487991		3374
343		1338		487991		3374
344		1338		487991		3374
345		1338		487991		3374
346		1338		487991		3374
347		1338		487991		3374
348		1338		487991		3374
349		1338		487991		3374
350		1338		487991		3374
351		1338		487991		3374
352		1338		487991		3374
353		1338		487991		3374
354		1338		487991		3374
355		1338		487991		3374
356		1338		487991		3374
357		1338		487991		3374
358		1338		487991		3374
359		1338		487991		3374
360		1338		487991		3374
361		1338		487991		3374
362		1338		487991		3374
363		1338		487991		3374
364		1338		487991		3374
365		1338		487991		3374
366		1338		487991		3374
367		1338		487991		3374
368		1338		487991		3374
369		1338		487991		3374
370		1338		487991		3374
371		1338		487991		3374
372		1338		487991		3374
373		1338		487991		3374
374		1338		487991		3374
375		1338		487991		3374
376		1338		487991		3374
377		1338		487991		3374
378		1338		487991		3374
379		1338		487991		3374
380		1338		487991		3374
381		1338		487991		3374
382		1338		487991		3374
383		1338		487991		3374
384		1338		487991		3374
385		1338		487991		3374
386		1338		487991		3374
387		1338		487991		3374
388		1338		487991		3374
389		1338		487991		3374
390		1338		487991		3374
391		1338		487991		3374
392		1338		487991		3374
393		1338		487991		3374
394		1338		487991		3374
395		1338		487991		3374
396		1338		487991		3374
397		1338		487991		3374
398		1338		487991		3374
399		1338		487991		3374
400		1338		487991		3374
401		1338		487991		3374
402		1338		487991		3374
403		1338		487991		3374
404		1338		487991		3374
405		1338		487991		3374
406		1338		487991		3374
407		1338		487991		3374
408		1338		487991		3374
409		1338		487991		3374
410		1338		487991		3374
411		1338		487991		3374
412		1338		487991		3374
413		1338		487991		3374
414		1338		487991		3374
415		1338		487991		3374
416		1338		487991		3374
417		1338		487991		3374
418		1338		487991		3374
419		1338		487991		3374
420		1338		487991		3374
421		1338		487991		3374
422		1338		487991		3374
423		1338		487991		3374
424		1338		487991		3374
425		1338		487991		3374
426		1338		487991		3374
427		1338		487991		3374
428		1338		487991		3374
429		1338		487991		3374
430		1338		487991		3374
431		1338		487991		3374
432		1338		487991		3374
433		1338		487991		3374
434		1338		487991		3374
435		1338		487991		3374
436		1338		487991		3374
437		1338		487991		3374
438		1338		487991		3374
439		1338		487991		3374
440		1338		487991		3374
441		1338		487991		3374
442		1338		487991		3374
443		1338		487991		3374
444		1338		487991		3374
445		1338		487991		3374
446		1338		487991		3374
447		1338		487991		3374
448		1338		487991		3374
449		1338		487991		3374
450		1338		487991		3374
451		1338		487991		3374
452		1338		487991		3374
453		1338		487991		3374
454		1338		487991		3374
455		1338		487991		3374
456		1338		487991		3374
457		1338		487991		3374
458		1338		487991		3374
459		1338		487991		3374
460		1338		487991		3374
461		1338		487991		3374
462		1338		487991		3374
463		1338		487991		3374
464		1338		487991		3374
465		1338		487991		3374
466		1338		487991		3374
467		1338		487991		3374
468		1338		487991		3374
469		1338		487991		3374
470		1338		487991		3374
471		1338		487991		3374
472		1338		487991		3374
473		1338		487991		3374
474		1338		487991		3374
475		1338		487991		3374
476		1338		487991		3374
477		1338		487991		3374
478		1338		487991		3374
479		1338		487991		3374
480		1338		487991		3374
481		1338		487991		3374
482		1338		487991		3374
483		1338		487991		3374
484		1338		487991		3374
485		1338		487991		3374
486		1338		487991		3374
487		1338		487991		3374
488		1338		487991		3374
489		1338		487991		3374
490		1338		487991		3374
491		1338		487991		3374
492		1338		487991		3374
493		1338		487991		3374
494		1338		487991		3374
495		1338		487991		3374
496		1338		487991		3374
497		1338		487991		3374
498		1338		487991		3374
499		1338		487991		3374
500		1338		487991		3374
501		1338		487991		3374
502		1338		487991		3374
503		1338		487991		3374
504		1338		487991		3374
505		1338		487991		3374
506		1338		487991		3374
507		1338		487991		3374
508		1338		487991		3374
509		1338		487991		3374
510		1338		487991		3374
511		1338		487991		3374
512		1338		487991		3374
513		1338		487991		3374
514		1338		487991		3374
515		1338		487991		3374
516		1338		487991		3374
517		1338		487991		3374
518		1338		487991		3374
519		1338		487991		3374
520		1338		487991		3374
521		1338		487991		3374
522		1338		487991		3374
523		1338		487991		3374
524		1338		487991		3374
525		1338		487991		3374
526		1338		487991		3374
527		1338		487991		3374
528		1338		487991		3374
529		1338		487991		3374
530		1338		487991		3374
531		1338		487991		3374
532		1338		487991		3374
533		1338		487991		3374
534		1338		487991		3374
535		1338		487991		3374
536		1338		487991		3374
537		1338		487991		3374
538		1338		487991		3374
539		1338		487991		3374
540		1338		487991		3374
541		1338		487991		3374
542		1338		487991		3374
543		1338		487991		3374
544		1338		487991		3374
545		1338		487991		3374
546		1338		487991		3374
547		1338		487991		3374
548		1338		487991		3374
549		1338		487991		3374
550		1338		487991		3374
551		1338		487991		3374
552		1338		487991		3374
553		1338		487991		3374
554		1338		487991		3374
555		1338		487991		3374
556		1338		487991		3374
557		1338		487991		3374
558		1338		487991		3374
559		1338		487991		3374
560		1338		487991		3374
561		1338		487991		3374
562		1338		487991		3374
563		1338		487991		3374
564		1338		487991		3374
565		1338		487991		3374
566		1338		487991		3374
567		1338		487991		3374
568		1338		487991		3374
569		1338		487991		3374
570		1338		487991		3374
571		1338		487991		3374
572		1338		487991		3374
573		1338		487991		3374
574		1338		487991		3374
575		1338		487991		3374
576		1338		487991		3374
577		1338		487991		3374
578		1338		487991		3374
579		1338		487991		3374
580		1338		487991		3374
581		1338		487991		3374
582		1338		487991		3374
583		1338		487991		3374
584		1338		487991		3374
585		1338		487991		3374
586		1338		487991		3374
587		1338		487991		3374
588		1338		487991		3374
589		1338		487991		3374
590		1338		487991		3374
591		1338		487991		3374
592		1338		487991		3374
593		1338		487991		3374
594		1338		487991		3374
595		1338		487991		3374
596		1338		487991		3374
597		1338		487991		3374
598		1338		487991		3374
599		1338		487991		3374
600		1338		487991		3374
601		1338		487991		3374
602		1338		487991		3374
603		1338		487991		3374
604		1338		487991		3374
605		1338		487991		3374
606		1338		487991		3374
607		1338		487991		3374
608		1338		487991		3374
609		1338		487991		3374
610		1338		487991		3374
611		1338		487991		3374
612		1338		487991		3374
613		1338		487991		3374
614		1338		487991		3374
615		1338		487991		3374
616		1338		487991		3374
617		1338		487991		3374
618		1338		487991		3374
619		1338		487991		3374
620		1338		487991		3374
621		1338		487991		3374
622		1338		487991		3374
623		1338		487991		3374
624		1338		487991		3374
625		1338		487991		3374
626		1338		487991		3374
627		1338		487991		3374
628		1338		487991		3374
629		1338		487991		3374
630		1338		487991		3374
631		1338		487991		3374
632		1338		487991		3374
633		1338		487991		3374
634		1338		487991		3374
635		1338		487991		3374
636		1338		487991		3374
637		1338		487991		3374
638		1338		487991		3374
639		1338		487991		3374
640		1338		487991		3374
641		1338		487991		3374
642		1338		487991		3374
643		1338		487991		3374
644		1338		487991		3374
645		1338		487991		3374
646		1338		487991		3374
647		1338		487991		3374
648		1338		487991		3374
649		1338		487991		3374
650		1338		487991		3374
651		1338		487991		3374
652		1338		487991		3374
653		1338		487991		3374
654		1338		487991		3374
655		1338		487991		3374
656		1338		487991		3374
657		1338		487991		3374
658		1338		487991		3374
659		1338		487991		3374
660		1338		487991		3374
661		1338		487991		3374
662		1338		487991		3374
663		1338		487991		3374
664		1338		487991		3374
665		1338		487991		3374
666		1338		487991		3374
667		1338		487991		3374
668		1338		487991		3374
669		1338		487991		3374
670		1338		487991		3374
671		1338		487991		3374
672		1338		487991		3374
673		1338		487991		3374
674		1338		487991		3374
675		1338		487991		3374
676		1338		487991		3374
677		1338		487991		3374
678		1338		487991		3374
679		1338		487991		3374
680		1338		487991		3374
681		1338		487991		3374
682		1338		487991		3374
683		1338		487991		3374
684		1338		487991		3374
685		1338		487991		3374
686		1338		487991		3374
687		1338		487991		3374
688		1338		487991		3374
689		1338		487991		3374
690		1338		487991		3374
691		1338		487991		3374
692		1338		487991		3374
693		1338		487991		3374
694		1338		487991		3374
695		1338		487991		3374
696		1338		487991		3374
697		1338		487991		3374
698		1338		487991		3374
699		1338		487991		3374
700		1338		487991		3374
701		1338		487991		3374
702		1338		487991		3374
703		1338		487991		3374
704		1338		487991		3374
705		1338		487991		3374
706		1338		487991		3374
707		1338		487991		3374
708		1338		487991		3374
709		1338		487991		3374
710		1338		487991		3374
711		1338		487991		3374
712		1338		487991		3374
713		1338		487991		3374
714		1338		487991		3374
715		1338		487991		3374
716		1338		487991		3374
717		1338		487991		3374
718		1338		487991		3374
719		1338		487991		3374
720		1338		487991		3374
721		1338		487991		3374
722		1338		487991		3374
723		1338		487991		3374
724		1338		487991		3374
725		1338		487991		3374
726		1338		487991		3374
727		1338		487991		3374
728		1338		487991		3374
729		1338		487991		3374
730		1338		487991		3374
731		1338		487991		3374
732		1338		487991		3374
733		1338		487991		3374
734		1338		487991		3374
735		1338		487991		3374
736		1338		487991		3374
737		1338		487991		3374
738		1338		487991		3374
739		1338		487991		3374
740		1338		487991		3374
741		1338		487991		3374
742		1338		487991		3374
743		1338		487991		3374
744		1338		487991		3374
745		1338		487991		3374
746		1338		487991		3374
747		1338		487991		3374
748		1338		487991		3374
749		1338		487991		3374
750		1338		487991		3374
751		1338		487991		3374
752		1338		487991		3374
753		1338		487991		3374
754		1338		487991		3374
755		1338		487991		3374
756		1338		487991		3374
757		1338		487991		3374
758		1338		487991		3374
759		1338		487991		3374
760		1338		487991		3374
761		1338		487991		3374
762		1338		487991		3374
763		1338		487991		3374
764		1338		487991		3374
765		1338		487991		3374
766		1338		487991		3374
767		1338		487991		3374
768		1338		487991		3374
769		1338		487991		3374
770		1338		487991		3374
771		1338		487991		3374
772		1338		487991		3374
773		1338		487991		3374
774		1338		487991		3374
775		1338		487991		3374
776		1338		487991		3374
777		1338		487991		3374
778		1338		487991		3374
779		1338		487991		3374
780		1338		487991		3374
781		1338		487991		3374
782		1338		487991		3374
783		1338		487991		3374
784		1338		487991		3374
785		1338		487991		3374
786		1338		487991		3374
787		1338		487991		3374
788		1338		487991		3374
789		1338		487991		3374
790		1338		487991		3374
791		1338		487991		3374
792		1338		487991		3374
793		1338		487991		3374
794		1338		487991		3374
795		1338		487991		3374
796		1338		487991		3374
797		1338		487991		3374
798		1338		487991		3374
799		1338		487991		3374
800		1338		487991		3374
801		1338		487991		3374
802		1338		487991		3374
803		1338		487991		3374
804		1338		487991		3374
805		1338		487991		3374
806		1338		487991		3374
807		1338		487991		3374
808		1338		487991		3374
809		1338		487991		3374
810		1338		487991		3374
811		1338		487991		3374
812		1338		487991		3374
813		1338		487991		3374
814		1338		487991		3374
815		1338		487991		3374
816		1338		487991		3374
817		1338		487991		3374
818		1338		487991		3374
819		1338		487991		3374
820		1338		487991		3374
821		1338		487991		3374
822		1338		487991		3374
823		1338		487991		3374
824		1338		487991		3374
825		1338		487991		3374
826		1338		487991		3374
827		1338		487991		3374
828		1338		487991		3374
829		1338		487991		3374
830		1338		487991		3374
831		1338		487991		3374
832		1338		487991		3374
833		1338		487991		3374
834		1338		487991		3374
835		1338		487991		3374
836		1338		487991		3374
837		1338		487991		3374
838		1338		487991		3374
839		1338		487991		3374
840		1338		487991		3374
841		1338		487991		3374
842		1338		487991		3374
843		1338		487991		3374
844		1338		487991		3374
845		1338		487991		3374
846		1338		487991		3374
847		1338		487991		3374
848		1338		487991		3374
849		1338		487991		3374
850		1338		487991		3374
851		1338		487991		3374
852		1338		487991		3374
853		1338		487991		3374
854		1338		487991		3374
855		1338		487991		3374
856		1338		487991		3374
857		1338		487991		3374
858		1338		487991		3374
859		1338		487991		3374
860		1338		487991		3374
861		1338		487991		3374
862		1338		487991		3374
863		1338		487991		3374
864		1338		487991		3374
865		1338		487991		3374
866		1338		487991		3374
867		1338		487991		3374
868		1338		487991		3374
869		1338		487991		3374
870		1338		487991		3374
871		1338		487991		3374
872		1338		487991		3374
873		1338		487991		3374
874		1338		487991		3374
875		1338		487991		3374
876		1338		487991		3374
877		1338		487991		3374
878		1338		487991		3374
879		1338		487991		3374
880		1338		487991		3374
881		1338		487991		3374
882		1338		487991		3374
883		1338		487991		3374
884		1338		487991		3374
885		1338		487991		3374
886		1338		487991		3374
887		1338		487991		3374
888		1338		487991		3374
889		1338		487991		3374
890		1338		487991		3374
891		1338		487991		3374
892		1338		487991		3374
893		1338		487991		3374
894		1338		487991		3374
895		1338		487991		3374
896		1338		487991		3374
897		1338		487991		3374
898		1338		487991		3374
899		1338		487991		3374
900		1338		487991		3374
901		1338		487991		3374
902		1338		487991		3374
903		1338		487991		3374
904		1338		487991		3374
905		1338		487991		3374
906		1338		487991		3374
907		1338		487991		3374
908		1338		487991		3374
909		1338		487991		3374
910		1338		487991		3374
911		1338		487991		3374
912		1338		487991		3374
913		1338		487991		3374
914		1338		487991		3374
915		1338		487991		3374
916		1338		487991		3374
917		1338		487991		3374
918		1338		487991		3374
919		1338		487991		3374
920		1338		487991		3374
921		1338		487991		3374
922		1338		487991		3374
923		1338		487991		3374
924		1338		487991		3374
925		1338		487991		3374
926		1338		487991		3374
927		1338		487991		3374
928		1338		487991		3374
929		1338		487991		3374
930		1338		487991		3374
931		1338		487991		3374
932		1338		487991		3374
933		1338		487991		3374
934		1338		487991		3374
935		1338		487991		3374
936		1338		487991		3374
937		1338		487991		3374
938		1338		487991		3374
939		1338		487991		3374
940		1338		487991		3374
941		1338		487991		3374
942		1338		487991		3374
943		1338		487991		3374
944		1338		487991		3374
945		1338		487991		3374
946		1338		487991		3374
947		1338		487991		3374
948		1338		487991		3374
949		1338		487991		3374
950		1338		487991		3374
951		1338		487991		3374
952		1338		487991		3374
953		1338		487991		3374
954		1338		487991		3374
955		1338		487991		3374
956		1338		487991		3374
957		1338		487991		3374
958		1338		487991		3374
959		1338		487991		3374
960		1338		487991		3374
961		1338		487991		3374
962		1338		487991		3374
963		1338		487991		3374
964		1338		487991		3374
965		1338		487991		3374
966		1338		487991		3374
967		1338		487991		3374
968		1338		487991		3374
969		1338		487991		3374
970		1338		487991		3374
971		1338		487991		3374
972		1338		487991		3374
973		1338		487991		3374
974		1338		487991		3374
975		1338		487991		3374
976		1338		487991		3374
977		1338		487991		3374
978		1338		487991		3374
979		1338		487991		3374
980		1338		487991		3374
981		1338		487991		3374
982		1338		487991		3374
983		1338		487991		3374
984		1338		487991		3374
985		1338		487991		3374
986		1338		487991		3374
987		1338		487991		3374
988		1338		487991		3374
989		1338		487991		3374
990		1338		487991		3374
991		1338		487991		3374
992		1338		487991		3374
993		1338		487991		3374
994		1338		487991		3374
995		1338		487991		3374
996		1338		487991		3374
997		1338		487991		3374
998		1338		487991		3374
999		1338		487991		3374
