# Migration is number of nodes that have changed color.

Round		Edge-Cut		Swaps		Migrations		Skipped
0		6715		4638		2827
1		5863		9148		3100
2		5593		13586		3217
3		5366		17966		3271
4		5154		22346		3325
5		4897		26683		3345
6		4790		30995		3380
7		4721		35340		3379
8		4607		39617		3370
9		4498		43903		3377
10		4325		48179		3421
11		4426		52451		3441
12		4378		56710		3412
13		4163		60971		3433
14		4122		65191		3439
15		3982		69417		3463
16		4062		73661		3427
17		3980		77915		3436
18		3865		82146		3460
19		3805		86339		3480
20		3700		90549		3468
21		3646		94743		3490
22		3647		98955		3437
23		3591		103174		3449
24		3563		107345		3452
25		3449		111539		3454
26		3397		115717		3449
27		3315		119876		3455
28		3298		124003		3467
29		3287		128132		3485
30		3291		132303		3501
31		3205		136488		3467
32		3289		140612		3463
33		3171		144747		3463
34		3155		148877		3453
35		3186		153028		3458
36		3137		157161		3466
37		3127		161272		3442
38		3169		165435		3465
39		3085		169553		3465
40		3139		173670		3492
41		3138		177776		3483
42		3084		181896		3473
43		2993		186009		3467
44		2954		190153		3476
45		3089		194271		3498
46		3125		198427		3477
47		3041		202535		3483
48		3030		206628		3500
49		3033		210802		3495
50		2964		214919		3508
51		2989		219037		3498
52		3015		223132		3495
53		2946		227259		3497
54		2937		231387		3513
55		2903		235488		3511
56		2863		239571		3512
57		2840		243690		3510
58		2735		247756		3506
59		2781		251894		3527
60		2785		256047		3505
61		2756		260174		3514
62		2680		264278		3499
63		2651		268347		3486
64		2643		272445		3476
65		2614		276563		3494
66		2587		280610		3503
67		2518		284644		3518
68		2499		288698		3508
69		2535		292747		3496
70		2546		296819		3477
71		2504		300867		3493
72		2509		304981		3502
73		2512		309072		3506
74		2457		313138		3493
75		2442		317170		3514
76		2446		321270		3516
77		2469		325323		3517
78		2501		329402		3529
79		2512		333507		3530
80		2435		337570		3515
81		2435		341609		3511
82		2427		345640		3507
83		2337		349667		3501
84		2312		353749		3489
85		2228		357824		3474
86		2228		361885		3500
87		2226		365902		3492
88		2318		369916		3521
89		2328		373955		3522
90		2344		377984		3528
91		2334		382021		3529
92		2316		386096		3514
93		2223		390155		3506
94		2241		394126		3525
95		2331		398206		3521
96		2367		402255		3520
97		2248		406304		3519
98		2328		410343		3531
99		2272		414365		3539
100		2281		418403		3517
101		2250		422460		3520
102		2167		426511		3518
103		2205		430575		3518
104		2211		434558		3508
105		2146		438607		3516
106		2157		442613		3513
107		2133		446627		3523
108		2122		450642		3518
109		2067		454699		3534
110		2054		458732		3540
111		1965		462774		3535
112		1999		466790		3523
113		2002		470827		3515
114		2012		474841		3530
115		2006		478876		3525
116		1995		482870		3533
117		1979		486868		3533
118		1913		490857		3528
119		1898		494859		3534
120		1874		498884		3523
121		1885		502862		3503
122		1884		506818		3512
123		1838		510800		3518
124		1829		514788		3526
125		1824		518821		3512
126		1819		522824		3509
127		1816		526793		3503
128		1765		530785		3522
129		1749		534755		3513
130		1734		538707		3510
131		1717		542674		3519
132		1708		546621		3509
133		1656		550572		3516
134		1614		554479		3519
135		1611		558433		3527
136		1643		562409		3544
137		1679		566393		3534
138		1657		570346		3532
139		1638		574323		3548
140		1587		578260		3534
141		1574		582209		3524
142		1568		586171		3523
143		1576		590114		3536
144		1535		594045		3526
145		1514		597940		3537
146		1508		601865		3536
147		1502		605841		3537
148		1469		609793		3527
149		1476		613754		3529
150		1486		617746		3544
151		1502		621683		3542
152		1478		625626		3533
153		1480		629572		3549
154		1467		633508		3541
155		1470		637459		3531
156		1446		641354		3544
157		1427		645255		3549
158		1433		649189		3535
159		1430		653102		3522
160		1464		657053		3524
161		1456		661027		3548
162		1441		664953		3526
163		1399		668939		3529
164		1407		672881		3525
165		1413		676818		3526
166		1379		680793		3534
167		1393		684727		3527
168		1383		688613		3526
169		1401		692561		3535
170		1402		696524		3524
171		1385		700472		3530
172		1426		704334		3539
173		1412		708210		3538
174		1394		712128		3535
175		1400		716079		3536
176		1412		720042		3536
177		1394		723970		3539
178		1369		727867		3540
179		1367		731807		3531
180		1378		735715		3535
181		1387		739638		3526
182		1372		743558		3520
183		1381		747547		3510
184		1395		751452		3512
185		1401		755340		3513
186		1373		759257		3515
187		1355		763163		3514
188		1371		767060		3511
189		1355		770970		3511
190		1331		774937		3511
191		1312		778874		3522
192		1303		782794		3520
193		1277		786704		3515
194		1261		790648		3519
195		1260		794573		3522
196		1282		798490		3528
197		1250		802446		3522
198		1275		806362		3520
199		1238		810295		3520
200		1237		814197		3531
201		1241		818120		3532
202		1227		822015		3531
203		1227		825883		3530
204		1225		829781		3524
205		1238		833724		3526
206		1228		837637		3523
207		1224		841574		3528
208		1207		845505		3533
209		1191		849428		3525
210		1207		853358		3517
211		1204		857237		3518
212		1205		861119		3517
213		1192		865032		3527
214		1169		868971		3525
215		1153		872930		3531
216		1122		876844		3517
217		1116		880750		3528
218		1089		884674		3527
219		1084		888530		3526
220		1089		892431		3527
221		1086		896317		3524
222		1081		900193		3519
223		1091		904101		3519
224		1086		907968		3510
225		1075		911836		3502
226		1066		915753		3509
227		1065		919647		3510
228		1055		923545		3514
229		1047		927434		3510
230		1042		931436		3507
231		1041		935291		3507
232		1043		939142		3507
233		1042		943061		3507
234		1027		946914		3503
235		1021		950801		3506
236		1014		954728		3505
237		1003		958651		3514
238		999		962507		3516
239		997		966327		3521
240		991		970222		3523
241		990		974136		3524
242		985		978045		3522
243		981		981892		3520
244		978		985758		3525
245		978		989596		3522
246		984		993479		3526
247		985		997426		3527
248		984		1001292		3525
249		975		1005154		3526
250		968		1009054		3526
251		959		1012899		3528
252		956		1016834		3529
253		954		1020730		3526
254		949		1024622		3521
255		949		1028460		3522
256		939		1032368		3521
257		930		1036281		3518
258		929		1040206		3519
259		928		1044057		3521
260		929		1047969		3520
261		928		1051838		3521
262		922		1055736		3520
263		922		1059669		3522
264		928		1063589		3527
265		929		1067418		3526
266		930		1071338		3530
267		927		1075201		3527
268		929		1079063		3528
269		925		1082911		3529
270		919		1086770		3529
271		919		1090615		3527
272		914		1094476		3525
273		908		1098315		3527
274		909		1102198		3526
275		901		1106094		3527
276		895		1110001		3525
277		895		1113889		3525
278		894		1117760		3526
279		890		1121682		3523
280		890		1125572		3523
281		890		1129425		3524
282		888		1133308		3525
283		888		1137200		3526
284		888		1141047		3525
285		886		1145002		3527
286		876		1148867		3529
287		874		1152777		3526
288		872		1156611		3526
289		868		1160498		3525
290		867		1164367		3524
291		867		1168255		3524
292		866		1172147		3523
293		866		1176015		3523
294		865		1179895		3525
295		863		1183764		3524
296		860		1187646		3523
297		859		1191501		3523
298		856		1195400		3524
299		856		1199316		3523
300		855		1203221		3525
301		854		1207129		3524
302		854		1211019		3524
303		843		1211025		3521
304		832		1211032		3526
305		827		1211037		3527
306		825		1211039		3526
307		822		1211040		3527
308		819		1211044		3530
309		816		1211047		3530
310		817		1211050		3527
311		817		1211054		3529
312		814		1211056		3528
313		803		1211060		3530
314		795		1211067		3532
315		793		1211069		3533
316		791		1211070		3533
317		786		1211073		3533
318		784		1211076		3532
319		782		1211078		3530
320		780		1211079		3530
321		771		1211083		3530
322		771		1211083		3530
323		768		1211085		3530
324		769		1211086		3531
325		769		1211086		3531
326		771		1211088		3531
327		771		1211088		3531
328		769		1211089		3531
329		768		1211090		3530
330		766		1211091		3529
331		763		1211093		3531
332		760		1211095		3530
333		757		1211096		3531
334		757		1211096		3531
335		757		1211096		3531
336		757		1211096		3531
337		757		1211096		3531
338		755		1211097		3533
339		754		1211098		3533
340		754		1211098		3533
341		754		1211098		3533
342		751		1211101		3534
343		750		1211102		3533
344		750		1211102		3533
345		749		1211103		3533
346		749		1211103		3533
347		748		1211105		3532
348		746		1211107		3534
349		745		1211109		3534
350		745		1211109		3534
351		745		1211109		3534
352		745		1211109		3534
353		744		1211110		3533
354		744		1211110		3533
355		744		1211110		3533
356		744		1211110		3533
357		742		1211111		3533
358		742		1211112		3533
359		742		1211112		3533
360		740		1211113		3533
361		740		1211113		3533
362		740		1211113		3533
363		740		1211113		3533
364		736		1211115		3534
365		736		1211115		3534
366		734		1211116		3535
367		734		1211116		3535
368		734		1211116		3535
369		734		1211116		3535
370		734		1211116		3535
371		734		1211116		3535
372		734		1211116		3535
373		734		1211116		3535
374		734		1211116		3535
375		734		1211116		3535
376		735		1211117		3533
377		735		1211117		3533
378		735		1211117		3533
379		733		1211118		3534
380		733		1211118		3534
381		733		1211118		3534
382		733		1211118		3534
383		733		1211118		3534
384		733		1211118		3534
385		733		1211118		3534
386		733		1211118		3534
387		733		1211118		3534
388		733		1211118		3534
389		733		1211118		3534
390		733		1211118		3534
391		733		1211118		3534
392		733		1211118		3534
393		733		1211118		3534
394		733		1211118		3534
395		733		1211118		3534
396		733		1211118		3534
397		733		1211118		3534
398		733		1211118		3534
399		733		1211118		3534
400		733		1211118		3534
401		733		1211118		3534
402		733		1211118		3534
403		733		1211118		3534
404		733		1211118		3534
405		733		1211118		3534
406		733		1211118		3534
407		733		1211118		3534
408		733		1211118		3534
409		733		1211118		3534
410		733		1211118		3534
411		733		1211118		3534
412		733		1211118		3534
413		733		1211118		3534
414		733		1211118		3534
415		733		1211118		3534
416		733		1211118		3534
417		733		1211118		3534
418		733		1211118		3534
419		733		1211118		3534
420		733		1211118		3534
421		733		1211118		3534
422		733		1211118		3534
423		733		1211118		3534
424		733		1211118		3534
425		733		1211118		3534
426		733		1211118		3534
427		733		1211118		3534
428		733		1211118		3534
429		733		1211118		3534
430		733		1211118		3534
431		733		1211118		3534
432		733		1211118		3534
433		733		1211118		3534
434		733		1211118		3534
435		733		1211118		3534
436		733		1211118		3534
437		733		1211118		3534
438		733		1211118		3534
439		733		1211118		3534
440		733		1211118		3534
441		733		1211118		3534
442		733		1211118		3534
443		733		1211118		3534
444		733		1211118		3534
445		733		1211118		3534
446		733		1211118		3534
447		733		1211118		3534
448		733		1211118		3534
449		733		1211118		3534
450		733		1211118		3534
451		733		1211118		3534
452		733		1211118		3534
453		733		1211118		3534
454		733		1211118		3534
455		733		1211118		3534
456		733		1211118		3534
457		733		1211118		3534
458		733		1211118		3534
459		733		1211118		3534
460		733		1211118		3534
461		733		1211118		3534
462		733		1211118		3534
463		733		1211118		3534
464		733		1211118		3534
465		733		1211118		3534
466		733		1211118		3534
467		733		1211118		3534
468		733		1211118		3534
469		733		1211118		3534
470		733		1211118		3534
471		733		1211118		3534
472		733		1211118		3534
473		733		1211118		3534
474		733		1211118		3534
475		733		1211118		3534
476		733		1211118		3534
477		733		1211118		3534
478		733		1211118		3534
479		733		1211118		3534
480		733		1211118		3534
481		733		1211118		3534
482		733		1211118		3534
483		733		1211118		3534
484		733		1211118		3534
485		733		1211118		3534
486		733		1211118		3534
487		733		1211118		3534
488		733		1211118		3534
489		733		1211118		3534
490		733		1211118		3534
491		733		1211118		3534
492		733		1211118		3534
493		733		1211118		3534
494		733		1211118		3534
495		733		1211118		3534
496		733		1211118		3534
497		733		1211118		3534
498		733		1211118		3534
499		733		1211118		3534
500		733		1211118		3534
501		733		1211118		3534
502		733		1211118		3534
503		733		1211118		3534
504		733		1211118		3534
505		733		1211118		3534
506		733		1211118		3534
507		733		1211118		3534
508		733		1211118		3534
509		733		1211118		3534
510		733		1211118		3534
511		733		1211118		3534
512		733		1211118		3534
513		733		1211118		3534
514		733		1211118		3534
515		733		1211118		3534
516		733		1211118		3534
517		733		1211118		3534
518		733		1211118		3534
519		733		1211118		3534
520		733		1211118		3534
521		733		1211118		3534
522		733		1211118		3534
523		733		1211118		3534
524		733		1211118		3534
525		733		1211118		3534
526		733		1211118		3534
527		733		1211118		3534
528		733		1211118		3534
529		733		1211118		3534
530		733		1211118		3534
531		733		1211118		3534
532		733		1211118		3534
533		733		1211118		3534
534		733		1211118		3534
535		733		1211118		3534
536		733		1211118		3534
537		733		1211118		3534
538		733		1211118		3534
539		733		1211118		3534
540		733		1211118		3534
541		733		1211118		3534
542		733		1211118		3534
543		733		1211118		3534
544		733		1211118		3534
545		733		1211118		3534
546		733		1211118		3534
547		733		1211118		3534
548		733		1211118		3534
549		733		1211118		3534
550		733		1211118		3534
551		733		1211118		3534
552		733		1211118		3534
553		733		1211118		3534
554		733		1211118		3534
555		733		1211118		3534
556		733		1211118		3534
557		733		1211118		3534
558		733		1211118		3534
559		733		1211118		3534
560		733		1211118		3534
561		733		1211118		3534
562		733		1211118		3534
563		733		1211118		3534
564		733		1211118		3534
565		733		1211118		3534
566		733		1211118		3534
567		733		1211118		3534
568		733		1211118		3534
569		733		1211118		3534
570		733		1211118		3534
571		733		1211118		3534
572		733		1211118		3534
573		733		1211118		3534
574		733		1211118		3534
575		733		1211118		3534
576		733		1211118		3534
577		733		1211118		3534
578		733		1211118		3534
579		733		1211118		3534
580		733		1211118		3534
581		733		1211118		3534
582		733		1211118		3534
583		733		1211118		3534
584		733		1211118		3534
585		733		1211118		3534
586		733		1211118		3534
587		733		1211118		3534
588		733		1211118		3534
589		733		1211118		3534
590		733		1211118		3534
591		733		1211118		3534
592		733		1211118		3534
593		733		1211118		3534
594		733		1211118		3534
595		733		1211118		3534
596		733		1211118		3534
597		733		1211118		3534
598		733		1211118		3534
599		733		1211118		3534
600		733		1211118		3534
601		733		1211118		3534
602		733		1211118		3534
603		733		1211118		3534
604		733		1211118		3534
605		733		1211118		3534
606		733		1211118		3534
607		733		1211118		3534
608		733		1211118		3534
609		733		1211118		3534
610		733		1211118		3534
611		733		1211118		3534
612		733		1211118		3534
613		733		1211118		3534
614		733		1211118		3534
615		733		1211118		3534
616		733		1211118		3534
617		733		1211118		3534
618		733		1211118		3534
619		733		1211118		3534
620		733		1211118		3534
621		733		1211118		3534
622		733		1211118		3534
623		733		1211118		3534
624		733		1211118		3534
625		733		1211118		3534
626		733		1211118		3534
627		733		1211118		3534
628		733		1211118		3534
629		733		1211118		3534
630		733		1211118		3534
631		733		1211118		3534
632		733		1211118		3534
633		733		1211118		3534
634		733		1211118		3534
635		733		1211118		3534
636		733		1211118		3534
637		733		1211118		3534
638		733		1211118		3534
639		733		1211118		3534
640		733		1211118		3534
641		733		1211118		3534
642		733		1211118		3534
643		733		1211118		3534
644		733		1211118		3534
645		733		1211118		3534
646		733		1211118		3534
647		733		1211118		3534
648		733		1211118		3534
649		733		1211118		3534
650		733		1211118		3534
651		733		1211118		3534
652		733		1211118		3534
653		733		1211118		3534
654		733		1211118		3534
655		733		1211118		3534
656		733		1211118		3534
657		733		1211118		3534
658		733		1211118		3534
659		733		1211118		3534
660		733		1211118		3534
661		733		1211118		3534
662		733		1211118		3534
663		733		1211118		3534
664		733		1211118		3534
665		733		1211118		3534
666		733		1211118		3534
667		733		1211118		3534
668		733		1211118		3534
669		733		1211118		3534
670		733		1211118		3534
671		733		1211118		3534
672		733		1211118		3534
673		733		1211118		3534
674		733		1211118		3534
675		733		1211118		3534
676		733		1211118		3534
677		733		1211118		3534
678		733		1211118		3534
679		733		1211118		3534
680		733		1211118		3534
681		733		1211118		3534
682		733		1211118		3534
683		733		1211118		3534
684		733		1211118		3534
685		733		1211118		3534
686		733		1211118		3534
687		733		1211118		3534
688		733		1211118		3534
689		733		1211118		3534
690		733		1211118		3534
691		733		1211118		3534
692		733		1211118		3534
693		733		1211118		3534
694		733		1211118		3534
695		733		1211118		3534
696		733		1211118		3534
697		733		1211118		3534
698		733		1211118		3534
699		733		1211118		3534
700		733		1211118		3534
701		733		1211118		3534
702		733		1211118		3534
703		733		1211118		3534
704		733		1211118		3534
705		733		1211118		3534
706		733		1211118		3534
707		733		1211118		3534
708		733		1211118		3534
709		733		1211118		3534
710		733		1211118		3534
711		733		1211118		3534
712		733		1211118		3534
713		733		1211118		3534
714		733		1211118		3534
715		733		1211118		3534
716		733		1211118		3534
717		733		1211118		3534
718		733		1211118		3534
719		733		1211118		3534
720		733		1211118		3534
721		733		1211118		3534
722		733		1211118		3534
723		733		1211118		3534
724		733		1211118		3534
725		733		1211118		3534
726		733		1211118		3534
727		733		1211118		3534
728		733		1211118		3534
729		733		1211118		3534
730		733		1211118		3534
731		733		1211118		3534
732		733		1211118		3534
733		733		1211118		3534
734		733		1211118		3534
735		733		1211118		3534
736		733		1211118		3534
737		733		1211118		3534
738		733		1211118		3534
739		733		1211118		3534
740		733		1211118		3534
741		733		1211118		3534
742		733		1211118		3534
743		733		1211118		3534
744		733		1211118		3534
745		733		1211118		3534
746		733		1211118		3534
747		733		1211118		3534
748		733		1211118		3534
749		733		1211118		3534
750		733		1211118		3534
751		733		1211118		3534
752		733		1211118		3534
753		733		1211118		3534
754		733		1211118		3534
755		733		1211118		3534
756		733		1211118		3534
757		733		1211118		3534
758		733		1211118		3534
759		733		1211118		3534
760		733		1211118		3534
761		733		1211118		3534
762		733		1211118		3534
763		733		1211118		3534
764		733		1211118		3534
765		733		1211118		3534
766		733		1211118		3534
767		733		1211118		3534
768		733		1211118		3534
769		733		1211118		3534
770		733		1211118		3534
771		733		1211118		3534
772		733		1211118		3534
773		733		1211118		3534
774		733		1211118		3534
775		733		1211118		3534
776		733		1211118		3534
777		733		1211118		3534
778		733		1211118		3534
779		733		1211118		3534
780		733		1211118		3534
781		733		1211118		3534
782		733		1211118		3534
783		733		1211118		3534
784		733		1211118		3534
785		733		1211118		3534
786		733		1211118		3534
787		733		1211118		3534
788		733		1211118		3534
789		733		1211118		3534
790		733		1211118		3534
791		733		1211118		3534
792		733		1211118		3534
793		733		1211118		3534
794		733		1211118		3534
795		733		1211118		3534
796		733		1211118		3534
797		733		1211118		3534
798		733		1211118		3534
799		733		1211118		3534
800		733		1211118		3534
801		733		1211118		3534
802		733		1211118		3534
803		733		1211118		3534
804		733		1211118		3534
805		733		1211118		3534
806		733		1211118		3534
807		733		1211118		3534
808		733		1211118		3534
809		733		1211118		3534
810		733		1211118		3534
811		733		1211118		3534
812		733		1211118		3534
813		733		1211118		3534
814		733		1211118		3534
815		733		1211118		3534
816		733		1211118		3534
817		733		1211118		3534
818		733		1211118		3534
819		733		1211118		3534
820		733		1211118		3534
821		733		1211118		3534
822		733		1211118		3534
823		733		1211118		3534
824		733		1211118		3534
825		733		1211118		3534
826		733		1211118		3534
827		733		1211118		3534
828		733		1211118		3534
829		733		1211118		3534
830		733		1211118		3534
831		733		1211118		3534
832		733		1211118		3534
833		733		1211118		3534
834		733		1211118		3534
835		733		1211118		3534
836		733		1211118		3534
837		733		1211118		3534
838		733		1211118		3534
839		733		1211118		3534
840		733		1211118		3534
841		733		1211118		3534
842		733		1211118		3534
843		733		1211118		3534
844		733		1211118		3534
845		733		1211118		3534
846		733		1211118		3534
847		733		1211118		3534
848		733		1211118		3534
849		733		1211118		3534
850		733		1211118		3534
851		733		1211118		3534
852		733		1211118		3534
853		733		1211118		3534
854		733		1211118		3534
855		733		1211118		3534
856		733		1211118		3534
857		733		1211118		3534
858		733		1211118		3534
859		733		1211118		3534
860		733		1211118		3534
861		733		1211118		3534
862		733		1211118		3534
863		733		1211118		3534
864		733		1211118		3534
865		733		1211118		3534
866		733		1211118		3534
867		733		1211118		3534
868		733		1211118		3534
869		733		1211118		3534
870		733		1211118		3534
871		733		1211118		3534
872		733		1211118		3534
873		733		1211118		3534
874		733		1211118		3534
875		733		1211118		3534
876		733		1211118		3534
877		733		1211118		3534
878		733		1211118		3534
879		733		1211118		3534
880		733		1211118		3534
881		733		1211118		3534
882		733		1211118		3534
883		733		1211118		3534
884		733		1211118		3534
885		733		1211118		3534
886		733		1211118		3534
887		733		1211118		3534
888		733		1211118		3534
889		733		1211118		3534
890		733		1211118		3534
891		733		1211118		3534
892		733		1211118		3534
893		733		1211118		3534
894		733		1211118		3534
895		733		1211118		3534
896		733		1211118		3534
897		733		1211118		3534
898		733		1211118		3534
899		733		1211118		3534
900		733		1211118		3534
901		733		1211118		3534
902		733		1211118		3534
903		733		1211118		3534
904		733		1211118		3534
905		733		1211118		3534
906		733		1211118		3534
907		733		1211118		3534
908		733		1211118		3534
909		733		1211118		3534
910		733		1211118		3534
911		733		1211118		3534
912		733		1211118		3534
913		733		1211118		3534
914		733		1211118		3534
915		733		1211118		3534
916		733		1211118		3534
917		733		1211118		3534
918		733		1211118		3534
919		733		1211118		3534
920		733		1211118		3534
921		733		1211118		3534
922		733		1211118		3534
923		733		1211118		3534
924		733		1211118		3534
925		733		1211118		3534
926		733		1211118		3534
927		733		1211118		3534
928		733		1211118		3534
929		733		1211118		3534
930		733		1211118		3534
931		733		1211118		3534
932		733		1211118		3534
933		733		1211118		3534
934		733		1211118		3534
935		733		1211118		3534
936		733		1211118		3534
937		733		1211118		3534
938		733		1211118		3534
939		733		1211118		3534
940		733		1211118		3534
941		733		1211118		3534
942		733		1211118		3534
943		733		1211118		3534
944		733		1211118		3534
945		733		1211118		3534
946		733		1211118		3534
947		733		1211118		3534
948		733		1211118		3534
949		733		1211118		3534
950		733		1211118		3534
951		733		1211118		3534
952		733		1211118		3534
953		733		1211118		3534
954		733		1211118		3534
955		733		1211118		3534
956		733		1211118		3534
957		733		1211118		3534
958		733		1211118		3534
959		733		1211118		3534
960		733		1211118		3534
961		733		1211118		3534
962		733		1211118		3534
963		733		1211118		3534
964		733		1211118		3534
965		733		1211118		3534
966		733		1211118		3534
967		733		1211118		3534
968		733		1211118		3534
969		733		1211118		3534
970		733		1211118		3534
971		733		1211118		3534
972		733		1211118		3534
973		733		1211118		3534
974		733		1211118		3534
975		733		1211118		3534
976		733		1211118		3534
977		733		1211118		3534
978		733		1211118		3534
979		733		1211118		3534
980		733		1211118		3534
981		733		1211118		3534
982		733		1211118		3534
983		733		1211118		3534
984		733		1211118		3534
985		733		1211118		3534
986		733		1211118		3534
987		733		1211118		3534
988		733		1211118		3534
989		733		1211118		3534
990		733		1211118		3534
991		733		1211118		3534
992		733		1211118		3534
993		733		1211118		3534
994		733		1211118		3534
995		733		1211118		3534
996		733		1211118		3534
997		733		1211118		3534
998		733		1211118		3534
999		733		1211118		3534
