# Migration is number of nodes that have changed color.

Round		Edge-Cut		Swaps		Migrations		Skipped
0		10105		4628		3218
1		10032		9250		3301
2		9881		13850		3378
3		9837		18398		3462
4		9683		22989		3420
5		9641		27577		3481
6		9518		32149		3479
7		9518		36736		3487
8		9396		41288		3497
9		9324		45837		3482
10		9267		50372		3472
11		9291		54931		3474
12		9271		59473		3480
13		9279		64019		3523
14		9303		68555		3497
15		9266		73108		3476
16		9291		77646		3499
17		9193		82197		3529
18		9177		86734		3502
19		9182		91299		3453
20		9224		95819		3463
21		9155		100369		3477
22		9221		104905		3487
23		9165		109412		3541
24		9282		113942		3527
25		9105		118479		3536
26		9046		122971		3506
27		9146		127498		3492
28		9103		132015		3530
29		9069		136532		3536
30		9058		141048		3509
31		9069		145593		3490
32		9108		150164		3508
33		9104		154736		3525
34		9037		159266		3495
35		9046		163783		3563
36		9020		168319		3534
37		8939		172880		3529
38		9028		177431		3556
39		8963		181969		3543
40		8936		186482		3511
41		8934		191015		3499
42		8803		195536		3520
43		8792		200051		3540
44		8824		204552		3465
45		8827		209058		3518
46		8785		213566		3526
47		8708		218064		3514
48		8685		222596		3509
49		8798		227102		3491
50		8767		231646		3513
51		8799		236171		3568
52		8739		240687		3568
53		8639		245176		3549
54		8657		249684		3551
55		8569		254189		3529
56		8567		258708		3555
57		8561		263228		3516
58		8501		267710		3545
59		8536		272232		3565
60		8573		276734		3479
61		8532		281256		3508
62		8563		285740		3538
63		8623		290223		3536
64		8511		294742		3523
65		8584		299243		3503
66		8569		303730		3499
67		8598		308258		3520
68		8592		312780		3472
69		8626		317283		3515
70		8474		321763		3508
71		8470		326244		3513
72		8408		330733		3486
73		8352		335213		3513
74		8340		339686		3528
75		8334		344181		3501
76		8353		348682		3476
77		8415		353159		3533
78		8371		357655		3533
79		8378		362138		3490
80		8313		366633		3540
81		8320		371125		3530
82		8330		375611		3531
83		8240		380099		3507
84		8285		384561		3504
85		8260		389041		3535
86		8256		393507		3522
87		8264		398002		3509
88		8281		402486		3557
89		8166		406964		3498
90		8239		411453		3499
91		8220		415939		3564
92		8155		420428		3497
93		8169		424922		3539
94		8140		429409		3478
95		8100		433903		3511
96		8048		438386		3523
97		8051		442865		3514
98		8110		447328		3533
99		8117		451818		3514
100		8027		456312		3496
101		8074		460814		3496
102		7989		465321		3493
103		7910		469774		3508
104		7901		474234		3536
105		7953		478720		3524
106		7936		483199		3496
107		7761		487700		3540
108		7761		492182		3545
109		7810		496657		3524
110		7783		501118		3556
111		7737		505587		3501
112		7732		510023		3539
113		7686		514469		3547
114		7701		518924		3523
115		7673		523378		3533
116		7689		527837		3534
117		7637		532280		3580
118		7639		536758		3557
119		7712		541260		3519
120		7624		545708		3492
121		7660		550198		3511
122		7676		554675		3482
123		7609		559160		3499
124		7620		563657		3427
125		7572		568121		3493
126		7575		572606		3499
127		7504		577095		3484
128		7479		581552		3519
129		7601		586057		3496
130		7551		590569		3526
131		7500		595049		3539
132		7473		599556		3559
133		7447		604019		3502
134		7388		608488		3543
135		7380		612974		3550
136		7419		617476		3488
137		7395		621960		3545
138		7342		626449		3486
139		7338		630937		3499
140		7233		635431		3548
141		7181		639908		3511
142		7232		644414		3543
143		7282		648914		3510
144		7257		653404		3515
145		7242		657866		3500
146		7234		662341		3525
147		7280		666805		3493
148		7204		671291		3506
149		7210		675770		3513
150		7198		680255		3512
151		7195		684754		3488
152		7080		689254		3446
153		7131		693741		3515
154		7155		698202		3509
155		7117		702678		3485
156		6981		707163		3480
157		7007		711629		3534
158		7097		716119		3562
159		7010		720606		3548
160		7018		725053		3550
161		6911		729498		3559
162		6956		733966		3510
163		6934		738418		3532
164		6953		742887		3507
165		6881		747355		3538
166		6860		751818		3557
167		6931		756289		3535
168		6896		760754		3559
169		6883		765225		3559
170		6811		769726		3544
171		6787		774185		3545
172		6826		778669		3521
173		6791		783186		3551
174		6844		787672		3492
175		6740		792195		3529
176		6692		796697		3518
177		6564		801173		3525
178		6565		805673		3559
179		6523		810157		3543
180		6559		814646		3509
181		6576		819070		3556
182		6542		823565		3517
183		6606		828059		3518
184		6514		832566		3499
185		6499		837066		3522
186		6463		841565		3543
187		6375		846041		3529
188		6348		850513		3532
189		6420		854990		3517
190		6392		859482		3525
191		6254		863934		3525
192		6273		868376		3486
193		6277		872819		3499
194		6304		877316		3557
195		6345		881820		3531
196		6287		886293		3543
197		6285		890768		3525
198		6228		895226		3508
199		6160		899721		3496
200		6119		904188		3503
201		6041		908644		3531
202		6041		913099		3538
203		6073		917550		3534
204		6084		922017		3549
205		6046		926500		3553
206		6052		930943		3572
207		6077		935422		3550
208		6050		939896		3539
209		6109		944419		3552
210		6163		948936		3518
211		6104		953446		3546
212		6073		957922		3530
213		6049		962396		3532
214		6084		966859		3540
215		6080		971320		3513
216		6062		975821		3518
217		5979		980307		3533
218		5979		984819		3494
219		6025		989313		3483
220		6000		993809		3506
221		6052		998284		3506
222		6056		1002770		3488
223		5971		1007264		3516
224		5908		1011724		3538
225		5910		1016209		3508
226		5910		1020679		3537
227		5883		1025147		3528
228		5838		1029629		3532
229		5862		1034117		3532
230		5847		1038574		3509
231		5831		1043067		3520
232		5760		1047565		3517
233		5703		1052043		3510
234		5693		1056523		3497
235		5777		1061032		3501
236		5783		1065512		3529
237		5747		1069995		3476
238		5757		1074466		3518
239		5791		1078971		3526
240		5801		1083449		3518
241		5746		1087919		3555
242		5725		1092420		3525
243		5731		1096903		3558
244		5703		1101393		3551
245		5673		1105871		3553
246		5591		1110347		3522
247		5685		1114830		3494
248		5624		1119350		3522
249		5613		1123821		3486
250		5640		1128294		3522
251		5655		1132795		3559
252		5644		1137289		3533
253		5640		1141805		3502
254		5683		1146328		3524
255		5752		1150827		3526
256		5656		1155314		3480
257		5654		1159780		3529
258		5588		1164261		3503
259		5601		1168757		3544
260		5543		1173283		3508
261		5584		1177773		3506
262		5604		1182280		3533
263		5629		1186792		3525
264		5594		1191290		3579
265		5570		1195768		3545
266		5576		1200247		3534
267		5570		1204727		3539
268		5590		1209213		3548
269		5614		1213728		3548
270		5605		1218214		3525
271		5554		1222675		3500
272		5604		1227173		3493
273		5632		1231665		3483
274		5524		1236175		3530
275		5597		1240671		3525
276		5579		1245148		3525
277		5569		1249633		3509
278		5547		1254133		3499
279		5479		1258643		3516
280		5417		1263160		3507
281		5524		1267627		3520
282		5415		1272099		3531
283		5374		1276596		3560
284		5392		1281081		3506
285		5395		1285559		3523
286		5437		1290054		3531
287		5448		1294549		3520
288		5420		1299032		3510
289		5413		1303519		3520
290		5344		1308023		3539
291		5339		1312515		3535
292		5287		1316983		3512
293		5300		1321474		3518
294		5295		1325987		3544
295		5293		1330479		3515
296		5366		1334951		3540
297		5366		1339447		3522
298		5382		1343951		3484
299		5333		1348458		3482
300		5327		1352966		3532
301		5284		1357451		3470
302		5324		1361948		3479
303		5316		1366419		3545
304		5346		1370907		3520
305		5277		1375397		3521
306		5237		1379869		3508
307		5196		1384342		3501
308		5285		1388835		3504
309		5248		1393348		3474
310		5276		1397860		3498
311		5231		1402362		3470
312		5165		1406852		3490
313		5273		1411341		3531
314		5216		1415835		3485
315		5221		1420322		3489
316		5200		1424812		3511
317		5154		1429322		3514
318		5149		1433851		3507
319		5213		1438407		3542
320		5255		1442922		3538
321		5232		1447439		3544
322		5230		1451947		3521
323		5161		1456451		3509
324		5162		1460975		3518
325		5099		1465475		3541
326		5133		1469967		3490
327		5170		1474483		3540
328		5164		1479019		3503
329		5152		1483551		3525
330		5143		1488117		3515
331		5159		1492611		3500
332		5112		1497136		3506
333		5100		1501634		3511
334		5101		1506154		3516
335		5069		1510656		3528
336		5109		1515164		3527
337		5071		1519683		3512
338		5143		1524200		3520
339		5121		1528718		3508
340		5144		1533226		3532
341		5137		1537766		3528
342		5066		1542294		3523
343		5117		1546826		3557
344		5107		1551369		3536
345		5148		1555878		3537
346		5147		1560421		3500
347		5180		1564976		3515
348		5146		1569499		3548
349		5164		1573999		3534
350		5092		1578535		3539
351		5028		1583064		3546
352		4973		1587575		3502
353		4986		1592103		3537
354		5000		1596631		3530
355		5040		1601153		3550
356		5010		1605696		3516
357		5004		1610230		3579
358		5011		1614777		3546
359		5016		1619330		3503
360		4999		1623885		3505
361		4952		1628426		3526
362		4916		1632947		3538
363		4977		1637472		3528
364		4911		1641994		3558
365		4901		1646521		3527
366		4850		1651030		3563
367		4904		1655538		3579
368		4937		1660079		3525
369		4936		1664619		3572
370		4922		1669164		3504
371		4838		1673707		3521
372		4857		1678241		3520
373		4883		1682771		3534
374		4861		1687325		3518
375		4855		1691849		3524
376		4790		1696387		3529
377		4792		1700904		3517
378		4722		1705445		3524
379		4804		1709956		3549
380		4836		1714482		3509
381		4885		1719011		3510
382		4871		1723532		3506
383		4899		1728068		3521
384		4864		1732599		3510
385		4876		1737132		3512
386		4782		1741684		3521
387		4833		1746215		3536
388		4796		1750760		3517
389		4862		1755323		3525
390		4881		1759877		3554
391		4821		1764421		3515
392		4780		1768963		3508
393		4754		1773498		3526
394		4750		1778005		3536
395		4768		1782547		3531
396		4809		1787077		3515
397		4823		1791610		3510
398		4819		1796136		3521
399		4779		1800626		3517
400		4768		1805144		3511
401		4796		1809694		3500
402		4785		1814230		3500
403		4718		1818750		3523
404		4728		1823257		3535
405		4773		1827802		3552
406		4798		1832342		3529
407		4806		1836896		3511
408		4728		1841417		3505
409		4729		1845966		3515
410		4685		1850508		3501
411		4729		1855042		3518
412		4720		1859592		3526
413		4714		1864162		3525
414		4634		1868698		3510
415		4637		1873227		3525
416		4580		1877757		3516
417		4615		1882312		3535
418		4600		1886859		3521
419		4590		1891402		3524
420		4571		1895926		3516
421		4553		1900466		3528
422		4558		1904990		3553
423		4506		1909519		3539
424		4494		1914041		3494
425		4566		1918565		3545
426		4552		1923117		3530
427		4471		1927666		3494
428		4466		1932190		3538
429		4432		1936743		3521
430		4420		1941274		3483
431		4438		1945810		3523
432		4477		1950339		3519
433		4435		1954816		3492
434		4472		1959331		3516
435		4476		1963887		3524
436		4537		1968420		3538
437		4628		1972972		3485
438		4616		1977510		3538
439		4657		1982097		3498
440		4587		1986657		3515
441		4473		1991217		3495
442		4527		1995778		3509
443		4527		2000329		3496
444		4534		2004883		3483
445		4537		2009414		3501
446		4530		2013954		3518
447		4541		2018500		3522
448		4516		2023016		3533
449		4482		2027572		3505
450		4491		2032113		3526
451		4469		2036660		3501
452		4497		2041216		3504
453		4530		2045751		3480
454		4589		2050313		3492
455		4516		2054867		3535
456		4582		2059434		3517
457		4456		2063991		3515
458		4464		2068544		3494
459		4504		2073121		3570
460		4545		2077698		3526
461		4536		2082275		3548
462		4547		2086852		3508
463		4573		2091423		3526
464		4487		2095993		3529
465		4536		2100569		3552
466		4556		2105131		3505
467		4565		2109706		3540
468		4516		2114281		3513
469		4435		2118872		3562
470		4478		2123434		3510
471		4440		2128005		3534
472		4423		2132562		3491
473		4469		2137134		3495
474		4478		2141702		3502
475		4461		2146266		3515
476		4447		2150824		3544
477		4358		2155398		3519
478		4419		2159971		3544
479		4426		2164541		3519
480		4435		2169102		3498
481		4459		2173673		3515
482		4427		2178238		3520
483		4389		2182796		3545
484		4378		2187359		3508
485		4438		2191949		3544
486		4389		2196533		3563
487		4352		2201113		3530
488		4378		2205684		3539
489		4229		2210242		3546
490		4219		2214817		3514
491		4251		2219367		3537
492		4218		2223928		3538
493		4175		2228493		3523
494		4162		2233046		3533
495		4234		2237625		3527
496		4170		2242193		3533
497		4200		2246774		3528
498		4162		2251347		3496
499		4180		2255919		3540
500		4183		2260500		3509
501		4204		2265087		3494
502		4137		2269651		3522
503		4153		2274218		3498
504		4112		2278797		3513
505		4093		2283380		3511
506		4145		2287961		3517
507		4132		2292537		3538
508		4157		2297148		3509
509		4198		2301751		3512
510		4223		2306356		3547
511		4187		2310953		3509
512		4140		2315557		3493
513		4157		2320128		3546
514		4200		2324711		3514
515		4169		2329304		3508
516		4203		2333898		3539
517		4175		2338492		3510
518		4192		2343076		3519
519		4164		2347636		3548
520		4173		2352222		3482
521		4137		2356792		3534
522		4127		2361390		3520
523		4115		2365977		3535
524		4157		2370543		3516
525		4109		2375112		3517
526		4120		2379696		3547
527		4146		2384260		3546
528		4164		2388815		3502
529		4201		2393383		3512
530		4237		2397965		3529
531		4214		2402553		3538
532		4194		2407122		3512
533		4129		2411684		3514
534		4192		2416258		3492
535		4112		2420843		3515
536		4107		2425426		3546
537		4107		2429977		3503
538		4089		2434544		3538
539		4127		2439096		3537
540		4119		2443643		3496
541		4109		2448228		3534
542		4156		2452790		3537
543		4124		2457369		3541
544		4123		2461965		3565
545		4143		2466529		3532
546		4146		2471114		3545
547		4114		2475680		3525
548		4063		2480273		3526
549		4114		2484816		3542
550		4126		2489393		3509
551		4121		2493955		3508
552		4054		2498528		3547
553		4038		2503096		3493
554		4084		2507645		3525
555		4181		2512237		3541
556		4231		2516825		3553
557		4242		2521412		3544
558		4220		2525983		3498
559		4204		2530561		3528
560		4207		2535155		3533
561		4117		2539733		3521
562		4090		2544307		3553
563		4107		2548882		3559
564		4139		2553453		3524
565		4088		2558029		3578
566		4031		2562585		3567
567		4006		2567154		3539
568		3968		2571725		3525
569		3983		2576277		3534
570		3950		2580860		3536
571		3966		2585412		3546
572		3946		2589975		3540
573		3919		2594531		3544
574		3937		2599115		3557
575		3917		2603685		3499
576		3972		2608259		3541
577		4003		2612807		3552
578		3969		2617398		3530
579		3962		2621963		3528
580		3976		2626552		3553
581		3941		2631116		3549
582		3989		2635668		3539
583		4025		2640241		3540
584		3964		2644821		3550
585		3932		2649402		3522
586		3965		2653935		3535
587		3968		2658495		3506
588		3957		2663066		3497
589		3945		2667656		3526
590		3934		2672228		3537
591		3958		2676798		3545
592		3971		2681363		3490
593		3948		2685945		3530
594		3903		2690540		3505
595		3857		2695113		3492
596		3851		2699704		3531
597		3895		2704263		3506
598		3946		2708822		3498
599		3935		2713401		3561
600		3954		2718000		3564
601		3939		2722589		3540
602		3898		2727179		3543
603		3945		2731788		3515
604		3915		2736366		3520
605		3885		2740951		3550
606		3865		2745535		3510
607		3848		2750118		3493
608		3815		2754705		3539
609		3810		2759305		3514
610		3820		2763894		3532
611		3811		2768478		3545
612		3846		2773069		3529
613		3847		2777668		3521
614		3826		2782254		3516
615		3793		2786837		3526
616		3782		2791411		3508
617		3763		2795979		3524
618		3757		2800578		3521
619		3814		2805175		3551
620		3838		2809767		3563
621		3867		2814377		3554
622		3851		2818972		3539
623		3861		2823575		3518
624		3850		2828170		3524
625		3925		2832754		3536
626		3887		2837345		3532
627		3967		2841936		3559
628		3985		2846535		3513
629		3958		2851131		3509
630		3961		2855721		3526
631		3962		2860313		3509
632		3980		2864923		3533
633		3987		2869522		3545
634		3988		2874106		3564
635		3978		2878701		3551
636		3939		2883296		3545
637		3927		2887880		3514
638		3926		2892460		3546
639		3921		2897055		3541
640		3895		2901624		3559
641		3952		2906219		3529
642		3993		2910794		3511
643		4028		2915386		3492
644		4015		2919972		3523
645		4035		2924578		3537
646		4030		2929171		3529
647		4040		2933776		3521
648		3958		2938364		3516
649		3965		2942951		3537
650		3951		2947547		3518
651		3960		2952130		3539
652		3960		2956716		3532
653		3956		2961300		3517
654		3981		2965898		3518
655		3939		2970462		3535
656		3951		2975054		3541
657		3969		2979622		3532
658		3995		2984230		3530
659		3954		2988844		3536
660		3939		2993423		3539
661		3943		2998021		3523
662		3872		3002608		3502
663		3964		3007186		3529
664		3952		3011756		3533
665		3939		3016323		3520
666		3932		3020895		3526
667		3943		3025477		3492
668		4017		3030073		3553
669		3956		3034673		3558
670		4029		3039251		3532
671		4045		3043854		3527
672		4022		3048452		3513
673		4075		3053056		3522
674		3995		3057652		3543
675		4061		3062257		3499
676		4033		3066849		3538
677		4034		3071433		3497
678		3965		3076019		3503
679		4048		3080620		3495
680		3989		3085204		3540
681		3915		3089786		3520
682		3920		3094358		3541
683		3899		3098926		3496
684		3899		3103501		3484
685		3867		3108074		3523
686		3859		3112653		3538
687		3897		3117261		3536
688		3869		3121854		3537
689		3880		3126444		3539
690		3858		3131036		3555
691		3843		3135628		3529
692		3812		3140219		3552
693		3823		3144795		3541
694		3791		3149380		3519
695		3791		3153960		3534
696		3780		3158560		3545
697		3787		3163137		3550
698		3739		3167723		3495
699		3785		3172309		3481
700		3826		3176895		3533
701		3792		3181479		3547
702		3768		3186080		3536
703		3776		3190679		3553
704		3746		3195249		3535
705		3806		3199857		3521
706		3808		3204445		3534
707		3770		3209037		3535
708		3805		3213633		3482
709		3778		3218232		3515
710		3767		3222817		3519
711		3738		3227398		3521
712		3775		3231989		3506
713		3761		3236584		3522
714		3734		3241183		3520
715		3785		3245784		3529
716		3774		3250379		3550
717		3820		3254955		3555
718		3826		3259556		3557
719		3776		3264132		3526
720		3801		3268737		3557
721		3789		3273338		3533
722		3771		3277932		3538
723		3732		3282515		3535
724		3733		3287117		3552
725		3677		3291714		3497
726		3644		3296296		3499
727		3622		3300898		3507
728		3645		3305475		3502
729		3617		3310077		3529
730		3622		3314677		3533
731		3687		3319282		3521
732		3646		3323862		3519
733		3656		3328468		3546
734		3676		3333050		3488
735		3691		3337645		3537
736		3705		3342256		3538
737		3674		3346878		3545
738		3692		3351497		3542
739		3671		3356104		3528
740		3666		3360693		3568
741		3628		3365286		3532
742		3633		3369883		3531
743		3687		3374473		3550
744		3686		3379063		3503
745		3721		3383647		3515
746		3736		3388238		3521
747		3735		3392818		3531
748		3726		3397417		3529
749		3735		3402015		3532
750		3721		3406615		3518
751		3670		3411199		3510
752		3761		3415793		3524
753		3747		3420379		3567
754		3774		3424981		3541
755		3826		3429578		3544
756		3839		3434194		3545
757		3826		3438800		3541
758		3817		3443406		3540
759		3785		3448001		3537
760		3804		3452611		3517
761		3781		3457228		3509
762		3759		3461842		3512
763		3735		3466445		3510
764		3698		3471048		3536
765		3688		3475644		3520
766		3733		3480229		3561
767		3709		3484826		3515
768		3667		3489406		3525
769		3740		3493994		3490
770		3757		3498595		3519
771		3714		3503197		3522
772		3763		3507809		3528
773		3736		3512413		3504
774		3798		3517021		3523
775		3760		3521623		3484
776		3774		3526206		3517
777		3729		3530791		3538
778		3742		3535365		3549
779		3686		3539950		3505
780		3734		3544551		3513
781		3646		3549137		3526
782		3664		3553725		3534
783		3677		3558302		3540
784		3646		3562894		3551
785		3647		3567467		3505
786		3658		3572033		3529
787		3666		3576613		3528
788		3672		3581214		3536
789		3706		3585793		3492
790		3645		3590400		3550
791		3662		3594988		3513
792		3646		3599591		3528
793		3639		3604187		3517
794		3681		3608772		3476
795		3731		3613358		3510
796		3659		3617979		3528
797		3649		3622609		3473
798		3696		3627192		3523
799		3687		3631800		3500
800		3702		3636388		3496
801		3708		3641006		3575
802		3699		3645611		3521
803		3709		3650203		3537
804		3688		3654789		3537
805		3754		3659378		3517
806		3716		3663961		3508
807		3723		3668557		3511
808		3685		3673148		3527
809		3710		3677744		3474
810		3710		3682348		3529
811		3758		3686972		3514
812		3723		3691572		3548
813		3712		3696148		3522
814		3736		3700740		3521
815		3758		3705308		3508
816		3726		3709894		3507
817		3690		3714486		3528
818		3669		3719063		3513
819		3698		3723638		3496
820		3692		3728218		3488
821		3712		3732811		3510
822		3716		3737410		3519
823		3706		3742038		3515
824		3696		3746629		3505
825		3621		3751216		3515
826		3628		3755810		3522
827		3614		3760413		3503
828		3591		3765030		3523
829		3570		3769609		3531
830		3645		3774211		3519
831		3660		3778813		3521
832		3599		3783415		3521
833		3643		3788024		3503
834		3638		3792641		3519
835		3654		3797254		3520
836		3643		3801869		3538
837		3675		3806483		3535
838		3685		3811093		3529
839		3657		3815695		3529
840		3665		3820302		3499
841		3671		3824901		3571
842		3624		3829472		3505
843		3610		3834060		3530
844		3630		3838656		3496
845		3613		3843266		3537
846		3643		3847875		3536
847		3681		3852484		3568
848		3734		3857103		3515
849		3720		3861720		3522
850		3718		3866330		3534
851		3753		3870930		3491
852		3716		3875547		3519
853		3726		3880141		3523
854		3716		3884747		3501
855		3701		3889338		3518
856		3698		3893926		3506
857		3697		3898516		3550
858		3733		3903114		3536
859		3707		3907719		3552
860		3684		3912343		3562
861		3656		3916958		3540
862		3690		3921551		3545
863		3695		3926142		3469
864		3725		3930731		3500
865		3679		3935321		3493
866		3701		3939887		3495
867		3679		3944478		3523
868		3697		3949074		3484
869		3700		3953661		3534
870		3670		3958250		3498
871		3669		3962821		3492
872		3630		3967408		3520
873		3658		3972001		3543
874		3650		3976600		3556
875		3686		3981204		3509
876		3648		3985784		3524
877		3645		3990378		3555
878		3618		3994966		3530
879		3670		3999579		3558
880		3700		4004181		3515
881		3645		4008785		3520
882		3605		4013392		3516
883		3654		4017985		3557
884		3652		4022571		3566
885		3622		4027162		3506
886		3615		4031746		3505
887		3676		4036331		3536
888		3676		4040926		3506
889		3664		4045515		3528
890		3673		4050120		3534
891		3693		4054716		3540
892		3685		4059312		3531
893		3681		4063901		3550
894		3701		4068505		3563
895		3692		4073092		3522
896		3714		4077687		3523
897		3745		4082295		3534
898		3710		4086911		3513
899		3704		4091518		3520
900		3736		4096130		3531
901		3695		4100746		3556
902		3691		4105352		3547
903		3691		4109954		3550
904		3663		4114535		3523
905		3664		4119127		3511
906		3617		4123733		3555
907		3666		4128328		3546
908		3658		4132928		3544
909		3700		4137531		3553
910		3664		4142150		3505
911		3741		4146757		3548
912		3626		4151359		3548
913		3667		4155948		3536
914		3660		4160534		3532
915		3702		4165116		3522
916		3748		4169722		3511
917		3769		4174334		3501
918		3780		4178930		3521
919		3778		4183520		3517
920		3748		4188130		3511
921		3780		4192737		3511
922		3733		4197333		3542
923		3737		4201938		3494
924		3741		4206541		3507
925		3730		4211153		3514
926		3691		4215748		3529
927		3655		4220342		3524
928		3682		4224944		3508
929		3717		4229550		3517
930		3715		4234161		3512
931		3704		4238768		3494
932		3677		4243365		3520
933		3705		4247942		3548
934		3678		4252567		3540
935		3680		4257171		3537
936		3709		4261762		3531
937		3679		4266361		3534
938		3710		4270956		3511
939		3654		4275569		3529
940		3613		4280158		3519
941		3680		4284760		3508
942		3690		4289369		3522
943		3673		4293962		3530
944		3705		4298563		3531
945		3711		4303167		3520
946		3717		4307795		3515
947		3702		4312391		3534
948		3737		4317010		3517
949		3736		4321588		3556
950		3734		4326197		3511
951		3770		4330789		3553
952		3784		4335384		3544
953		3721		4339983		3497
954		3755		4344575		3527
955		3753		4349158		3514
956		3736		4353761		3502
957		3728		4358340		3508
958		3766		4362920		3498
959		3721		4367521		3513
960		3753		4372118		3466
961		3770		4376730		3510
962		3731		4381344		3501
963		3801		4385951		3488
964		3769		4390569		3484
965		3751		4395177		3524
966		3792		4399781		3473
967		3742		4404391		3530
968		3759		4409010		3521
969		3732		4413603		3523
970		3745		4418196		3525
971		3748		4422771		3527
972		3784		4427367		3506
973		3749		4431971		3531
974		3726		4436588		3494
975		3717		4441189		3528
976		3740		4445773		3493
977		3745		4450378		3512
978		3745		4454975		3544
979		3659		4459581		3478
980		3688		4464179		3545
981		3705		4468792		3522
982		3711		4473406		3532
983		3640		4478023		3508
984		3584		4482628		3530
985		3552		4487223		3542
986		3610		4491818		3547
987		3583		4496419		3484
988		3610		4501017		3550
989		3674		4505613		3511
990		3634		4510204		3504
991		3689		4514806		3547
992		3652		4519416		3522
993		3686		4524040		3561
994		3676		4528654		3534
995		3678		4533270		3558
996		3680		4537876		3516
997		3642		4542478		3515
998		3608		4547080		3524
999		3602		4551677		3554
