# Migration is number of nodes that have changed color.

Round		Edge-Cut		Swaps		Migrations		Skipped
0		6433		4467		2689
1		5554		8761		2991
2		5006		12951		3091
3		4583		17093		3146
4		4189		21215		3186
5		3998		25251		3191
6		3823		29328		3231
7		3612		33365		3262
8		3458		37376		3268
9		3346		41366		3288
10		3275		45386		3300
11		3134		49367		3308
12		3098		53336		3328
13		3024		57334		3320
14		2966		61316		3300
15		2878		65335		3304
16		2834		69257		3297
17		2790		73260		3302
18		2748		77184		3308
19		2700		81128		3315
20		2648		85087		3320
21		2593		89067		3315
22		2549		93014		3322
23		2472		96968		3315
24		2445		100948		3319
25		2359		104932		3335
26		2340		108860		3340
27		2301		112806		3350
28		2266		116735		3342
29		2262		120680		3354
30		2220		124554		3346
31		2188		128475		3341
32		2165		132420		3337
33		2144		136306		3331
34		2136		140233		3324
35		2122		144129		3334
36		2108		147998		3355
37		2084		151906		3340
38		2084		155805		3343
39		2052		159713		3349
40		2037		163640		3347
41		2035		167600		3357
42		2023		171543		3353
43		2005		175534		3350
44		1999		179472		3354
45		1976		183387		3347
46		1963		187293		3346
47		1950		191166		3360
48		1912		195076		3361
49		1906		198939		3364
50		1886		202854		3367
51		1884		206708		3368
52		1870		210654		3368
53		1861		214572		3372
54		1837		218457		3373
55		1843		222314		3374
56		1829		226222		3375
57		1825		230142		3366
58		1818		234054		3366
59		1815		237921		3370
60		1802		241783		3369
61		1800		245665		3377
62		1788		249574		3388
63		1781		253475		3380
64		1786		257380		3375
65		1773		261300		3373
66		1767		265204		3373
67		1760		269088		3375
68		1758		272990		3375
69		1749		276949		3369
70		1726		280811		3370
71		1720		284708		3372
72		1709		288593		3373
73		1695		292485		3377
74		1691		296399		3378
75		1683		300267		3379
76		1684		304188		3378
77		1678		308056		3376
78		1678		311964		3371
79		1673		315857		3370
80		1673		319741		3366
81		1672		323607		3366
82		1671		327496		3363
83		1669		331316		3362
84		1661		335232		3364
85		1655		339143		3362
86		1653		343004		3362
87		1646		346888		3368
88		1644		350798		3368
89		1624		354728		3368
90		1615		358613		3369
91		1605		362528		3369
92		1603		366412		3369
93		1602		370313		3366
94		1597		374198		3362
95		1595		378099		3364
96		1589		382005		3365
97		1587		385903		3364
98		1582		389788		3361
99		1578		393644		3363
100		1578		397541		3368
101		1578		401364		3370
102		1571		405270		3367
103		1565		409194		3367
104		1562		413102		3366
105		1562		416980		3364
106		1554		416988		3367
107		1543		416995		3365
108		1537		416998		3367
109		1528		417004		3368
110		1519		417010		3366
111		1511		417014		3365
112		1510		417018		3363
113		1505		417021		3363
114		1503		417022		3363
115		1497		417026		3365
116		1495		417028		3365
117		1494		417029		3367
118		1489		417033		3365
119		1488		417034		3365
120		1488		417036		3367
121		1487		417037		3367
122		1480		417042		3368
123		1479		417043		3367
124		1480		417044		3366
125		1480		417045		3367
126		1479		417046		3366
127		1479		417046		3366
128		1476		417048		3366
129		1476		417048		3366
130		1473		417050		3365
131		1474		417053		3364
132		1473		417054		3364
133		1467		417059		3363
134		1465		417060		3363
135		1465		417060		3363
136		1465		417063		3364
137		1462		417064		3364
138		1460		417066		3365
139		1457		417069		3363
140		1457		417069		3363
141		1457		417069		3363
142		1457		417070		3364
143		1455		417071		3363
144		1454		417072		3364
145		1451		417075		3363
146		1448		417077		3362
147		1448		417077		3362
148		1448		417077		3362
149		1448		417077		3362
150		1448		417077		3362
151		1448		417077		3362
152		1446		417078		3362
153		1446		417079		3364
154		1445		417080		3363
155		1442		417082		3362
156		1442		417082		3362
157		1442		417082		3362
158		1441		417083		3362
159		1441		417083		3362
160		1441		417083		3362
161		1441		417083		3362
162		1441		417083		3362
163		1441		417083		3362
164		1441		417083		3362
165		1441		417083		3362
166		1441		417083		3362
167		1441		417083		3362
168		1439		417085		3361
169		1439		417085		3361
170		1439		417085		3361
171		1439		417085		3361
172		1439		417085		3361
173		1439		417085		3361
174		1439		417085		3361
175		1439		417085		3361
176		1439		417085		3361
177		1440		417086		3361
178		1440		417086		3361
179		1440		417086		3361
180		1440		417086		3361
181		1440		417086		3361
182		1440		417086		3361
183		1440		417086		3361
184		1440		417086		3361
185		1440		417086		3361
186		1440		417086		3361
187		1438		417087		3361
188		1438		417087		3361
189		1438		417087		3361
190		1438		417087		3361
191		1438		417087		3361
192		1438		417087		3361
193		1438		417087		3361
194		1438		417087		3361
195		1438		417087		3361
196		1438		417087		3361
197		1438		417087		3361
198		1438		417087		3361
199		1438		417087		3361
200		1438		417087		3361
201		1438		417087		3361
202		1438		417087		3361
203		1438		417087		3361
204		1438		417087		3361
205		1438		417087		3361
206		1438		417087		3361
207		1438		417087		3361
208		1438		417087		3361
209		1438		417087		3361
210		1438		417087		3361
211		1438		417087		3361
212		1438		417087		3361
213		1438		417087		3361
214		1438		417087		3361
215		1438		417087		3361
216		1438		417087		3361
217		1438		417087		3361
218		1438		417087		3361
219		1438		417087		3361
220		1438		417087		3361
221		1438		417087		3361
222		1438		417087		3361
223		1438		417087		3361
224		1438		417087		3361
225		1438		417087		3361
226		1438		417087		3361
227		1438		417087		3361
228		1438		417087		3361
229		1438		417087		3361
230		1438		417087		3361
231		1438		417087		3361
232		1438		417087		3361
233		1438		417087		3361
234		1438		417087		3361
235		1438		417087		3361
236		1438		417087		3361
237		1438		417087		3361
238		1438		417087		3361
239		1438		417087		3361
240		1438		417087		3361
241		1438		417087		3361
242		1438		417087		3361
243		1438		417087		3361
244		1438		417087		3361
245		1438		417087		3361
246		1438		417087		3361
247		1438		417087		3361
248		1438		417087		3361
249		1438		417087		3361
250		1438		417087		3361
251		1438		417087		3361
252		1438		417087		3361
253		1438		417087		3361
254		1438		417087		3361
255		1438		417087		3361
256		1438		417087		3361
257		1438		417087		3361
258		1438		417087		3361
259		1438		417087		3361
260		1438		417087		3361
261		1438		417087		3361
262		1438		417087		3361
263		1438		417087		3361
264		1438		417087		3361
265		1438		417087		3361
266		1438		417087		3361
267		1438		417087		3361
268		1438		417087		3361
269		1438		417087		3361
270		1438		417087		3361
271		1438		417087		3361
272		1438		417087		3361
273		1438		417087		3361
274		1438		417087		3361
275		1438		417087		3361
276		1438		417087		3361
277		1438		417087		3361
278		1438		417087		3361
279		1438		417087		3361
280		1438		417087		3361
281		1438		417087		3361
282		1438		417087		3361
283		1438		417087		3361
284		1438		417087		3361
285		1438		417087		3361
286		1438		417087		3361
287		1438		417087		3361
288		1438		417087		3361
289		1438		417087		3361
290		1438		417087		3361
291		1438		417087		3361
292		1438		417087		3361
293		1438		417087		3361
294		1438		417087		3361
295		1438		417087		3361
296		1438		417087		3361
297		1438		417087		3361
298		1438		417087		3361
299		1438		417087		3361
300		1438		417087		3361
301		1438		417087		3361
302		1438		417087		3361
303		1438		417087		3361
304		1438		417087		3361
305		1438		417087		3361
306		1438		417087		3361
307		1438		417087		3361
308		1438		417087		3361
309		1438		417087		3361
310		1438		417087		3361
311		1438		417087		3361
312		1438		417087		3361
313		1438		417087		3361
314		1438		417087		3361
315		1438		417087		3361
316		1438		417087		3361
317		1438		417087		3361
318		1438		417087		3361
319		1438		417087		3361
320		1438		417087		3361
321		1438		417087		3361
322		1438		417087		3361
323		1438		417087		3361
324		1438		417087		3361
325		1438		417087		3361
326		1438		417087		3361
327		1438		417087		3361
328		1438		417087		3361
329		1438		417087		3361
330		1438		417087		3361
331		1438		417087		3361
332		1438		417087		3361
333		1438		417087		3361
334		1438		417087		3361
335		1438		417087		3361
336		1438		417087		3361
337		1438		417087		3361
338		1438		417087		3361
339		1438		417087		3361
340		1438		417087		3361
341		1438		417087		3361
342		1438		417087		3361
343		1438		417087		3361
344		1438		417087		3361
345		1438		417087		3361
346		1438		417087		3361
347		1438		417087		3361
348		1438		417087		3361
349		1438		417087		3361
350		1438		417087		3361
351		1438		417087		3361
352		1438		417087		3361
353		1438		417087		3361
354		1438		417087		3361
355		1438		417087		3361
356		1438		417087		3361
357		1438		417087		3361
358		1438		417087		3361
359		1438		417087		3361
360		1438		417087		3361
361		1438		417087		3361
362		1438		417087		3361
363		1438		417087		3361
364		1438		417087		3361
365		1438		417087		3361
366		1438		417087		3361
367		1438		417087		3361
368		1438		417087		3361
369		1438		417087		3361
370		1438		417087		3361
371		1438		417087		3361
372		1438		417087		3361
373		1438		417087		3361
374		1438		417087		3361
375		1438		417087		3361
376		1438		417087		3361
377		1438		417087		3361
378		1438		417087		3361
379		1438		417087		3361
380		1438		417087		3361
381		1438		417087		3361
382		1438		417087		3361
383		1438		417087		3361
384		1438		417087		3361
385		1438		417087		3361
386		1438		417087		3361
387		1438		417087		3361
388		1438		417087		3361
389		1438		417087		3361
390		1438		417087		3361
391		1438		417087		3361
392		1438		417087		3361
393		1438		417087		3361
394		1438		417087		3361
395		1438		417087		3361
396		1438		417087		3361
397		1438		417087		3361
398		1438		417087		3361
399		1438		417087		3361
400		1438		417087		3361
401		1438		417087		3361
402		1438		417087		3361
403		1438		417087		3361
404		1438		417087		3361
405		1438		417087		3361
406		1438		417087		3361
407		1438		417087		3361
408		1438		417087		3361
409		1438		417087		3361
410		1438		417087		3361
411		1438		417087		3361
412		1438		417087		3361
413		1438		417087		3361
414		1438		417087		3361
415		1438		417087		3361
416		1438		417087		3361
417		1438		417087		3361
418		1438		417087		3361
419		1438		417087		3361
420		1438		417087		3361
421		1438		417087		3361
422		1438		417087		3361
423		1438		417087		3361
424		1438		417087		3361
425		1438		417087		3361
426		1438		417087		3361
427		1438		417087		3361
428		1438		417087		3361
429		1438		417087		3361
430		1438		417087		3361
431		1438		417087		3361
432		1438		417087		3361
433		1438		417087		3361
434		1438		417087		3361
435		1438		417087		3361
436		1438		417087		3361
437		1438		417087		3361
438		1438		417087		3361
439		1438		417087		3361
440		1438		417087		3361
441		1438		417087		3361
442		1438		417087		3361
443		1438		417087		3361
444		1438		417087		3361
445		1438		417087		3361
446		1438		417087		3361
447		1438		417087		3361
448		1438		417087		3361
449		1438		417087		3361
450		1438		417087		3361
451		1438		417087		3361
452		1438		417087		3361
453		1438		417087		3361
454		1438		417087		3361
455		1438		417087		3361
456		1438		417087		3361
457		1438		417087		3361
458		1438		417087		3361
459		1438		417087		3361
460		1438		417087		3361
461		1438		417087		3361
462		1438		417087		3361
463		1438		417087		3361
464		1438		417087		3361
465		1438		417087		3361
466		1438		417087		3361
467		1438		417087		3361
468		1438		417087		3361
469		1438		417087		3361
470		1438		417087		3361
471		1438		417087		3361
472		1438		417087		3361
473		1438		417087		3361
474		1438		417087		3361
475		1438		417087		3361
476		1438		417087		3361
477		1438		417087		3361
478		1438		417087		3361
479		1438		417087		3361
480		1438		417087		3361
481		1438		417087		3361
482		1438		417087		3361
483		1438		417087		3361
484		1438		417087		3361
485		1438		417087		3361
486		1438		417087		3361
487		1438		417087		3361
488		1438		417087		3361
489		1438		417087		3361
490		1438		417087		3361
491		1438		417087		3361
492		1438		417087		3361
493		1438		417087		3361
494		1438		417087		3361
495		1438		417087		3361
496		1438		417087		3361
497		1438		417087		3361
498		1438		417087		3361
499		1438		417087		3361
500		1438		417087		3361
501		1438		417087		3361
502		1438		417087		3361
503		1438		417087		3361
504		1438		417087		3361
505		1438		417087		3361
506		1438		417087		3361
507		1438		417087		3361
508		1438		417087		3361
509		1438		417087		3361
510		1438		417087		3361
511		1438		417087		3361
512		1438		417087		3361
513		1438		417087		3361
514		1438		417087		3361
515		1438		417087		3361
516		1438		417087		3361
517		1438		417087		3361
518		1438		417087		3361
519		1438		417087		3361
520		1438		417087		3361
521		1438		417087		3361
522		1438		417087		3361
523		1438		417087		3361
524		1438		417087		3361
525		1438		417087		3361
526		1438		417087		3361
527		1438		417087		3361
528		1438		417087		3361
529		1438		417087		3361
530		1438		417087		3361
531		1438		417087		3361
532		1438		417087		3361
533		1438		417087		3361
534		1438		417087		3361
535		1438		417087		3361
536		1438		417087		3361
537		1438		417087		3361
538		1438		417087		3361
539		1438		417087		3361
540		1438		417087		3361
541		1438		417087		3361
542		1438		417087		3361
543		1438		417087		3361
544		1438		417087		3361
545		1438		417087		3361
546		1438		417087		3361
547		1438		417087		3361
548		1438		417087		3361
549		1438		417087		3361
550		1438		417087		3361
551		1438		417087		3361
552		1438		417087		3361
553		1438		417087		3361
554		1438		417087		3361
555		1438		417087		3361
556		1438		417087		3361
557		1438		417087		3361
558		1438		417087		3361
559		1438		417087		3361
560		1438		417087		3361
561		1438		417087		3361
562		1438		417087		3361
563		1438		417087		3361
564		1438		417087		3361
565		1438		417087		3361
566		1438		417087		3361
567		1438		417087		3361
568		1438		417087		3361
569		1438		417087		3361
570		1438		417087		3361
571		1438		417087		3361
572		1438		417087		3361
573		1438		417087		3361
574		1438		417087		3361
575		1438		417087		3361
576		1438		417087		3361
577		1438		417087		3361
578		1438		417087		3361
579		1438		417087		3361
580		1438		417087		3361
581		1438		417087		3361
582		1438		417087		3361
583		1438		417087		3361
584		1438		417087		3361
585		1438		417087		3361
586		1438		417087		3361
587		1438		417087		3361
588		1438		417087		3361
589		1438		417087		3361
590		1438		417087		3361
591		1438		417087		3361
592		1438		417087		3361
593		1438		417087		3361
594		1438		417087		3361
595		1438		417087		3361
596		1438		417087		3361
597		1438		417087		3361
598		1438		417087		3361
599		1438		417087		3361
600		1438		417087		3361
601		1438		417087		3361
602		1438		417087		3361
603		1438		417087		3361
604		1438		417087		3361
605		1438		417087		3361
606		1438		417087		3361
607		1438		417087		3361
608		1438		417087		3361
609		1438		417087		3361
610		1438		417087		3361
611		1438		417087		3361
612		1438		417087		3361
613		1438		417087		3361
614		1438		417087		3361
615		1438		417087		3361
616		1438		417087		3361
617		1438		417087		3361
618		1438		417087		3361
619		1438		417087		3361
620		1438		417087		3361
621		1438		417087		3361
622		1438		417087		3361
623		1438		417087		3361
624		1438		417087		3361
625		1438		417087		3361
626		1438		417087		3361
627		1438		417087		3361
628		1438		417087		3361
629		1438		417087		3361
630		1438		417087		3361
631		1438		417087		3361
632		1438		417087		3361
633		1438		417087		3361
634		1438		417087		3361
635		1438		417087		3361
636		1438		417087		3361
637		1438		417087		3361
638		1438		417087		3361
639		1438		417087		3361
640		1438		417087		3361
641		1438		417087		3361
642		1438		417087		3361
643		1438		417087		3361
644		1438		417087		3361
645		1438		417087		3361
646		1438		417087		3361
647		1438		417087		3361
648		1438		417087		3361
649		1438		417087		3361
650		1438		417087		3361
651		1438		417087		3361
652		1438		417087		3361
653		1438		417087		3361
654		1438		417087		3361
655		1438		417087		3361
656		1438		417087		3361
657		1438		417087		3361
658		1438		417087		3361
659		1438		417087		3361
660		1438		417087		3361
661		1438		417087		3361
662		1438		417087		3361
663		1438		417087		3361
664		1438		417087		3361
665		1438		417087		3361
666		1438		417087		3361
667		1438		417087		3361
668		1438		417087		3361
669		1438		417087		3361
670		1438		417087		3361
671		1438		417087		3361
672		1438		417087		3361
673		1438		417087		3361
674		1438		417087		3361
675		1438		417087		3361
676		1438		417087		3361
677		1438		417087		3361
678		1438		417087		3361
679		1438		417087		3361
680		1438		417087		3361
681		1438		417087		3361
682		1438		417087		3361
683		1438		417087		3361
684		1438		417087		3361
685		1438		417087		3361
686		1438		417087		3361
687		1438		417087		3361
688		1438		417087		3361
689		1438		417087		3361
690		1438		417087		3361
691		1438		417087		3361
692		1438		417087		3361
693		1438		417087		3361
694		1438		417087		3361
695		1438		417087		3361
696		1438		417087		3361
697		1438		417087		3361
698		1438		417087		3361
699		1438		417087		3361
700		1438		417087		3361
701		1438		417087		3361
702		1438		417087		3361
703		1438		417087		3361
704		1438		417087		3361
705		1438		417087		3361
706		1438		417087		3361
707		1438		417087		3361
708		1438		417087		3361
709		1438		417087		3361
710		1438		417087		3361
711		1438		417087		3361
712		1438		417087		3361
713		1438		417087		3361
714		1438		417087		3361
715		1438		417087		3361
716		1438		417087		3361
717		1438		417087		3361
718		1438		417087		3361
719		1438		417087		3361
720		1438		417087		3361
721		1438		417087		3361
722		1438		417087		3361
723		1438		417087		3361
724		1438		417087		3361
725		1438		417087		3361
726		1438		417087		3361
727		1438		417087		3361
728		1438		417087		3361
729		1438		417087		3361
730		1438		417087		3361
731		1438		417087		3361
732		1438		417087		3361
733		1438		417087		3361
734		1438		417087		3361
735		1438		417087		3361
736		1438		417087		3361
737		1438		417087		3361
738		1438		417087		3361
739		1438		417087		3361
740		1438		417087		3361
741		1438		417087		3361
742		1438		417087		3361
743		1438		417087		3361
744		1438		417087		3361
745		1438		417087		3361
746		1438		417087		3361
747		1438		417087		3361
748		1438		417087		3361
749		1438		417087		3361
750		1438		417087		3361
751		1438		417087		3361
752		1438		417087		3361
753		1438		417087		3361
754		1438		417087		3361
755		1438		417087		3361
756		1438		417087		3361
757		1438		417087		3361
758		1438		417087		3361
759		1438		417087		3361
760		1438		417087		3361
761		1438		417087		3361
762		1438		417087		3361
763		1438		417087		3361
764		1438		417087		3361
765		1438		417087		3361
766		1438		417087		3361
767		1438		417087		3361
768		1438		417087		3361
769		1438		417087		3361
770		1438		417087		3361
771		1438		417087		3361
772		1438		417087		3361
773		1438		417087		3361
774		1438		417087		3361
775		1438		417087		3361
776		1438		417087		3361
777		1438		417087		3361
778		1438		417087		3361
779		1438		417087		3361
780		1438		417087		3361
781		1438		417087		3361
782		1438		417087		3361
783		1438		417087		3361
784		1438		417087		3361
785		1438		417087		3361
786		1438		417087		3361
787		1438		417087		3361
788		1438		417087		3361
789		1438		417087		3361
790		1438		417087		3361
791		1438		417087		3361
792		1438		417087		3361
793		1438		417087		3361
794		1438		417087		3361
795		1438		417087		3361
796		1438		417087		3361
797		1438		417087		3361
798		1438		417087		3361
799		1438		417087		3361
800		1438		417087		3361
801		1438		417087		3361
802		1438		417087		3361
803		1438		417087		3361
804		1438		417087		3361
805		1438		417087		3361
806		1438		417087		3361
807		1438		417087		3361
808		1438		417087		3361
809		1438		417087		3361
810		1438		417087		3361
811		1438		417087		3361
812		1438		417087		3361
813		1438		417087		3361
814		1438		417087		3361
815		1438		417087		3361
816		1438		417087		3361
817		1438		417087		3361
818		1438		417087		3361
819		1438		417087		3361
820		1438		417087		3361
821		1438		417087		3361
822		1438		417087		3361
823		1438		417087		3361
824		1438		417087		3361
825		1438		417087		3361
826		1438		417087		3361
827		1438		417087		3361
828		1438		417087		3361
829		1438		417087		3361
830		1438		417087		3361
831		1438		417087		3361
832		1438		417087		3361
833		1438		417087		3361
834		1438		417087		3361
835		1438		417087		3361
836		1438		417087		3361
837		1438		417087		3361
838		1438		417087		3361
839		1438		417087		3361
840		1438		417087		3361
841		1438		417087		3361
842		1438		417087		3361
843		1438		417087		3361
844		1438		417087		3361
845		1438		417087		3361
846		1438		417087		3361
847		1438		417087		3361
848		1438		417087		3361
849		1438		417087		3361
850		1438		417087		3361
851		1438		417087		3361
852		1438		417087		3361
853		1438		417087		3361
854		1438		417087		3361
855		1438		417087		3361
856		1438		417087		3361
857		1438		417087		3361
858		1438		417087		3361
859		1438		417087		3361
860		1438		417087		3361
861		1438		417087		3361
862		1438		417087		3361
863		1438		417087		3361
864		1438		417087		3361
865		1438		417087		3361
866		1438		417087		3361
867		1438		417087		3361
868		1438		417087		3361
869		1438		417087		3361
870		1438		417087		3361
871		1438		417087		3361
872		1438		417087		3361
873		1438		417087		3361
874		1438		417087		3361
875		1438		417087		3361
876		1438		417087		3361
877		1438		417087		3361
878		1438		417087		3361
879		1438		417087		3361
880		1438		417087		3361
881		1438		417087		3361
882		1438		417087		3361
883		1438		417087		3361
884		1438		417087		3361
885		1438		417087		3361
886		1438		417087		3361
887		1438		417087		3361
888		1438		417087		3361
889		1438		417087		3361
890		1438		417087		3361
891		1438		417087		3361
892		1438		417087		3361
893		1438		417087		3361
894		1438		417087		3361
895		1438		417087		3361
896		1438		417087		3361
897		1438		417087		3361
898		1438		417087		3361
899		1438		417087		3361
900		1438		417087		3361
901		1438		417087		3361
902		1438		417087		3361
903		1438		417087		3361
904		1438		417087		3361
905		1438		417087		3361
906		1438		417087		3361
907		1438		417087		3361
908		1438		417087		3361
909		1438		417087		3361
910		1438		417087		3361
911		1438		417087		3361
912		1438		417087		3361
913		1438		417087		3361
914		1438		417087		3361
915		1438		417087		3361
916		1438		417087		3361
917		1438		417087		3361
918		1438		417087		3361
919		1438		417087		3361
920		1438		417087		3361
921		1438		417087		3361
922		1438		417087		3361
923		1438		417087		3361
924		1438		417087		3361
925		1438		417087		3361
926		1438		417087		3361
927		1438		417087		3361
928		1438		417087		3361
929		1438		417087		3361
930		1438		417087		3361
931		1438		417087		3361
932		1438		417087		3361
933		1438		417087		3361
934		1438		417087		3361
935		1438		417087		3361
936		1438		417087		3361
937		1438		417087		3361
938		1438		417087		3361
939		1438		417087		3361
940		1438		417087		3361
941		1438		417087		3361
942		1438		417087		3361
943		1438		417087		3361
944		1438		417087		3361
945		1438		417087		3361
946		1438		417087		3361
947		1438		417087		3361
948		1438		417087		3361
949		1438		417087		3361
950		1438		417087		3361
951		1438		417087		3361
952		1438		417087		3361
953		1438		417087		3361
954		1438		417087		3361
955		1438		417087		3361
956		1438		417087		3361
957		1438		417087		3361
958		1438		417087		3361
959		1438		417087		3361
960		1438		417087		3361
961		1438		417087		3361
962		1438		417087		3361
963		1438		417087		3361
964		1438		417087		3361
965		1438		417087		3361
966		1438		417087		3361
967		1438		417087		3361
968		1438		417087		3361
969		1438		417087		3361
970		1438		417087		3361
971		1438		417087		3361
972		1438		417087		3361
973		1438		417087		3361
974		1438		417087		3361
975		1438		417087		3361
976		1438		417087		3361
977		1438		417087		3361
978		1438		417087		3361
979		1438		417087		3361
980		1438		417087		3361
981		1438		417087		3361
982		1438		417087		3361
983		1438		417087		3361
984		1438		417087		3361
985		1438		417087		3361
986		1438		417087		3361
987		1438		417087		3361
988		1438		417087		3361
989		1438		417087		3361
990		1438		417087		3361
991		1438		417087		3361
992		1438		417087		3361
993		1438		417087		3361
994		1438		417087		3361
995		1438		417087		3361
996		1438		417087		3361
997		1438		417087		3361
998		1438		417087		3361
999		1438		417087		3361
