# Migration is number of nodes that have changed color.

Round		Edge-Cut		Swaps		Migrations		Skipped
0		10110		4649		3195
1		9826		9256		3328
2		9773		13828		3366
3		9682		18401		3351
4		9630		22980		3428
5		9732		27552		3414
6		9559		32131		3456
7		9506		36681		3459
8		9560		41234		3471
9		9444		45771		3530
10		9301		50298		3492
11		9310		54816		3462
12		9295		59325		3455
13		9267		63855		3504
14		9220		68387		3487
15		9112		72885		3516
16		9071		77368		3498
17		9072		81866		3454
18		9092		86332		3512
19		8999		90797		3447
20		8916		95248		3465
21		8823		99677		3499
22		8799		104091		3561
23		8728		108574		3489
24		8794		113005		3529
25		8670		117417		3527
26		8681		121838		3542
27		8686		126296		3478
28		8658		130740		3490
29		8637		135147		3527
30		8623		139608		3528
31		8628		144040		3529
32		8565		148454		3491
33		8482		152897		3508
34		8478		157326		3547
35		8434		161754		3546
36		8457		166169		3537
37		8393		170586		3545
38		8397		175018		3525
39		8365		179443		3540
40		8289		183848		3552
41		8211		188242		3505
42		8174		192602		3559
43		8163		196977		3527
44		8167		201313		3528
45		8124		205682		3533
46		8114		210061		3535
47		8129		214429		3552
48		8078		218815		3517
49		8098		223207		3491
50		8029		227613		3547
51		7977		232003		3570
52		7998		236392		3526
53		8040		240783		3546
54		7955		245219		3516
55		7977		249624		3519
56		7835		253992		3494
57		7883		258399		3515
58		7876		262805		3532
59		7902		267220		3509
60		7853		271656		3505
61		7846		276061		3484
62		7780		280459		3507
63		7762		284869		3511
64		7861		289277		3477
65		7843		293698		3491
66		7821		298142		3530
67		7670		302565		3525
68		7641		306988		3513
69		7649		311412		3537
70		7571		315803		3472
71		7658		320210		3491
72		7520		324652		3510
73		7576		329071		3522
74		7524		333479		3483
75		7593		337865		3488
76		7577		342289		3520
77		7543		346701		3499
78		7508		351140		3523
79		7439		355559		3506
80		7356		359970		3527
81		7371		364332		3555
82		7359		368769		3471
83		7356		373195		3554
84		7296		377578		3479
85		7298		382005		3479
86		7214		386385		3524
87		7261		390791		3490
88		7254		395251		3547
89		7202		399673		3502
90		7212		404112		3514
91		7079		408536		3514
92		7183		412975		3496
93		7090		417394		3484
94		7036		421816		3498
95		7112		426265		3461
96		7078		430718		3416
97		7072		435147		3513
98		7049		439584		3479
99		7009		444021		3485
100		7049		448446		3501
101		6942		452872		3483
102		6962		457298		3475
103		6859		461733		3498
104		6908		466143		3482
105		6873		470560		3506
106		6866		474967		3505
107		6847		479394		3481
108		6836		483829		3490
109		6793		488248		3454
110		6773		492700		3465
111		6835		497142		3488
112		6777		501600		3514
113		6758		506029		3500
114		6717		510491		3499
115		6747		514937		3525
116		6800		519392		3563
117		6788		523886		3525
118		6717		528333		3523
119		6741		532796		3508
120		6667		537246		3522
121		6667		541699		3495
122		6660		546139		3502
123		6717		550591		3519
124		6696		555054		3487
125		6633		559509		3459
126		6606		563945		3482
127		6665		568408		3517
128		6556		572855		3526
129		6506		577313		3545
130		6568		581757		3489
131		6424		586202		3500
132		6548		590655		3525
133		6556		595132		3525
134		6450		599577		3511
135		6483		604005		3519
136		6408		608480		3548
137		6510		612947		3550
138		6469		617414		3519
139		6454		621841		3562
140		6368		626289		3501
141		6331		630707		3484
142		6308		635159		3512
143		6323		639629		3467
144		6333		644093		3550
145		6357		648573		3514
146		6250		653051		3489
147		6279		657511		3507
148		6301		661936		3486
149		6264		666426		3529
150		6314		670859		3536
151		6307		675311		3532
152		6234		679754		3533
153		6170		684200		3532
154		6147		688662		3506
155		6176		693113		3522
156		6079		697568		3541
157		6006		702039		3528
158		5975		706499		3539
159		5950		710982		3508
160		5879		715417		3489
161		5884		719880		3528
162		5998		724337		3527
163		5921		728773		3506
164		5928		733239		3512
165		6043		737679		3519
166		5956		742129		3560
167		5909		746598		3586
168		5883		751038		3538
169		5822		755482		3507
170		5817		759945		3528
171		5792		764394		3533
172		5834		768850		3513
173		5781		773301		3508
174		5821		777788		3502
175		5875		782295		3483
176		5814		786751		3531
177		5793		791216		3512
178		5718		795687		3518
179		5745		800175		3483
180		5694		804617		3548
181		5709		809076		3526
182		5707		813542		3510
183		5685		818020		3534
184		5643		822515		3468
185		5714		826992		3480
186		5657		831492		3522
187		5635		835962		3530
188		5590		840425		3543
189		5540		844876		3491
190		5542		849337		3496
191		5590		853791		3520
192		5480		858253		3525
193		5413		862690		3562
194		5469		867145		3502
195		5477		871621		3520
196		5445		876120		3498
197		5487		880585		3475
198		5460		885053		3503
199		5494		889529		3508
200		5474		894024		3513
201		5499		898534		3503
202		5525		903047		3497
203		5534		907507		3496
204		5529		912015		3501
205		5576		916522		3510
206		5552		921009		3530
207		5595		925475		3492
208		5516		929958		3499
209		5442		934452		3488
210		5475		938948		3486
211		5488		943438		3481
212		5480		947924		3533
213		5499		952443		3527
214		5417		956920		3516
215		5358		961407		3480
216		5433		965880		3530
217		5394		970373		3521
218		5415		974865		3533
219		5481		979378		3511
220		5434		983849		3516
221		5501		988351		3529
222		5399		992856		3514
223		5418		997325		3515
224		5406		1001817		3558
225		5427		1006325		3520
226		5373		1010836		3531
227		5388		1015346		3517
228		5405		1019851		3535
229		5457		1024365		3538
230		5454		1028864		3476
231		5375		1033362		3512
232		5342		1037872		3504
233		5366		1042345		3538
234		5417		1046840		3529
235		5451		1051342		3488
236		5346		1055827		3525
237		5330		1060291		3487
238		5353		1064796		3523
239		5381		1069320		3538
240		5404		1073825		3494
241		5447		1078348		3485
242		5488		1082884		3512
243		5483		1087403		3481
244		5433		1091896		3512
245		5421		1096382		3493
246		5407		1100853		3499
247		5428		1105326		3509
248		5494		1109840		3487
249		5510		1114331		3487
250		5468		1118838		3501
251		5465		1123340		3519
252		5389		1127905		3503
253		5432		1132417		3493
254		5386		1136933		3501
255		5437		1141434		3494
256		5440		1145937		3490
257		5401		1150446		3505
258		5412		1154944		3521
259		5374		1159443		3465
260		5412		1163957		3488
261		5337		1168464		3500
262		5380		1172983		3510
263		5365		1177469		3466
264		5377		1181985		3485
265		5378		1186492		3545
266		5363		1191031		3494
267		5448		1195555		3539
268		5436		1200060		3537
269		5428		1204578		3477
270		5392		1209081		3494
271		5406		1213594		3486
272		5473		1218106		3485
273		5464		1222624		3454
274		5390		1227130		3497
275		5327		1231629		3514
276		5233		1236152		3527
277		5211		1240665		3502
278		5195		1245161		3492
279		5232		1249676		3486
280		5256		1254219		3492
281		5182		1258744		3506
282		5182		1263252		3506
283		5214		1267756		3537
284		5232		1272285		3493
285		5278		1276797		3521
286		5250		1281313		3491
287		5236		1285819		3523
288		5180		1290343		3489
289		5163		1294840		3494
290		5199		1299325		3498
291		5166		1303856		3499
292		5107		1308373		3501
293		5129		1312900		3511
294		5173		1317420		3503
295		5168		1321950		3458
296		5057		1326482		3461
297		5028		1330991		3479
298		5070		1335502		3474
299		5075		1340018		3505
300		5100		1344527		3510
301		5007		1349033		3533
302		5041		1353563		3492
303		5002		1358084		3484
304		5035		1362633		3513
305		4998		1367158		3495
306		5012		1371683		3475
307		4909		1376196		3485
308		4878		1380735		3435
309		4846		1385245		3490
310		4882		1389736		3495
311		4865		1394231		3507
312		4930		1398755		3498
313		4920		1403293		3484
314		4912		1407833		3531
315		4836		1412342		3477
316		4828		1416865		3524
317		4886		1421397		3503
318		4845		1425921		3493
319		4813		1430436		3496
320		4838		1434938		3478
321		4815		1439447		3482
322		4788		1443973		3491
323		4794		1448501		3480
324		4769		1453029		3499
325		4805		1457549		3499
326		4764		1462104		3512
327		4775		1466642		3469
328		4737		1471188		3525
329		4729		1475709		3486
330		4732		1480241		3486
331		4748		1484779		3525
332		4707		1489293		3481
333		4743		1493841		3507
334		4759		1498359		3519
335		4750		1502875		3446
336		4789		1507413		3503
337		4835		1511948		3523
338		4779		1516502		3504
339		4809		1521053		3530
340		4849		1525583		3525
341		4798		1530102		3526
342		4814		1534658		3556
343		4825		1539211		3525
344		4786		1543758		3511
345		4754		1548299		3501
346		4724		1552840		3508
347		4823		1557416		3524
348		4761		1561969		3511
349		4744		1566520		3509
350		4752		1571071		3496
351		4702		1575624		3496
352		4693		1580160		3499
353		4656		1584703		3478
354		4607		1589223		3496
355		4635		1593754		3493
356		4680		1598303		3489
357		4649		1602839		3500
358		4605		1607354		3492
359		4611		1611886		3499
360		4668		1616428		3480
361		4695		1620997		3492
362		4697		1625540		3503
363		4662		1630077		3498
364		4639		1634607		3467
365		4698		1639125		3467
366		4714		1643659		3511
367		4726		1648185		3502
368		4707		1652718		3497
369		4748		1657245		3485
370		4726		1661804		3496
371		4720		1666351		3474
372		4646		1670882		3466
373		4626		1675431		3502
374		4597		1679963		3488
375		4614		1684486		3479
376		4632		1689015		3483
377		4585		1693569		3475
378		4589		1698116		3486
379		4462		1702658		3456
380		4499		1707172		3463
381		4502		1711709		3469
382		4536		1716235		3509
383		4524		1720757		3499
384		4463		1725296		3510
385		4468		1729817		3499
386		4456		1734376		3498
387		4440		1738901		3479
388		4491		1743425		3487
389		4485		1747937		3464
390		4448		1752479		3490
391		4468		1757037		3491
392		4541		1761574		3483
393		4520		1766105		3498
394		4542		1770628		3493
395		4491		1775155		3483
396		4543		1779705		3480
397		4524		1784236		3505
398		4611		1788785		3492
399		4606		1793335		3531
400		4567		1797858		3510
401		4604		1802397		3494
402		4670		1806933		3501
403		4611		1811499		3481
404		4585		1816055		3505
405		4651		1820606		3512
406		4687		1825176		3523
407		4681		1829746		3472
408		4688		1834301		3465
409		4608		1838841		3494
410		4654		1843372		3483
411		4632		1847911		3512
412		4653		1852440		3495
413		4675		1856970		3523
414		4640		1861541		3507
415		4603		1866085		3527
416		4620		1870634		3500
417		4618		1875223		3529
418		4599		1879775		3498
419		4633		1884314		3526
420		4533		1888868		3529
421		4523		1893414		3504
422		4487		1897972		3509
423		4543		1902524		3490
424		4559		1907079		3507
425		4595		1911620		3530
426		4648		1916170		3515
427		4657		1920691		3526
428		4682		1925257		3514
429		4652		1929808		3490
430		4634		1934344		3509
431		4698		1938916		3505
432		4695		1943491		3572
433		4695		1948041		3548
434		4657		1952617		3520
435		4689		1957192		3487
436		4662		1961749		3502
437		4670		1966298		3525
438		4662		1970850		3535
439		4676		1975421		3522
440		4675		1979977		3514
441		4674		1984547		3500
442		4676		1989108		3496
443		4704		1993658		3498
444		4734		1998225		3464
445		4683		2002765		3500
446		4599		2007312		3493
447		4661		2011850		3492
448		4660		2016400		3504
449		4648		2020957		3509
450		4672		2025508		3522
451		4619		2030058		3488
452		4641		2034611		3509
453		4562		2039168		3507
454		4606		2043713		3519
455		4592		2048280		3492
456		4573		2052828		3518
457		4643		2057391		3518
458		4678		2061962		3529
459		4652		2066533		3509
460		4603		2071108		3480
461		4584		2075676		3495
462		4638		2080212		3497
463		4670		2084746		3500
464		4678		2089289		3485
465		4669		2093838		3491
466		4657		2098402		3504
467		4643		2102965		3490
468		4597		2107524		3526
469		4599		2112071		3537
470		4560		2116621		3507
471		4575		2121160		3496
472		4559		2125705		3473
473		4583		2130251		3499
474		4647		2134798		3489
475		4559		2139330		3492
476		4633		2143898		3510
477		4624		2148460		3484
478		4578		2152992		3481
479		4616		2157532		3516
480		4616		2162088		3494
481		4573		2166626		3518
482		4495		2171163		3511
483		4436		2175695		3520
484		4478		2180229		3542
485		4526		2184788		3507
486		4460		2189348		3525
487		4458		2193889		3532
488		4461		2198415		3525
489		4449		2202961		3494
490		4446		2207515		3484
491		4450		2212068		3470
492		4432		2216611		3519
493		4473		2221168		3519
494		4460		2225713		3481
495		4471		2230230		3519
496		4468		2234779		3521
497		4473		2239309		3549
498		4492		2243865		3500
499		4439		2248428		3518
500		4449		2252966		3534
501		4430		2257507		3511
502		4532		2262060		3524
503		4457		2266607		3549
504		4444		2271156		3529
505		4470		2275702		3526
506		4449		2280280		3491
507		4452		2284839		3522
508		4448		2289414		3541
509		4435		2293958		3488
510		4347		2298515		3478
511		4363		2303062		3483
512		4350		2307640		3509
513		4334		2312204		3519
514		4340		2316756		3503
515		4344		2321304		3500
516		4365		2325861		3520
517		4370		2330421		3503
518		4384		2335003		3484
519		4365		2339561		3488
520		4313		2344135		3545
521		4304		2348715		3499
522		4330		2353278		3525
523		4357		2357834		3504
524		4330		2362391		3485
525		4415		2366932		3529
526		4398		2371492		3524
527		4387		2376065		3507
528		4319		2380603		3539
529		4354		2385164		3491
530		4330		2389714		3479
531		4305		2394258		3484
532		4291		2398804		3486
533		4304		2403341		3522
534		4294		2407899		3528
535		4302		2412467		3499
536		4285		2417018		3496
537		4340		2421586		3503
538		4347		2426154		3525
539		4321		2430696		3506
540		4315		2435253		3519
541		4291		2439818		3494
542		4338		2444385		3512
543		4332		2448956		3511
544		4375		2453534		3497
545		4391		2458077		3503
546		4323		2462645		3516
547		4325		2467220		3514
548		4364		2471757		3484
549		4423		2476308		3508
550		4389		2480870		3525
551		4373		2485423		3475
552		4260		2489961		3447
553		4280		2494518		3520
554		4304		2499078		3466
555		4272		2503640		3473
556		4328		2508174		3490
557		4316		2512721		3497
558		4288		2517292		3475
559		4327		2521845		3519
560		4373		2526438		3515
561		4298		2530991		3521
562		4346		2535548		3521
563		4383		2540103		3515
564		4352		2544674		3501
565		4322		2549219		3460
566		4368		2553763		3490
567		4354		2558309		3494
568		4323		2562850		3516
569		4288		2567403		3507
570		4243		2571951		3522
571		4227		2576489		3524
572		4265		2581019		3488
573		4244		2585565		3513
574		4232		2590106		3480
575		4290		2594642		3520
576		4280		2599197		3508
577		4247		2603758		3545
578		4200		2608314		3502
579		4216		2612865		3545
580		4256		2617439		3516
581		4302		2622004		3509
582		4284		2626554		3490
583		4271		2631090		3499
584		4276		2635640		3492
585		4286		2640168		3498
586		4279		2644743		3510
587		4283		2649298		3499
588		4278		2653867		3503
589		4200		2658431		3499
590		4218		2662988		3527
591		4201		2667537		3502
592		4168		2672090		3511
593		4238		2676641		3562
594		4207		2681219		3486
595		4220		2685772		3516
596		4169		2690339		3521
597		4151		2694908		3501
598		4053		2699479		3493
599		4107		2704049		3491
600		4075		2708624		3525
601		4070		2713195		3533
602		4096		2717761		3522
603		4056		2722325		3543
604		4098		2726876		3493
605		4064		2731420		3492
606		4062		2735983		3510
607		4119		2740527		3546
608		4041		2745086		3509
609		4042		2749643		3537
610		4057		2754190		3535
611		4034		2758763		3518
612		4050		2763335		3517
613		3983		2767906		3532
614		3988		2772471		3493
615		4024		2777041		3529
616		4023		2781599		3507
617		4026		2786164		3486
618		3998		2790742		3528
619		4015		2795296		3472
620		3955		2799841		3515
621		4003		2804407		3518
622		4017		2808974		3510
623		4018		2813535		3494
624		4035		2818107		3463
625		4016		2822670		3509
626		3975		2827231		3529
627		4041		2831805		3504
628		4014		2836376		3500
629		4082		2840966		3528
630		4046		2845542		3497
631		4044		2850121		3477
632		4004		2854704		3463
633		3955		2859275		3490
634		3963		2863847		3490
635		3944		2868421		3524
636		3879		2872970		3475
637		3883		2877528		3511
638		3869		2882094		3524
639		3886		2886645		3499
640		3869		2891224		3486
641		3936		2895806		3515
642		3909		2900374		3500
643		3916		2904954		3474
644		3897		2909538		3510
645		3911		2914099		3516
646		3985		2918677		3492
647		4005		2923265		3490
648		4025		2927850		3517
649		4051		2932438		3508
650		3958		2937022		3480
651		3940		2941599		3522
652		3953		2946161		3516
653		4004		2950762		3497
654		4007		2955324		3509
655		4026		2959901		3535
656		4016		2964473		3536
657		3974		2969051		3523
658		3978		2973635		3471
659		4016		2978220		3493
660		3924		2982782		3520
661		3871		2987351		3503
662		3921		2991926		3519
663		3920		2996489		3516
664		3897		3001065		3497
665		3929		3005666		3518
666		3949		3010235		3490
667		3878		3014813		3538
668		3854		3019381		3499
669		3882		3023939		3505
670		3820		3028502		3480
671		3855		3033085		3503
672		3813		3037671		3494
673		3837		3042213		3494
674		3894		3046780		3517
675		3847		3051364		3524
676		3846		3055922		3509
677		3924		3060493		3511
678		3959		3065093		3537
679		3940		3069665		3506
680		3968		3074243		3553
681		3963		3078822		3543
682		3945		3083392		3562
683		3999		3087981		3489
684		3941		3092560		3508
685		3871		3097143		3520
686		3857		3101703		3530
687		3860		3106281		3536
688		3847		3110863		3531
689		3948		3115444		3520
690		3897		3120036		3512
691		3896		3124605		3501
692		3902		3129175		3522
693		3893		3133765		3486
694		3877		3138357		3524
695		3894		3142937		3480
696		3839		3147507		3502
697		3874		3152084		3491
698		3892		3156651		3532
699		3880		3161245		3510
700		3967		3165834		3482
701		3945		3170427		3504
702		3913		3175003		3517
703		3895		3179601		3531
704		3851		3184183		3524
705		3884		3188762		3498
706		3906		3193351		3502
707		3896		3197941		3512
708		3838		3202531		3509
709		3879		3207122		3514
710		3845		3211721		3519
711		3842		3216308		3524
712		3827		3220901		3510
713		3827		3225490		3533
714		3849		3230073		3522
715		3785		3234664		3500
716		3805		3239275		3494
717		3776		3243854		3471
718		3771		3248450		3500
719		3789		3253027		3484
720		3767		3257598		3491
721		3784		3262205		3485
722		3759		3266792		3518
723		3716		3271390		3516
724		3718		3275970		3533
725		3727		3280554		3501
726		3702		3285129		3531
727		3746		3289706		3522
728		3749		3294266		3510
729		3779		3298859		3512
730		3754		3303448		3523
731		3802		3308036		3500
732		3725		3312639		3519
733		3695		3317220		3502
734		3699		3321811		3510
735		3727		3326422		3503
736		3661		3330999		3481
737		3625		3335576		3494
738		3647		3340163		3519
739		3676		3344736		3498
740		3673		3349319		3466
741		3649		3353926		3535
742		3715		3358505		3499
743		3723		3363073		3484
744		3741		3367660		3487
745		3708		3372251		3475
746		3724		3376832		3481
747		3742		3381418		3526
748		3712		3386016		3524
749		3708		3390616		3521
750		3698		3395207		3502
751		3740		3399790		3512
752		3640		3404372		3525
753		3637		3408968		3511
754		3587		3413562		3510
755		3639		3418132		3534
756		3592		3422737		3533
757		3603		3427325		3506
758		3637		3431900		3544
759		3689		3436491		3532
760		3685		3441085		3501
761		3650		3445678		3549
762		3657		3450285		3515
763		3643		3454874		3502
764		3637		3459468		3507
765		3640		3464059		3516
766		3627		3468640		3505
767		3635		3473211		3489
768		3592		3477805		3506
769		3672		3482419		3507
770		3623		3487024		3536
771		3652		3491639		3548
772		3643		3496234		3487
773		3573		3500836		3542
774		3537		3505433		3544
775		3548		3510033		3553
776		3575		3514621		3510
777		3586		3519235		3507
778		3593		3523832		3506
779		3662		3528455		3538
780		3620		3533060		3522
781		3624		3537658		3534
782		3606		3542244		3521
783		3553		3546821		3556
784		3587		3551413		3513
785		3553		3555997		3548
786		3549		3560591		3534
787		3508		3565160		3531
788		3524		3569756		3508
789		3512		3574348		3509
790		3555		3578952		3501
791		3539		3583543		3521
792		3545		3588165		3553
793		3580		3592765		3512
794		3583		3597356		3515
795		3585		3601950		3496
796		3581		3606522		3510
797		3605		3611118		3537
798		3530		3615742		3543
799		3572		3620334		3509
800		3537		3624917		3508
801		3572		3629518		3537
802		3591		3634105		3513
803		3569		3638675		3496
804		3563		3643277		3494
805		3529		3647868		3493
806		3560		3652465		3489
807		3555		3657056		3512
808		3537		3661669		3523
809		3588		3666252		3541
810		3546		3670832		3528
811		3551		3675446		3523
812		3580		3680035		3518
813		3551		3684631		3501
814		3589		3689234		3480
815		3636		3693824		3487
816		3536		3698425		3504
817		3522		3703021		3490
818		3504		3707622		3515
819		3534		3712212		3524
820		3489		3716808		3497
821		3524		3721412		3519
822		3527		3726009		3515
823		3563		3730619		3508
824		3521		3735215		3533
825		3507		3739804		3527
826		3505		3744393		3501
827		3544		3748994		3516
828		3559		3753580		3516
829		3545		3758172		3516
830		3539		3762786		3487
831		3544		3767390		3508
832		3617		3772010		3502
833		3515		3776613		3543
834		3510		3781212		3490
835		3516		3785785		3518
836		3540		3790376		3537
837		3527		3794995		3513
838		3511		3799601		3526
839		3450		3804191		3493
840		3474		3808780		3502
841		3448		3813390		3516
842		3448		3817993		3542
843		3425		3822610		3539
844		3436		3827217		3516
845		3457		3831808		3527
846		3434		3836403		3493
847		3405		3841013		3504
848		3413		3845612		3540
849		3353		3850204		3547
850		3375		3854807		3529
851		3388		3859404		3546
852		3381		3864009		3507
853		3354		3868597		3513
854		3405		3873182		3519
855		3389		3877779		3499
856		3436		3882375		3490
857		3417		3886937		3508
858		3426		3891531		3487
859		3417		3896102		3497
860		3398		3900680		3531
861		3405		3905284		3558
862		3438		3909881		3549
863		3419		3914472		3510
864		3453		3919067		3523
865		3450		3923677		3502
866		3396		3928293		3509
867		3410		3932888		3499
868		3404		3937493		3554
869		3443		3942075		3544
870		3446		3946684		3525
871		3446		3951269		3523
872		3478		3955868		3528
873		3407		3960468		3504
874		3410		3965064		3526
875		3465		3969661		3493
876		3399		3974243		3513
877		3435		3978834		3543
878		3378		3983426		3540
879		3376		3988023		3507
880		3395		3992613		3525
881		3395		3997181		3525
882		3401		4001773		3548
883		3360		4006376		3531
884		3350		4010960		3539
885		3371		4015548		3519
886		3413		4020164		3520
887		3429		4024737		3523
888		3423		4029344		3490
889		3444		4033957		3478
890		3385		4038561		3540
891		3461		4043166		3508
892		3375		4047758		3514
893		3342		4052353		3547
894		3336		4056929		3525
895		3376		4061540		3517
896		3335		4066141		3525
897		3371		4070728		3536
898		3405		4075319		3560
899		3388		4079923		3524
900		3403		4084530		3563
901		3459		4089130		3543
902		3482		4093738		3528
903		3504		4098353		3539
904		3479		4102942		3526
905		3501		4107539		3538
906		3463		4112165		3531
907		3420		4116763		3557
908		3409		4121362		3532
909		3441		4125939		3516
910		3460		4130541		3535
911		3476		4135137		3498
912		3445		4139716		3536
913		3402		4144304		3524
914		3451		4148901		3517
915		3508		4153515		3535
916		3474		4158125		3520
917		3533		4162725		3529
918		3534		4167328		3509
919		3556		4171909		3526
920		3574		4176512		3552
921		3595		4181123		3537
922		3597		4185723		3511
923		3565		4190329		3552
924		3554		4194922		3514
925		3580		4199522		3520
926		3486		4204114		3507
927		3554		4208701		3515
928		3484		4213300		3520
929		3457		4217890		3532
930		3474		4222493		3506
931		3473		4227078		3521
932		3461		4231677		3553
933		3497		4236265		3527
934		3484		4240851		3541
935		3518		4245425		3519
936		3536		4250011		3516
937		3585		4254627		3529
938		3584		4259224		3537
939		3538		4263838		3533
940		3484		4268449		3548
941		3448		4273036		3517
942		3465		4277634		3532
943		3439		4282225		3536
944		3465		4286806		3479
945		3470		4291399		3513
946		3472		4296007		3533
947		3448		4300601		3505
948		3470		4305194		3509
949		3457		4309776		3482
950		3460		4314378		3505
951		3484		4318946		3524
952		3481		4323531		3495
953		3475		4328111		3470
954		3462		4332722		3541
955		3449		4337304		3505
956		3445		4341902		3531
957		3433		4346489		3503
958		3431		4351033		3530
959		3416		4355610		3506
960		3423		4360197		3536
961		3400		4364789		3520
962		3348		4369397		3518
963		3335		4373986		3537
964		3323		4378546		3513
965		3398		4383148		3526
966		3367		4387749		3541
967		3358		4392341		3534
968		3401		4396940		3540
969		3396		4401532		3524
970		3350		4406112		3512
971		3385		4410705		3506
972		3390		4415313		3531
973		3365		4419913		3504
974		3368		4424532		3513
975		3419		4429125		3530
976		3440		4433726		3500
977		3393		4438313		3510
978		3410		4442907		3524
979		3454		4447495		3536
980		3429		4452088		3539
981		3446		4456671		3516
982		3416		4461289		3537
983		3466		4465892		3509
984		3436		4470469		3515
985		3431		4475057		3505
986		3431		4479641		3508
987		3423		4484236		3522
988		3445		4488839		3499
989		3461		4493430		3527
990		3508		4498026		3492
991		3505		4502610		3515
992		3490		4507199		3500
993		3505		4511796		3509
994		3531		4516398		3538
995		3448		4520983		3530
996		3486		4525570		3516
997		3466		4530156		3478
998		3481		4534754		3522
999		3460		4539364		3487
