# Migration is number of nodes that have changed color.

Round		Edge-Cut		Swaps		Migrations		Skipped
0		10107		4650		3243
1		9947		9263		3275
2		9846		13879		3296
3		9786		18456		3372
4		9822		23048		3432
5		9691		27650		3455
6		9605		32218		3366
7		9572		36774		3423
8		9486		41322		3505
9		9392		45857		3485
10		9357		50402		3424
11		9175		54917		3459
12		9154		59417		3468
13		9134		63943		3557
14		9191		68447		3586
15		9100		72959		3487
16		9073		77486		3481
17		9173		82025		3509
18		9117		86557		3519
19		9110		91064		3528
20		9089		95574		3489
21		9007		100068		3506
22		8997		104559		3533
23		8925		109045		3495
24		8861		113522		3516
25		8845		117987		3539
26		8721		122463		3554
27		8686		126912		3514
28		8677		131388		3518
29		8583		135848		3467
30		8545		140260		3556
31		8477		144710		3492
32		8513		149131		3490
33		8518		153550		3459
34		8477		158004		3519
35		8514		162415		3460
36		8449		166831		3516
37		8410		171271		3517
38		8430		175704		3483
39		8360		180143		3522
40		8400		184568		3483
41		8484		189028		3523
42		8433		193473		3553
43		8323		197915		3533
44		8304		202315		3511
45		8214		206688		3517
46		8171		211069		3561
47		8212		215444		3574
48		8279		219859		3546
49		8299		224311		3509
50		8238		228708		3524
51		8237		233129		3516
52		8172		237542		3530
53		8125		241946		3516
54		8104		246352		3491
55		8045		250737		3520
56		7987		255128		3538
57		8011		259532		3521
58		7911		263960		3484
59		7893		268354		3525
60		7854		272749		3498
61		7793		277161		3527
62		7792		281529		3544
63		7706		285923		3539
64		7722		290310		3558
65		7733		294727		3490
66		7671		299124		3524
67		7652		303522		3516
68		7570		307944		3498
69		7587		312330		3442
70		7509		316724		3491
71		7457		321138		3475
72		7478		325558		3489
73		7399		329972		3516
74		7465		334386		3540
75		7507		338829		3536
76		7484		343273		3514
77		7538		347683		3568
78		7462		352095		3462
79		7432		356519		3488
80		7412		360904		3523
81		7379		365329		3481
82		7375		369776		3471
83		7328		374197		3483
84		7219		378576		3490
85		7156		382985		3508
86		7122		387368		3493
87		7048		391777		3488
88		7086		396166		3483
89		7065		400574		3479
90		7132		404976		3468
91		7130		409396		3494
92		7093		413789		3509
93		7103		418193		3509
94		7118		422600		3499
95		7084		427048		3491
96		7013		431456		3504
97		7042		435881		3475
98		7113		440323		3516
99		7125		444763		3497
100		7161		449203		3514
101		7106		453626		3539
102		7073		458064		3477
103		6967		462494		3521
104		6963		466900		3470
105		7072		471340		3445
106		7034		475775		3501
107		7067		480217		3488
108		7045		484680		3461
109		6965		489149		3493
110		6954		493607		3510
111		6989		498032		3537
112		7074		502506		3493
113		6955		506983		3527
114		6842		511443		3549
115		6866		515863		3504
116		6874		520316		3484
117		6833		524752		3507
118		6791		529200		3539
119		6733		533650		3506
120		6839		538096		3518
121		6751		542534		3549
122		6696		546958		3524
123		6700		551405		3534
124		6693		555808		3550
125		6709		560265		3522
126		6638		564699		3509
127		6646		569129		3491
128		6667		573595		3524
129		6573		578015		3541
130		6510		582458		3501
131		6501		586878		3537
132		6539		591312		3547
133		6565		595758		3486
134		6577		600211		3553
135		6505		604688		3520
136		6517		609167		3512
137		6498		613636		3491
138		6461		618061		3519
139		6365		622509		3541
140		6361		626961		3517
141		6420		631425		3513
142		6384		635893		3533
143		6409		640336		3578
144		6370		644802		3531
145		6342		649256		3506
146		6350		653734		3542
147		6245		658192		3504
148		6278		662647		3528
149		6244		667090		3573
150		6353		671544		3539
151		6378		676002		3483
152		6399		680463		3468
153		6366		684959		3526
154		6336		689438		3523
155		6307		693890		3529
156		6285		698368		3507
157		6256		702820		3468
158		6292		707273		3476
159		6276		711739		3499
160		6249		716199		3526
161		6258		720673		3509
162		6200		725166		3512
163		6196		729630		3528
164		6191		734105		3487
165		6195		738545		3459
166		6209		742999		3477
167		6148		747466		3478
168		6181		751947		3485
169		6164		756407		3498
170		6127		760880		3503
171		6183		765356		3502
172		6186		769821		3518
173		6103		774309		3515
174		6119		778788		3527
175		6109		783254		3500
176		6085		787751		3544
177		6042		792216		3491
178		6044		796699		3508
179		5974		801179		3513
180		5869		805627		3467
181		5974		810086		3478
182		5992		814544		3504
183		5946		819023		3486
184		5961		823485		3495
185		6025		827959		3475
186		5988		832446		3527
187		5984		836931		3496
188		5976		841430		3546
189		5994		845897		3514
190		6014		850352		3489
191		6037		854831		3515
192		6036		859319		3488
193		6012		863798		3522
194		5968		868281		3502
195		6034		872791		3510
196		6067		877280		3519
197		6036		881750		3491
198		5979		886225		3458
199		6082		890701		3555
200		5993		895213		3491
201		5949		899698		3539
202		5924		904174		3505
203		5897		908682		3464
204		5913		913177		3512
205		5774		917679		3500
206		5755		922166		3529
207		5726		926647		3539
208		5674		931129		3534
209		5607		935602		3497
210		5605		940078		3523
211		5583		944610		3520
212		5625		949094		3494
213		5629		953581		3509
214		5625		958077		3555
215		5673		962534		3505
216		5811		967036		3503
217		5800		971556		3510
218		5708		976060		3482
219		5672		980546		3501
220		5746		985002		3502
221		5733		989525		3507
222		5679		994022		3497
223		5725		998552		3460
224		5674		1003059		3482
225		5692		1007576		3473
226		5630		1012063		3490
227		5662		1016549		3471
228		5561		1021039		3498
229		5573		1025526		3506
230		5564		1029999		3486
231		5584		1034499		3493
232		5493		1038972		3499
233		5499		1043421		3467
234		5479		1047909		3471
235		5516		1052416		3467
236		5520		1056906		3462
237		5549		1061402		3485
238		5549		1065881		3481
239		5524		1070363		3493
240		5545		1074834		3491
241		5522		1079347		3512
242		5519		1083865		3518
243		5593		1088357		3500
244		5595		1092841		3462
245		5556		1097329		3479
246		5537		1101839		3505
247		5486		1106329		3502
248		5490		1110855		3501
249		5479		1115389		3472
250		5487		1119891		3481
251		5465		1124382		3495
252		5442		1128879		3511
253		5413		1133365		3518
254		5374		1137840		3506
255		5376		1142329		3447
256		5293		1146812		3484
257		5418		1151293		3473
258		5334		1155812		3488
259		5417		1160304		3486
260		5391		1164814		3513
261		5374		1169298		3516
262		5294		1173817		3527
263		5336		1178287		3488
264		5345		1182759		3511
265		5355		1187275		3523
266		5299		1191745		3522
267		5400		1196250		3534
268		5384		1200788		3507
269		5395		1205324		3512
270		5434		1209827		3522
271		5389		1214338		3544
272		5374		1218856		3531
273		5363		1223383		3532
274		5340		1227885		3492
275		5400		1232410		3511
276		5386		1236927		3535
277		5386		1241443		3499
278		5416		1245991		3517
279		5453		1250524		3510
280		5436		1255071		3522
281		5377		1259599		3491
282		5377		1264091		3491
283		5364		1268613		3539
284		5350		1273136		3532
285		5354		1277657		3542
286		5350		1282169		3519
287		5289		1286693		3559
288		5230		1291224		3508
289		5145		1295732		3483
290		5199		1300267		3491
291		5185		1304779		3495
292		5170		1309293		3448
293		5142		1313811		3478
294		5145		1318340		3501
295		5189		1322859		3516
296		5157		1327389		3506
297		5113		1331907		3499
298		5205		1336427		3502
299		5148		1340976		3485
300		5178		1345490		3506
301		5183		1350017		3486
302		5062		1354546		3488
303		5123		1359084		3497
304		4976		1363627		3502
305		4933		1368154		3510
306		4989		1372697		3491
307		4925		1377226		3521
308		5005		1381758		3523
309		5014		1386285		3518
310		4960		1390785		3532
311		4989		1395272		3492
312		4971		1399779		3513
313		4880		1404301		3489
314		4919		1408823		3513
315		4997		1413333		3502
316		4916		1417846		3513
317		4870		1422359		3495
318		4899		1426889		3502
319		4871		1431442		3494
320		4852		1435983		3481
321		4770		1440515		3441
322		4739		1445019		3492
323		4827		1449548		3460
324		4744		1454070		3440
325		4753		1458568		3482
326		4796		1463099		3484
327		4773		1467624		3501
328		4833		1472135		3478
329		4827		1476668		3488
330		4826		1481186		3504
331		4744		1485725		3502
332		4753		1490266		3496
333		4778		1494778		3508
334		4834		1499338		3469
335		4779		1503886		3488
336		4722		1508423		3466
337		4715		1512948		3486
338		4700		1517486		3519
339		4776		1522041		3505
340		4665		1526583		3473
341		4729		1531117		3503
342		4751		1535651		3478
343		4687		1540200		3532
344		4639		1544748		3530
345		4666		1549275		3489
346		4640		1553813		3496
347		4647		1558362		3528
348		4699		1562919		3521
349		4741		1567478		3494
350		4677		1572049		3543
351		4662		1576600		3530
352		4703		1581135		3522
353		4722		1585704		3517
354		4712		1590231		3512
355		4678		1594791		3504
356		4717		1599351		3530
357		4677		1603889		3513
358		4671		1608427		3517
359		4624		1612946		3497
360		4721		1617496		3494
361		4723		1622038		3483
362		4725		1626571		3513
363		4734		1631132		3508
364		4717		1635685		3546
365		4730		1640218		3506
366		4720		1644762		3514
367		4712		1649287		3518
368		4683		1653828		3518
369		4724		1658362		3488
370		4672		1662909		3507
371		4591		1667416		3487
372		4596		1671927		3480
373		4532		1676443		3497
374		4546		1680960		3466
375		4549		1685495		3505
376		4568		1690009		3500
377		4552		1694558		3522
378		4507		1699131		3478
379		4494		1703682		3479
380		4574		1708226		3491
381		4571		1712764		3535
382		4598		1717305		3475
383		4538		1721830		3489
384		4453		1726378		3488
385		4527		1730905		3489
386		4572		1735442		3506
387		4581		1739994		3493
388		4657		1744516		3496
389		4637		1749091		3470
390		4630		1753645		3520
391		4646		1758202		3495
392		4713		1762771		3535
393		4607		1767328		3487
394		4554		1771847		3489
395		4595		1776396		3544
396		4600		1780929		3473
397		4598		1785466		3510
398		4575		1790023		3508
399		4541		1794574		3509
400		4557		1799094		3500
401		4519		1803661		3491
402		4506		1808190		3487
403		4495		1812738		3485
404		4514		1817282		3486
405		4450		1821823		3511
406		4449		1826382		3534
407		4456		1830933		3499
408		4445		1835486		3484
409		4391		1840025		3477
410		4437		1844578		3497
411		4441		1849137		3503
412		4423		1853707		3487
413		4408		1858244		3484
414		4383		1862797		3454
415		4386		1867354		3509
416		4396		1871900		3530
417		4382		1876446		3526
418		4309		1880982		3485
419		4333		1885511		3501
420		4368		1890080		3518
421		4388		1894648		3508
422		4286		1899189		3524
423		4368		1903725		3506
424		4431		1908268		3505
425		4394		1912816		3515
426		4407		1917366		3521
427		4397		1921910		3538
428		4353		1926444		3505
429		4399		1931003		3495
430		4401		1935573		3513
431		4382		1940126		3523
432		4385		1944679		3517
433		4434		1949231		3479
434		4425		1953789		3511
435		4460		1958358		3522
436		4392		1962924		3518
437		4365		1967488		3505
438		4292		1972051		3479
439		4321		1976621		3491
440		4241		1981171		3521
441		4267		1985719		3511
442		4289		1990266		3528
443		4274		1994839		3521
444		4250		1999384		3500
445		4262		2003941		3514
446		4273		2008483		3543
447		4242		2013058		3542
448		4299		2017610		3513
449		4354		2022182		3529
450		4337		2026755		3529
451		4334		2031316		3522
452		4293		2035874		3526
453		4287		2040425		3525
454		4289		2044982		3505
455		4299		2049538		3502
456		4311		2054094		3465
457		4316		2058636		3501
458		4398		2063189		3495
459		4300		2067726		3509
460		4311		2072277		3498
461		4291		2076832		3506
462		4263		2081373		3536
463		4236		2085940		3542
464		4275		2090501		3520
465		4262		2095070		3514
466		4293		2099632		3490
467		4290		2104186		3514
468		4280		2108767		3521
469		4250		2113311		3508
470		4287		2117869		3489
471		4271		2122412		3473
472		4278		2126954		3507
473		4288		2131482		3492
474		4247		2136030		3505
475		4251		2140592		3523
476		4213		2145148		3508
477		4221		2149688		3539
478		4278		2154282		3517
479		4271		2158839		3541
480		4236		2163397		3507
481		4225		2167944		3555
482		4251		2172511		3525
483		4276		2177055		3477
484		4275		2181613		3512
485		4275		2186187		3537
486		4286		2190755		3520
487		4369		2195325		3530
488		4271		2199889		3542
489		4304		2204474		3565
490		4308		2209043		3515
491		4247		2213610		3529
492		4256		2218174		3504
493		4218		2222757		3564
494		4213		2227322		3528
495		4209		2231886		3552
496		4234		2236468		3484
497		4234		2241052		3520
498		4212		2245628		3518
499		4131		2250172		3551
500		4177		2254737		3539
501		4233		2259307		3506
502		4226		2263871		3508
503		4254		2268441		3527
504		4266		2273015		3528
505		4239		2277600		3537
506		4233		2282183		3509
507		4262		2286773		3501
508		4247		2291358		3513
509		4179		2295948		3537
510		4114		2300511		3485
511		4149		2305074		3487
512		4136		2309656		3528
513		4186		2314227		3478
514		4121		2318812		3530
515		4086		2323388		3530
516		4060		2327974		3489
517		4069		2332541		3508
518		4028		2337112		3456
519		4081		2341677		3485
520		4103		2346261		3497
521		4102		2350831		3498
522		4093		2355408		3535
523		4119		2359977		3494
524		4088		2364559		3484
525		4071		2369139		3507
526		4082		2373727		3487
527		4090		2378300		3490
528		4084		2382881		3496
529		4085		2387446		3523
530		4086		2392027		3513
531		4024		2396627		3521
532		4038		2401197		3516
533		4050		2405785		3502
534		4076		2410367		3487
535		4073		2414953		3500
536		4041		2419552		3535
537		4035		2424149		3539
538		3974		2428712		3466
539		3980		2433299		3504
540		3994		2437864		3477
541		4007		2442430		3523
542		3953		2447002		3519
543		3990		2451559		3512
544		3956		2456115		3497
545		4009		2460695		3500
546		3986		2465270		3482
547		4025		2469852		3478
548		4034		2474442		3509
549		3927		2479022		3488
550		3998		2483603		3495
551		3964		2488199		3497
552		3974		2492761		3469
553		3942		2497327		3514
554		3962		2501917		3462
555		3933		2506503		3467
556		3967		2511101		3479
557		3967		2515696		3506
558		3943		2520278		3519
559		3934		2524851		3522
560		3873		2529436		3522
561		3805		2534016		3498
562		3848		2538602		3532
563		3806		2543188		3500
564		3850		2547765		3501
565		3829		2552362		3524
566		3825		2556966		3493
567		3846		2561540		3510
568		3811		2566135		3524
569		3803		2570711		3468
570		3822		2575286		3497
571		3755		2579847		3508
572		3760		2584412		3512
573		3788		2588992		3518
574		3816		2593587		3485
575		3845		2598176		3489
576		3838		2602767		3513
577		3880		2607356		3483
578		3909		2611933		3501
579		3889		2616521		3495
580		3852		2621104		3512
581		3849		2625684		3459
582		3865		2630266		3480
583		3849		2634824		3474
584		3889		2639408		3481
585		3924		2643994		3501
586		3898		2648584		3497
587		3929		2653178		3506
588		3892		2657771		3489
589		3860		2662353		3489
590		3926		2666954		3504
591		3895		2671545		3522
592		3893		2676149		3512
593		3858		2680716		3494
594		3889		2685300		3483
595		3912		2689901		3523
596		3899		2694496		3512
597		3856		2699076		3520
598		3788		2703639		3478
599		3831		2708208		3527
600		3833		2712780		3490
601		3858		2717352		3492
602		3864		2721934		3521
603		3870		2726523		3489
604		3870		2731090		3505
605		3909		2735675		3491
606		3904		2740254		3501
607		3885		2744855		3525
608		3868		2749445		3502
609		3845		2754021		3491
610		3910		2758604		3481
611		3929		2763178		3492
612		3929		2767777		3519
613		3901		2772367		3504
614		3953		2776950		3526
615		3950		2781541		3483
616		3932		2786115		3507
617		3908		2790693		3483
618		3868		2795278		3497
619		3794		2799836		3477
620		3833		2804389		3521
621		3849		2808965		3503
622		3880		2813531		3471
623		3902		2818099		3518
624		3864		2822677		3487
625		3792		2827245		3507
626		3787		2831811		3509
627		3731		2836396		3510
628		3724		2840970		3511
629		3736		2845555		3522
630		3738		2850131		3537
631		3783		2854717		3550
632		3774		2859293		3515
633		3822		2863860		3532
634		3842		2868442		3513
635		3858		2873019		3483
636		3909		2877624		3522
637		3881		2882183		3486
638		3947		2886746		3508
639		3897		2891338		3497
640		3906		2895923		3524
641		3920		2900510		3526
642		3872		2905086		3517
643		3903		2909672		3540
644		3930		2914260		3522
645		3948		2918823		3536
646		3932		2923395		3522
647		3975		2927985		3549
648		3998		2932584		3499
649		3978		2937148		3502
650		4021		2941723		3498
651		4012		2946288		3512
652		4022		2950866		3489
653		4021		2955434		3515
654		4048		2960032		3495
655		4031		2964606		3492
656		4008		2969196		3531
657		4015		2973762		3507
658		4081		2978341		3566
659		4027		2982933		3562
660		4000		2987515		3530
661		3982		2992074		3533
662		4002		2996649		3528
663		4006		3001224		3489
664		3997		3005798		3499
665		3984		3010380		3489
666		3953		3014974		3514
667		3943		3019544		3527
668		3993		3024113		3506
669		3967		3028676		3493
670		3983		3033260		3535
671		3984		3037841		3503
672		3998		3042425		3500
673		4007		3047019		3519
674		4009		3051619		3532
675		3982		3056225		3499
676		4027		3060811		3536
677		3955		3065397		3506
678		3955		3069976		3497
679		3985		3074574		3518
680		3942		3079168		3504
681		3990		3083764		3498
682		4088		3088350		3513
683		4081		3092958		3507
684		4070		3097533		3499
685		4075		3102122		3501
686		4105		3106719		3514
687		4106		3111315		3492
688		4073		3115900		3507
689		4041		3120465		3481
690		4131		3125047		3487
691		4137		3129638		3499
692		4081		3134234		3519
693		4055		3138833		3510
694		4107		3143409		3547
695		4073		3148009		3509
696		4025		3152584		3485
697		4048		3157164		3497
698		4068		3161752		3502
699		4033		3166331		3487
700		3977		3170913		3517
701		3973		3175481		3554
702		3935		3180058		3551
703		3953		3184661		3508
704		3953		3189248		3505
705		3978		3193829		3488
706		3952		3198432		3527
707		3965		3203007		3504
708		4020		3207565		3514
709		4049		3212148		3488
710		4055		3216744		3505
711		3942		3221327		3529
712		3973		3225935		3485
713		3989		3230506		3513
714		3973		3235093		3508
715		3981		3239669		3490
716		4035		3244248		3509
717		3997		3248852		3517
718		3955		3253444		3541
719		3936		3258030		3518
720		3881		3262586		3495
721		3905		3267166		3544
722		3917		3271725		3562
723		3945		3276304		3531
724		3874		3280868		3523
725		3861		3285420		3520
726		3871		3289992		3519
727		3933		3294569		3511
728		3891		3299150		3547
729		3914		3303737		3525
730		3917		3308301		3519
731		3951		3312877		3485
732		3924		3317485		3518
733		3881		3322063		3540
734		3858		3326651		3537
735		3903		3331245		3508
736		3864		3335832		3552
737		3888		3340434		3521
738		3905		3345026		3499
739		3931		3349603		3515
740		3961		3354212		3487
741		3923		3358796		3538
742		3878		3363363		3560
743		3904		3367931		3523
744		3889		3372525		3503
745		3908		3377128		3536
746		3913		3381733		3519
747		3917		3386316		3539
748		3929		3390898		3511
749		3919		3395488		3520
750		3902		3400056		3500
751		3912		3404637		3524
752		3867		3409226		3523
753		3831		3413827		3507
754		3813		3418424		3506
755		3841		3423022		3545
756		3861		3427619		3498
757		3842		3432196		3501
758		3838		3436782		3492
759		3835		3441371		3474
760		3864		3445942		3503
761		3844		3450515		3527
762		3849		3455072		3526
763		3789		3459658		3515
764		3833		3464224		3532
765		3822		3468798		3520
766		3782		3473371		3522
767		3840		3477948		3507
768		3839		3482542		3521
769		3844		3487120		3541
770		3869		3491708		3523
771		3791		3496304		3467
772		3830		3500910		3520
773		3860		3505480		3499
774		3859		3510067		3485
775		3922		3514662		3514
776		3806		3519256		3563
777		3836		3523854		3532
778		3850		3528451		3550
779		3867		3533041		3518
780		3857		3537622		3525
781		3836		3542217		3505
782		3756		3546818		3545
783		3797		3551398		3492
784		3752		3556009		3518
785		3737		3560580		3527
786		3763		3565167		3515
787		3807		3569772		3506
788		3765		3574369		3521
789		3775		3578952		3547
790		3794		3583536		3531
791		3780		3588137		3521
792		3722		3592729		3531
793		3738		3597319		3545
794		3699		3601922		3518
795		3725		3606516		3524
796		3759		3611102		3517
797		3743		3615692		3501
798		3758		3620282		3506
799		3684		3624855		3486
800		3707		3629421		3483
801		3779		3634015		3513
802		3700		3638630		3518
803		3740		3643211		3481
804		3691		3647797		3497
805		3693		3652386		3503
806		3699		3656998		3542
807		3705		3661585		3493
808		3729		3666180		3522
809		3720		3670765		3509
810		3732		3675352		3524
811		3712		3679949		3505
812		3720		3684561		3523
813		3708		3689130		3526
814		3682		3693719		3492
815		3738		3698307		3512
816		3714		3702926		3510
817		3755		3707523		3502
818		3716		3712112		3524
819		3718		3716713		3478
820		3719		3721321		3513
821		3634		3725919		3515
822		3689		3730524		3484
823		3685		3735130		3495
824		3690		3739729		3507
825		3686		3744322		3503
826		3655		3748918		3519
827		3671		3753513		3491
828		3638		3758118		3496
829		3627		3762713		3505
830		3645		3767304		3495
831		3624		3771916		3517
832		3627		3776520		3535
833		3591		3781138		3503
834		3584		3785746		3509
835		3575		3790335		3496
836		3588		3794936		3507
837		3560		3799537		3511
838		3592		3804140		3473
839		3617		3808741		3500
840		3594		3813326		3526
841		3587		3817901		3495
842		3704		3822486		3490
843		3684		3827097		3502
844		3696		3831691		3523
845		3730		3836284		3507
846		3691		3840871		3529
847		3685		3845469		3555
848		3652		3850060		3511
849		3694		3854666		3517
850		3653		3859257		3521
851		3591		3863846		3488
852		3637		3868458		3511
853		3635		3873051		3491
854		3642		3877657		3506
855		3732		3882257		3540
856		3734		3886864		3513
857		3776		3891460		3509
858		3719		3896049		3507
859		3673		3900658		3518
860		3683		3905241		3489
861		3685		3909839		3526
862		3678		3914418		3498
863		3704		3919019		3533
864		3773		3923607		3522
865		3731		3928214		3530
866		3717		3932822		3533
867		3697		3937416		3515
868		3717		3942027		3527
869		3661		3946604		3536
870		3661		3951211		3517
871		3661		3955808		3527
872		3625		3960421		3477
873		3594		3964991		3504
874		3654		3969580		3519
875		3599		3974187		3497
876		3602		3978786		3518
877		3620		3983369		3469
878		3592		3987966		3505
879		3603		3992554		3498
880		3590		3997136		3491
881		3635		4001734		3480
882		3626		4006325		3475
883		3663		4010939		3524
884		3632		4015544		3503
885		3664		4020140		3513
886		3604		4024715		3563
887		3610		4029288		3507
888		3620		4033886		3528
889		3589		4038463		3511
890		3586		4043070		3498
891		3579		4047676		3510
892		3644		4052268		3490
893		3623		4056878		3495
894		3613		4061479		3458
895		3605		4066092		3495
896		3635		4070688		3493
897		3640		4075292		3494
898		3596		4079889		3500
899		3553		4084501		3489
900		3515		4089081		3496
901		3571		4093686		3493
902		3558		4098274		3499
903		3589		4102847		3521
904		3521		4107444		3530
905		3565		4112032		3521
906		3597		4116625		3497
907		3584		4121227		3518
908		3602		4125821		3490
909		3601		4130432		3503
910		3626		4135042		3496
911		3664		4139649		3479
912		3627		4144255		3510
913		3603		4148857		3511
914		3559		4153453		3528
915		3590		4158068		3510
916		3629		4162680		3529
917		3672		4167279		3510
918		3630		4171898		3509
919		3576		4176508		3514
920		3604		4181088		3508
921		3545		4185675		3501
922		3538		4190237		3540
923		3531		4194839		3511
924		3565		4199443		3479
925		3506		4204037		3501
926		3514		4208633		3552
927		3558		4213236		3530
928		3593		4217822		3512
929		3562		4222426		3521
930		3556		4227031		3495
931		3593		4231622		3520
932		3570		4236222		3457
933		3523		4240806		3438
934		3559		4245385		3508
935		3548		4249966		3513
936		3576		4254558		3507
937		3524		4259149		3495
938		3554		4263748		3495
939		3583		4268336		3505
940		3575		4272922		3515
941		3601		4277519		3486
942		3615		4282117		3535
943		3579		4286693		3504
944		3592		4291298		3484
945		3577		4295891		3487
946		3595		4300503		3491
947		3562		4305105		3513
948		3595		4309702		3474
949		3610		4314298		3485
950		3567		4318886		3477
951		3588		4323478		3511
952		3546		4328075		3506
953		3529		4332695		3498
954		3520		4337298		3495
955		3505		4341910		3503
956		3498		4346480		3484
957		3444		4351062		3507
958		3470		4355668		3495
959		3442		4360236		3507
960		3459		4364835		3494
961		3466		4369421		3485
962		3500		4374013		3506
963		3548		4378603		3508
964		3565		4383194		3479
965		3579		4387785		3495
966		3611		4392385		3494
967		3643		4397009		3480
968		3654		4401612		3495
969		3693		4406213		3503
970		3694		4410809		3496
971		3652		4415423		3519
972		3652		4420039		3523
973		3585		4424637		3500
974		3618		4429249		3473
975		3684		4433847		3516
976		3620		4438442		3512
977		3638		4443031		3500
978		3641		4447639		3537
979		3659		4452241		3519
980		3681		4456842		3506
981		3683		4461451		3514
982		3641		4466064		3495
983		3660		4470672		3521
984		3614		4475286		3502
985		3649		4479877		3481
986		3618		4484476		3498
987		3644		4489077		3505
988		3610		4493659		3493
989		3627		4498261		3499
990		3616		4502872		3509
991		3601		4507476		3513
992		3611		4512066		3474
993		3609		4516680		3492
994		3616		4521278		3495
995		3617		4525880		3505
996		3607		4530482		3488
997		3597		4535098		3501
998		3605		4539692		3506
999		3627		4544297		3514
