# Migration is number of nodes that have changed color.

Round		Edge-Cut		Swaps		Migrations		Skipped
0		10106		4640		3185
1		9921		9265		3310
2		9761		13871		3416
3		9713		18437		3386
4		9657		23001		3462
5		9532		27571		3460
6		9564		32122		3483
7		9536		36706		3410
8		9368		41232		3417
9		9419		45766		3465
10		9377		50314		3457
11		9315		54831		3438
12		9272		59342		3491
13		9181		63833		3496
14		9037		68322		3503
15		9048		72806		3487
16		9036		77316		3448
17		9011		81806		3491
18		8976		86280		3511
19		8869		90763		3466
20		8833		95245		3523
21		8816		99716		3498
22		8721		104151		3509
23		8731		108600		3520
24		8650		113045		3503
25		8576		117475		3495
26		8545		121905		3483
27		8490		126303		3488
28		8524		130760		3494
29		8560		135170		3505
30		8463		139626		3537
31		8451		144036		3533
32		8432		148467		3502
33		8431		152908		3475
34		8411		157337		3521
35		8384		161775		3486
36		8233		166167		3481
37		8319		170574		3483
38		8310		174980		3547
39		8423		179418		3543
40		8221		183857		3464
41		8161		188272		3477
42		8041		192635		3517
43		8071		197026		3442
44		8080		201445		3503
45		8069		205809		3461
46		8012		210189		3473
47		7960		214583		3482
48		7854		218939		3528
49		8005		223332		3507
50		7902		227733		3533
51		7866		232105		3518
52		7916		236482		3489
53		7818		240858		3519
54		7806		245231		3510
55		7717		249611		3475
56		7642		253975		3486
57		7762		258376		3545
58		7705		262763		3504
59		7694		267179		3461
60		7720		271575		3483
61		7702		275973		3536
62		7731		280390		3521
63		7710		284740		3582
64		7751		289140		3551
65		7835		293522		3492
66		7816		297942		3528
67		7790		302331		3521
68		7740		306754		3507
69		7722		311160		3483
70		7672		315568		3492
71		7672		319965		3509
72		7635		324387		3471
73		7519		328798		3480
74		7502		333197		3531
75		7600		337605		3516
76		7485		342018		3508
77		7467		346418		3511
78		7546		350840		3512
79		7561		355271		3548
80		7533		359669		3584
81		7472		364089		3535
82		7484		368520		3544
83		7496		372935		3555
84		7509		377369		3511
85		7462		381796		3528
86		7370		386241		3547
87		7354		390640		3581
88		7314		395050		3585
89		7337		399467		3526
90		7315		403881		3524
91		7249		408263		3605
92		7166		412697		3527
93		7243		417119		3561
94		7216		421539		3544
95		7222		425968		3542
96		7180		430385		3510
97		7209		434826		3523
98		7048		439231		3505
99		7090		443643		3539
100		7088		448103		3530
101		6965		452526		3536
102		6972		456935		3551
103		6999		461354		3550
104		7048		465813		3598
105		7041		470240		3541
106		7005		474640		3590
107		6952		479080		3543
108		6934		483528		3542
109		6905		487974		3525
110		6885		492432		3577
111		6825		496902		3529
112		6872		501336		3587
113		6861		505793		3547
114		6792		510228		3516
115		6695		514644		3552
116		6642		519073		3581
117		6586		523531		3549
118		6546		527957		3586
119		6574		532411		3586
120		6600		536852		3510
121		6587		541313		3528
122		6497		545747		3530
123		6473		550195		3559
124		6348		554640		3525
125		6293		559100		3556
126		6125		563554		3548
127		6187		568015		3524
128		6192		572441		3552
129		6198		576913		3538
130		6246		581380		3532
131		6170		585812		3555
132		6221		590244		3530
133		6223		594713		3529
134		6194		599160		3572
135		6190		603610		3546
136		6180		608097		3539
137		6202		612576		3585
138		6177		617051		3537
139		6098		621511		3535
140		6036		625989		3524
141		6065		630443		3526
142		6059		634885		3543
143		6036		639345		3534
144		6115		643831		3483
145		6101		648306		3493
146		6186		652783		3505
147		6200		657265		3512
148		6070		661744		3539
149		6109		666231		3530
150		6167		670716		3541
151		6202		675199		3513
152		6086		679704		3560
153		6072		684168		3546
154		6052		688655		3538
155		5975		693141		3520
156		6033		697621		3493
157		6008		702099		3492
158		5972		706558		3485
159		5929		711079		3499
160		5948		715564		3495
161		5917		720030		3546
162		5965		724514		3545
163		5918		728952		3510
164		5868		733416		3539
165		6006		737928		3551
166		5997		742408		3526
167		5988		746909		3537
168		6003		751404		3532
169		6015		755914		3515
170		5903		760416		3519
171		5886		764890		3518
172		5929		769360		3529
173		5942		773828		3500
174		5911		778307		3489
175		5913		782767		3535
176		5886		787242		3531
177		5899		791710		3516
178		5838		796205		3508
179		5840		800686		3510
180		5991		805208		3505
181		5982		809706		3509
182		5961		814165		3486
183		5928		818654		3549
184		5953		823143		3514
185		5921		827628		3518
186		5875		832090		3520
187		5898		836589		3505
188		5906		841069		3552
189		5889		845539		3526
190		5868		850038		3513
191		5828		854494		3556
192		5831		858999		3552
193		5785		863493		3564
194		5765		867937		3550
195		5727		872418		3526
196		5749		876906		3512
197		5722		881390		3541
198		5668		885867		3498
199		5629		890347		3509
200		5666		894816		3506
201		5677		899269		3528
202		5612		903777		3507
203		5656		908274		3539
204		5661		912747		3553
205		5536		917253		3503
206		5527		921774		3507
207		5578		926258		3499
208		5516		930749		3506
209		5530		935224		3510
210		5575		939730		3503
211		5592		944239		3504
212		5541		948736		3524
213		5571		953221		3506
214		5575		957710		3543
215		5606		962255		3537
216		5587		966760		3523
217		5501		971227		3479
218		5458		975729		3526
219		5448		980215		3489
220		5499		984706		3509
221		5462		989205		3547
222		5475		993713		3506
223		5432		998211		3520
224		5465		1002727		3520
225		5473		1007216		3470
226		5376		1011712		3494
227		5340		1016197		3498
228		5327		1020710		3484
229		5308		1025207		3518
230		5285		1029719		3476
231		5324		1034232		3512
232		5370		1038746		3488
233		5342		1043246		3503
234		5314		1047736		3471
235		5367		1052253		3438
236		5305		1056733		3498
237		5312		1061221		3487
238		5360		1065742		3513
239		5308		1070265		3498
240		5326		1074772		3483
241		5338		1079296		3490
242		5261		1083785		3498
243		5275		1088303		3527
244		5326		1092784		3517
245		5315		1097289		3486
246		5293		1101796		3551
247		5312		1106300		3505
248		5356		1110828		3549
249		5296		1115334		3522
250		5312		1119852		3519
251		5328		1124373		3519
252		5409		1128894		3522
253		5357		1133443		3503
254		5256		1137980		3521
255		5243		1142476		3499
256		5292		1146987		3532
257		5300		1151519		3538
258		5293		1156059		3494
259		5242		1160580		3492
260		5193		1165110		3535
261		5166		1169609		3515
262		5177		1174107		3507
263		5184		1178625		3519
264		5173		1183136		3496
265		5167		1187654		3506
266		5152		1192172		3508
267		5123		1196676		3529
268		5052		1201194		3496
269		5080		1205699		3514
270		5091		1210235		3508
271		5075		1214736		3539
272		5124		1219253		3508
273		5053		1223774		3541
274		5067		1228268		3504
275		5056		1232817		3515
276		5055		1237338		3474
277		5047		1241864		3504
278		5041		1246405		3488
279		5012		1250933		3515
280		5067		1255447		3495
281		5025		1259992		3540
282		5077		1264518		3532
283		4957		1269029		3508
284		4998		1273535		3527
285		4981		1278069		3527
286		4977		1282607		3509
287		4970		1287141		3489
288		4987		1291653		3494
289		4978		1296167		3508
290		5005		1300706		3519
291		5053		1305245		3528
292		5030		1309810		3518
293		4948		1314335		3519
294		4959		1318871		3514
295		4954		1323419		3518
296		4860		1327976		3456
297		4875		1332471		3509
298		4838		1336982		3521
299		4844		1341505		3497
300		4817		1346034		3510
301		4837		1350585		3542
302		4873		1355118		3507
303		4922		1359655		3526
304		4859		1364186		3496
305		4767		1368711		3528
306		4771		1373248		3496
307		4863		1377799		3509
308		4830		1382333		3548
309		4828		1386872		3498
310		4824		1391410		3502
311		4875		1395947		3541
312		4834		1400500		3526
313		4818		1405044		3520
314		4753		1409596		3526
315		4685		1414145		3533
316		4661		1418697		3530
317		4646		1423230		3480
318		4664		1427765		3536
319		4615		1432306		3527
320		4658		1436844		3458
321		4662		1441399		3481
322		4667		1445946		3531
323		4700		1450499		3531
324		4740		1455044		3490
325		4756		1459602		3525
326		4759		1464162		3494
327		4755		1468713		3491
328		4717		1473250		3541
329		4707		1477786		3515
330		4718		1482341		3510
331		4654		1486887		3530
332		4578		1491443		3534
333		4618		1495980		3513
334		4620		1500525		3567
335		4610		1505078		3545
336		4599		1509629		3547
337		4596		1514168		3555
338		4634		1518682		3525
339		4698		1523215		3483
340		4719		1527744		3508
341		4635		1532284		3524
342		4624		1536820		3509
343		4620		1541370		3512
344		4613		1545884		3547
345		4615		1550414		3525
346		4567		1554934		3509
347		4511		1559468		3542
348		4457		1564016		3558
349		4432		1568528		3534
350		4430		1573069		3497
351		4418		1577613		3501
352		4444		1582156		3505
353		4442		1586707		3541
354		4377		1591229		3544
355		4447		1595780		3548
356		4448		1600342		3541
357		4510		1604882		3525
358		4416		1609443		3528
359		4429		1613957		3513
360		4407		1618485		3540
361		4382		1623023		3519
362		4453		1627565		3523
363		4547		1632098		3496
364		4507		1636650		3510
365		4519		1641210		3500
366		4460		1645781		3507
367		4462		1650318		3539
368		4560		1654854		3531
369		4522		1659422		3523
370		4534		1663955		3533
371		4544		1668494		3514
372		4529		1673048		3512
373		4529		1677582		3544
374		4545		1682115		3545
375		4567		1686681		3522
376		4523		1691242		3515
377		4444		1695769		3496
378		4433		1700307		3534
379		4428		1704828		3517
380		4454		1709366		3527
381		4443		1713903		3506
382		4475		1718441		3518
383		4449		1722995		3484
384		4465		1727533		3501
385		4500		1732076		3502
386		4535		1736617		3510
387		4554		1741148		3509
388		4555		1745676		3477
389		4535		1750222		3485
390		4468		1754756		3494
391		4487		1759301		3526
392		4446		1763832		3503
393		4486		1768343		3493
394		4515		1772887		3491
395		4539		1777421		3525
396		4531		1781961		3480
397		4539		1786531		3527
398		4480		1791076		3490
399		4572		1795624		3528
400		4490		1800190		3532
401		4469		1804745		3511
402		4449		1809284		3515
403		4499		1813821		3537
404		4539		1818379		3518
405		4566		1822959		3504
406		4516		1827527		3509
407		4497		1832086		3495
408		4518		1836645		3453
409		4546		1841193		3487
410		4568		1845774		3521
411		4495		1850321		3543
412		4469		1854870		3505
413		4500		1859435		3498
414		4497		1864000		3504
415		4523		1868580		3514
416		4533		1873151		3496
417		4505		1877709		3507
418		4576		1882285		3496
419		4476		1886866		3544
420		4545		1891415		3497
421		4459		1895992		3513
422		4502		1900551		3506
423		4530		1905113		3498
424		4490		1909682		3498
425		4467		1914236		3513
426		4448		1918791		3505
427		4446		1923375		3515
428		4427		1927929		3510
429		4430		1932488		3465
430		4425		1937056		3488
431		4411		1941611		3473
432		4374		1946140		3492
433		4422		1950693		3523
434		4393		1955264		3499
435		4394		1959805		3500
436		4386		1964373		3499
437		4343		1968960		3513
438		4352		1973524		3530
439		4290		1978074		3534
440		4286		1982616		3516
441		4292		1987165		3540
442		4293		1991727		3512
443		4298		1996295		3528
444		4326		2000830		3537
445		4330		2005376		3536
446		4315		2009905		3508
447		4316		2014458		3517
448		4387		2019013		3502
449		4335		2023590		3514
450		4299		2028137		3537
451		4338		2032718		3516
452		4343		2037262		3514
453		4357		2041820		3537
454		4316		2046406		3510
455		4282		2050983		3515
456		4259		2055539		3538
457		4311		2060092		3536
458		4330		2064637		3525
459		4339		2069227		3511
460		4307		2073803		3567
461		4303		2078373		3550
462		4265		2082950		3506
463		4227		2087547		3521
464		4250		2092097		3553
465		4228		2096652		3502
466		4209		2101214		3509
467		4237		2105781		3525
468		4187		2110339		3504
469		4196		2114880		3541
470		4227		2119443		3525
471		4157		2123984		3519
472		4145		2128543		3508
473		4163		2133110		3532
474		4204		2137677		3520
475		4165		2142238		3531
476		4136		2146806		3538
477		4193		2151354		3518
478		4163		2155924		3517
479		4105		2160493		3557
480		4156		2165040		3561
481		4243		2169630		3484
482		4193		2174198		3511
483		4203		2178789		3499
484		4236		2183366		3514
485		4165		2187905		3537
486		4162		2192464		3493
487		4074		2197028		3503
488		4068		2201593		3485
489		4133		2206131		3502
490		4158		2210701		3520
491		4113		2215245		3526
492		4125		2219809		3518
493		4130		2224369		3501
494		4098		2228934		3503
495		4182		2233515		3522
496		4137		2238090		3513
497		4135		2242669		3522
498		4208		2247238		3526
499		4136		2251819		3504
500		4160		2256404		3503
501		4145		2260957		3515
502		4063		2265522		3546
503		4020		2270067		3523
504		3984		2274622		3546
505		4017		2279174		3545
506		4061		2283726		3499
507		4104		2288307		3503
508		4107		2292883		3507
509		4100		2297441		3528
510		4071		2302010		3519
511		4069		2306575		3498
512		4027		2311138		3516
513		4053		2315711		3534
514		4054		2320296		3545
515		4102		2324862		3540
516		4087		2329444		3515
517		4061		2334022		3530
518		4083		2338593		3511
519		4119		2343173		3502
520		4100		2347738		3542
521		4122		2352329		3510
522		4135		2356910		3505
523		4164		2361491		3498
524		4171		2366080		3472
525		4149		2370644		3534
526		4105		2375217		3525
527		4132		2379776		3519
528		4163		2384330		3528
529		4118		2388920		3518
530		4121		2393495		3515
531		4123		2398061		3516
532		4145		2402604		3507
533		4157		2407184		3515
534		4100		2411750		3525
535		4104		2416329		3495
536		4122		2420913		3538
537		4094		2425494		3532
538		4062		2430069		3534
539		4080		2434631		3511
540		4064		2439202		3509
541		4048		2443765		3524
542		4014		2448349		3501
543		4010		2452924		3513
544		4025		2457500		3528
545		3994		2462076		3520
546		4049		2466635		3519
547		3991		2471211		3550
548		3919		2475783		3519
549		3991		2480327		3519
550		4029		2484883		3549
551		4022		2489464		3499
552		4066		2494037		3490
553		4068		2498628		3532
554		4098		2503184		3481
555		4059		2507766		3488
556		4055		2512353		3508
557		4016		2516930		3498
558		3972		2521511		3477
559		4037		2526099		3484
560		4047		2530688		3512
561		3952		2535263		3523
562		3939		2539848		3500
563		3956		2544392		3501
564		3982		2548976		3497
565		3946		2553566		3516
566		3918		2558136		3504
567		3970		2562724		3520
568		3956		2567309		3487
569		3959		2571906		3519
570		3957		2576493		3517
571		3911		2581085		3521
572		3955		2585656		3514
573		3975		2590243		3516
574		3913		2594845		3522
575		3874		2599427		3531
576		3861		2604008		3498
577		3875		2608599		3502
578		3825		2613180		3509
579		3823		2617766		3543
580		3789		2622344		3546
581		3803		2626906		3511
582		3794		2631455		3543
583		3850		2636029		3517
584		3858		2640595		3545
585		3897		2645176		3554
586		3891		2649745		3515
587		3889		2654326		3515
588		3892		2658896		3533
589		3831		2663467		3510
590		3799		2668022		3540
591		3864		2672590		3498
592		3831		2677156		3556
593		3873		2681733		3537
594		3869		2686307		3549
595		3841		2690891		3539
596		3937		2695476		3539
597		3897		2700065		3531
598		3882		2704645		3505
599		3865		2709206		3517
600		3903		2713786		3561
601		3874		2718366		3486
602		3877		2722929		3531
603		3822		2727494		3535
604		3868		2732081		3511
605		3913		2736658		3520
606		3885		2741257		3516
607		3949		2745850		3503
608		3897		2750458		3501
609		3823		2755069		3518
610		3842		2759653		3474
611		3814		2764236		3497
612		3798		2768822		3497
613		3815		2773394		3529
614		3787		2777979		3514
615		3759		2782583		3487
616		3797		2787188		3515
617		3727		2791783		3497
618		3752		2796373		3539
619		3751		2800971		3492
620		3702		2805533		3515
621		3758		2810103		3513
622		3739		2814685		3496
623		3701		2819266		3526
624		3760		2823831		3496
625		3792		2828414		3532
626		3845		2833010		3518
627		3833		2837604		3521
628		3796		2842165		3529
629		3780		2846748		3519
630		3753		2851334		3528
631		3753		2855924		3494
632		3696		2860503		3506
633		3688		2865059		3525
634		3691		2869643		3529
635		3704		2874200		3569
636		3666		2878778		3546
637		3663		2883354		3496
638		3725		2887935		3518
639		3768		2892517		3517
640		3796		2897116		3523
641		3796		2901709		3554
642		3797		2906299		3510
643		3833		2910876		3529
644		3853		2915458		3531
645		3886		2920028		3511
646		3876		2924598		3531
647		3841		2929193		3531
648		3859		2933754		3505
649		3962		2938322		3518
650		3945		2942904		3530
651		3927		2947483		3527
652		3915		2952052		3532
653		3988		2956635		3509
654		4023		2961192		3525
655		4003		2965761		3545
656		3962		2970329		3542
657		3976		2974911		3542
658		3956		2979492		3506
659		3966		2984058		3515
660		3931		2988608		3521
661		3995		2993160		3528
662		3923		2997730		3513
663		3956		3002322		3562
664		3945		3006894		3510
665		3956		3011457		3485
666		3942		3016031		3527
667		4048		3020614		3515
668		3973		3025191		3509
669		4021		3029772		3526
670		3974		3034353		3516
671		4014		3038940		3520
672		4032		3043529		3476
673		3987		3048102		3558
674		3969		3052679		3482
675		3988		3057265		3525
676		4004		3061855		3531
677		4004		3066415		3560
678		4015		3070983		3531
679		4020		3075556		3553
680		3965		3080132		3528
681		3971		3084683		3549
682		3985		3089250		3533
683		4004		3093833		3521
684		4021		3098417		3517
685		4077		3102995		3525
686		4022		3107586		3511
687		4063		3112151		3513
688		4048		3116734		3505
689		4034		3121319		3503
690		4011		3125894		3519
691		4024		3130479		3504
692		4021		3135053		3556
693		4029		3139630		3527
694		3977		3144198		3517
695		4029		3148783		3529
696		3991		3153358		3531
697		3976		3157932		3510
698		3969		3162517		3512
699		3995		3167106		3512
700		3986		3171676		3579
701		3960		3176253		3542
702		3960		3180796		3550
703		3966		3185369		3520
704		3997		3189941		3504
705		3981		3194521		3528
706		3965		3199105		3485
707		3940		3203682		3550
708		3999		3208259		3520
709		4036		3212846		3503
710		4041		3217428		3529
711		4070		3222011		3531
712		4009		3226580		3492
713		3992		3231160		3531
714		3973		3235738		3569
715		3972		3240310		3549
716		4008		3244909		3511
717		4012		3249483		3524
718		4012		3254071		3532
719		3992		3258658		3537
720		4027		3263252		3529
721		4056		3267812		3543
722		4090		3272405		3501
723		4095		3276964		3529
724		4130		3281547		3503
725		4054		3286123		3552
726		4054		3290698		3552
727		3998		3295276		3529
728		4000		3299832		3507
729		3978		3304403		3543
730		3986		3308967		3507
731		3996		3313560		3547
732		3968		3318137		3536
733		3960		3322715		3528
734		3971		3327298		3540
735		3967		3331870		3522
736		4007		3336445		3507
737		4014		3341031		3513
738		3998		3345623		3490
739		4002		3350220		3538
740		4051		3354793		3520
741		4103		3359392		3530
742		4076		3363983		3508
743		4095		3368554		3558
744		4043		3373146		3503
745		4036		3377727		3507
746		4036		3382308		3522
747		4098		3386889		3541
748		4069		3391486		3535
749		4080		3396080		3529
750		4117		3400679		3515
751		4152		3405288		3536
752		4056		3409894		3464
753		4101		3414491		3509
754		4139		3419076		3506
755		4126		3423671		3530
756		4092		3428264		3530
757		4014		3432866		3564
758		4006		3437448		3537
759		3977		3442018		3511
760		3997		3446588		3538
761		4033		3451187		3514
762		4031		3455791		3505
763		4005		3460380		3573
764		3957		3464959		3500
765		3907		3469550		3520
766		3988		3474126		3545
767		3920		3478727		3530
768		3945		3483284		3543
769		3995		3487879		3537
770		4005		3492460		3535
771		4004		3497057		3558
772		4076		3501640		3510
773		4104		3506232		3542
774		4111		3510843		3530
775		4079		3515460		3507
776		4103		3520043		3547
777		4071		3524639		3517
778		3954		3529212		3539
779		3992		3533800		3498
780		4022		3538384		3530
781		4000		3542958		3546
782		4022		3547553		3578
783		3983		3552131		3573
784		3973		3556714		3567
785		3939		3561280		3563
786		3932		3565854		3536
787		3956		3570434		3519
788		3958		3575025		3541
789		3984		3579603		3545
790		4011		3584168		3509
791		4028		3588750		3519
792		4023		3593347		3562
793		3943		3597947		3507
794		3926		3602559		3545
795		4028		3607131		3509
796		4050		3611737		3545
797		4020		3616315		3508
798		3978		3620897		3538
799		4044		3625466		3500
800		4023		3630065		3530
801		4030		3634645		3516
802		3980		3639223		3524
803		3977		3643805		3498
804		4043		3648401		3530
805		3997		3652991		3554
806		4023		3657576		3550
807		4006		3662175		3559
808		3933		3666776		3510
809		3994		3671366		3552
810		3929		3675947		3545
811		3934		3680528		3543
812		3908		3685078		3534
813		3896		3689646		3541
814		3884		3694201		3549
815		3873		3698781		3542
816		3825		3703363		3532
817		3852		3707944		3524
818		3925		3712534		3536
819		3909		3717121		3572
820		3948		3721717		3515
821		3949		3726314		3535
822		3885		3730894		3547
823		3908		3735478		3522
824		3921		3740074		3553
825		3912		3744662		3531
826		3834		3749238		3510
827		3834		3753836		3524
828		3868		3758425		3513
829		3845		3763026		3537
830		3817		3767587		3531
831		3783		3772170		3538
832		3788		3776755		3522
833		3789		3781352		3466
834		3807		3785960		3525
835		3857		3790548		3520
836		3865		3795139		3534
837		3851		3799717		3500
838		3900		3804310		3532
839		3913		3808884		3532
840		3900		3813478		3546
841		3883		3818071		3547
842		3803		3822665		3524
843		3797		3827280		3552
844		3730		3831871		3542
845		3702		3836469		3518
846		3761		3841056		3523
847		3786		3845655		3478
848		3771		3850251		3537
849		3758		3854837		3533
850		3801		3859435		3526
851		3790		3864026		3571
852		3767		3868620		3535
853		3767		3873225		3528
854		3763		3877812		3511
855		3792		3882406		3496
856		3772		3887000		3520
857		3784		3891577		3523
858		3815		3896154		3544
859		3800		3900753		3526
860		3845		3905341		3521
861		3808		3909931		3526
862		3832		3914538		3508
863		3776		3919140		3501
864		3783		3923735		3534
865		3822		3928321		3529
866		3826		3932905		3542
867		3853		3937502		3526
868		3788		3942097		3577
869		3797		3946675		3551
870		3858		3951278		3522
871		3870		3955866		3554
872		3828		3960470		3538
873		3781		3965069		3544
874		3759		3969657		3542
875		3739		3974226		3547
876		3779		3978782		3528
877		3819		3983358		3533
878		3837		3987945		3525
879		3775		3992523		3505
880		3778		3997096		3544
881		3817		4001659		3550
882		3720		4006241		3529
883		3675		4010818		3544
884		3656		4015406		3530
885		3644		4019994		3520
886		3655		4024582		3521
887		3712		4029159		3520
888		3662		4033730		3525
889		3671		4038308		3526
890		3700		4042892		3535
891		3685		4047475		3514
892		3729		4052069		3521
893		3714		4056662		3524
894		3671		4061248		3527
895		3716		4065844		3524
896		3716		4070453		3541
897		3708		4075053		3545
898		3756		4079652		3509
899		3755		4084256		3530
900		3806		4088851		3526
901		3764		4093441		3551
902		3743		4098018		3524
903		3739		4102590		3543
904		3737		4107169		3529
905		3770		4111768		3533
906		3770		4116351		3517
907		3748		4120957		3539
908		3730		4125545		3517
909		3741		4130136		3515
910		3713		4134738		3526
911		3742		4139340		3505
912		3654		4143932		3504
913		3634		4148528		3531
914		3629		4153105		3517
915		3673		4157701		3528
916		3692		4162300		3530
917		3645		4166894		3511
918		3672		4171487		3525
919		3726		4176075		3531
920		3731		4180672		3543
921		3740		4185279		3549
922		3657		4189879		3519
923		3686		4194471		3541
924		3648		4199071		3513
925		3654		4203652		3542
926		3707		4208229		3536
927		3724		4212811		3555
928		3769		4217412		3513
929		3752		4221989		3538
930		3804		4226597		3520
931		3793		4231199		3518
932		3799		4235791		3519
933		3748		4240409		3495
934		3725		4244995		3530
935		3718		4249586		3499
936		3736		4254190		3532
937		3697		4258799		3549
938		3706		4263382		3557
939		3609		4267958		3534
940		3623		4272546		3538
941		3621		4277144		3524
942		3659		4281733		3538
943		3650		4286319		3539
944		3678		4290893		3513
945		3674		4295479		3526
946		3605		4300063		3520
947		3650		4304659		3540
948		3668		4309246		3531
949		3746		4313839		3543
950		3758		4318439		3512
951		3745		4323033		3522
952		3711		4327632		3510
953		3679		4332204		3533
954		3688		4336788		3519
955		3637		4341358		3553
956		3679		4345932		3527
957		3722		4350518		3496
958		3741		4355112		3554
959		3757		4359697		3516
960		3768		4364262		3519
961		3795		4368864		3521
962		3739		4373456		3529
963		3741		4378023		3545
964		3719		4382569		3528
965		3675		4387152		3544
966		3686		4391743		3511
967		3676		4396326		3547
968		3759		4400904		3530
969		3751		4405515		3496
970		3723		4410107		3516
971		3714		4414696		3528
972		3709		4419257		3532
973		3729		4423840		3524
974		3727		4428437		3486
975		3665		4433025		3496
976		3596		4437589		3526
977		3623		4442193		3530
978		3631		4446768		3524
979		3644		4451365		3500
980		3619		4455938		3495
981		3602		4460502		3526
982		3636		4465063		3496
983		3654		4469653		3522
984		3748		4474255		3522
985		3717		4478861		3525
986		3702		4483453		3529
987		3643		4488047		3527
988		3656		4492618		3519
989		3623		4497191		3518
990		3651		4501787		3472
991		3617		4506363		3480
992		3638		4510955		3532
993		3623		4515550		3513
994		3705		4520129		3526
995		3733		4524741		3527
996		3653		4529328		3502
997		3614		4533898		3507
998		3622		4538505		3514
999		3558		4543086		3513
