# Migration is number of nodes that have changed color.

Round		Edge-Cut		Swaps		Migrations		Skipped
0		6737		4615		2794
1		5873		9048		3140
2		5439		13410		3232
3		5030		17760		3281
4		4782		22026		3343
5		4627		26295		3363
6		4482		30556		3353
7		4389		34803		3339
8		4230		39046		3335
9		4180		43257		3361
10		4150		47476		3356
11		4130		51696		3355
12		4038		55888		3361
13		3934		60037		3342
14		3870		64205		3355
15		3811		68373		3364
16		3649		72561		3399
17		3634		76722		3404
18		3539		80901		3385
19		3576		85054		3396
20		3525		89204		3376
21		3419		93336		3394
22		3487		97492		3399
23		3415		101653		3421
24		3342		105785		3426
25		3348		109911		3409
26		3363		114079		3418
27		3297		118211		3408
28		3256		122339		3386
29		3248		126458		3388
30		3180		130568		3419
31		3213		134666		3408
32		3165		138799		3404
33		3110		142880		3411
34		3071		146951		3403
35		3061		151059		3413
36		3020		155160		3416
37		2995		159295		3418
38		2903		163408		3413
39		2907		167515		3395
40		2900		171572		3423
41		2861		175663		3411
42		2820		179785		3427
43		2816		183865		3407
44		2711		187910		3394
45		2741		191975		3375
46		2736		196036		3380
47		2661		200100		3385
48		2652		204093		3382
49		2637		208180		3411
50		2619		212225		3415
51		2605		216244		3413
52		2618		220294		3429
53		2559		224348		3409
54		2520		228421		3401
55		2550		232434		3411
56		2528		236481		3434
57		2491		240540		3420
58		2479		244596		3414
59		2427		248651		3419
60		2456		252702		3428
61		2445		256772		3417
62		2408		260816		3418
63		2354		264877		3389
64		2324		268899		3418
65		2369		272921		3422
66		2387		276938		3436
67		2434		280977		3438
68		2396		285015		3457
69		2400		289038		3469
70		2389		293135		3445
71		2390		297174		3429
72		2305		301231		3433
73		2303		305285		3439
74		2327		309299		3438
75		2277		313330		3445
76		2242		317384		3454
77		2271		321409		3456
78		2231		325435		3464
79		2195		329489		3484
80		2227		333477		3475
81		2227		337485		3469
82		2185		341533		3462
83		2183		345590		3456
84		2190		349576		3459
85		2190		353600		3469
86		2135		357592		3464
87		2134		361596		3457
88		2129		365611		3483
89		2113		369653		3471
90		2177		373655		3479
91		2146		377631		3459
92		2137		381621		3451
93		2101		385631		3469
94		2086		389669		3453
95		2078		393663		3450
96		2064		397704		3448
97		2052		401680		3442
98		2088		405711		3440
99		2052		409684		3438
100		1998		413691		3439
101		2022		417686		3447
102		2055		421692		3442
103		2031		425751		3430
104		2018		429746		3428
105		2003		433729		3439
106		1969		437706		3453
107		1944		441750		3460
108		1936		445763		3462
109		1993		449746		3460
110		1961		453737		3453
111		1999		457716		3454
112		1946		461756		3439
113		1886		465727		3450
114		1900		469720		3448
115		1964		473734		3460
116		1966		477687		3455
117		1981		481686		3424
118		2011		485658		3433
119		1979		489626		3424
120		1943		493592		3438
121		1975		497529		3447
122		2033		501518		3451
123		2013		505508		3446
124		2023		509501		3444
125		2041		513479		3447
126		2037		517498		3442
127		1990		521513		3448
128		1990		525494		3463
129		1978		529481		3452
130		1930		533449		3452
131		1911		537457		3458
132		1923		541429		3446
133		2001		545426		3438
134		1969		549413		3416
135		1940		553369		3399
136		1903		557304		3406
137		1911		561257		3420
138		1926		565268		3442
139		1923		569169		3448
140		1912		573166		3430
141		1935		577119		3443
142		1908		581110		3463
143		1880		585097		3457
144		1910		589090		3449
145		1910		593096		3457
146		1901		597051		3463
147		1878		601026		3471
148		1904		605032		3476
149		1955		609054		3488
150		1942		613022		3457
151		1918		617048		3450
152		1975		621073		3441
153		1947		625065		3434
154		1947		629073		3436
155		1950		633079		3433
156		1979		637074		3439
157		1979		641045		3439
158		1921		645060		3427
159		1899		649066		3437
160		1870		653069		3435
161		1866		657063		3426
162		1840		661029		3433
163		1803		664970		3430
164		1773		668961		3449
165		1750		672886		3434
166		1705		676874		3422
167		1716		680826		3447
168		1688		684771		3461
169		1677		688703		3450
170		1639		692682		3443
171		1648		696607		3462
172		1672		700568		3453
173		1675		704565		3453
174		1685		708514		3442
175		1673		712462		3445
176		1655		716431		3459
177		1628		720377		3457
178		1616		724309		3456
179		1553		728263		3444
180		1536		732204		3444
181		1577		736185		3449
182		1586		740139		3449
183		1619		744073		3435
184		1665		748041		3439
185		1657		751989		3443
186		1658		755941		3435
187		1628		759886		3457
188		1609		763867		3454
189		1600		767810		3467
190		1587		771796		3471
191		1586		775746		3462
192		1584		779696		3455
193		1579		783655		3446
194		1591		787596		3438
195		1595		791566		3439
196		1604		795524		3435
197		1581		799478		3437
198		1564		803415		3436
199		1560		807371		3434
200		1556		811274		3433
201		1602		815212		3445
202		1539		819168		3464
203		1514		823099		3463
204		1536		827070		3463
205		1573		831055		3467
206		1558		834988		3467
207		1533		838922		3463
208		1520		842847		3465
209		1539		846732		3452
210		1548		850715		3455
211		1567		854685		3461
212		1542		858635		3462
213		1552		862595		3453
214		1522		866536		3466
215		1503		870473		3468
216		1512		874408		3462
217		1511		878377		3464
218		1500		882336		3455
219		1488		886220		3470
220		1479		890124		3461
221		1505		894028		3455
222		1512		897958		3463
223		1512		901906		3456
224		1514		905857		3453
225		1538		909759		3456
226		1524		913679		3447
227		1503		917617		3452
228		1490		921559		3463
229		1493		925531		3453
230		1517		929494		3457
231		1523		933434		3451
232		1515		937365		3454
233		1524		941325		3462
234		1508		945282		3469
235		1502		949185		3467
236		1471		953136		3468
237		1487		957080		3465
238		1497		960991		3470
239		1520		964963		3461
240		1518		968901		3486
241		1463		972842		3476
242		1473		976805		3476
243		1439		980660		3475
244		1439		984617		3474
245		1438		988532		3478
246		1471		992437		3471
247		1468		996354		3473
248		1427		1000286		3472
249		1435		1004246		3455
250		1460		1008163		3469
251		1456		1012090		3466
252		1426		1016005		3462
253		1422		1019986		3454
254		1377		1023883		3448
255		1355		1027802		3446
256		1377		1031702		3450
257		1370		1035640		3452
258		1345		1039585		3456
259		1324		1043484		3460
260		1300		1047382		3458
261		1293		1051295		3462
262		1291		1055239		3466
263		1306		1059133		3462
264		1313		1063068		3475
265		1300		1066988		3471
266		1280		1070937		3482
267		1264		1074843		3477
268		1270		1078807		3478
269		1273		1082739		3464
270		1297		1086680		3469
271		1297		1090579		3471
272		1308		1094474		3460
273		1306		1098376		3466
274		1311		1102335		3458
275		1316		1106284		3459
276		1296		1110228		3459
277		1286		1114171		3460
278		1279		1118135		3459
279		1301		1122046		3466
280		1321		1125948		3456
281		1313		1129876		3457
282		1318		1133787		3471
283		1316		1137713		3477
284		1324		1141640		3465
285		1332		1145548		3480
286		1315		1149489		3473
287		1315		1153433		3481
288		1337		1157345		3472
289		1325		1161278		3466
290		1321		1165215		3463
291		1322		1169127		3452
292		1327		1173081		3461
293		1336		1177032		3459
294		1367		1180971		3452
295		1381		1184860		3459
296		1379		1188846		3459
297		1367		1192816		3455
298		1355		1196761		3454
299		1342		1200686		3460
300		1340		1204648		3464
301		1306		1208601		3471
302		1297		1212574		3471
303		1300		1216467		3468
304		1333		1220384		3465
305		1336		1224330		3466
306		1344		1228296		3462
307		1366		1232206		3472
308		1333		1236125		3470
309		1317		1240051		3475
310		1325		1243983		3476
311		1305		1247911		3469
312		1304		1251855		3455
313		1308		1255770		3464
314		1294		1259676		3467
315		1296		1263606		3465
316		1315		1267551		3466
317		1315		1271479		3469
318		1301		1275463		3481
319		1316		1279378		3477
320		1293		1283339		3471
321		1295		1287265		3469
322		1278		1291184		3476
323		1268		1295095		3455
324		1279		1299040		3454
325		1276		1302958		3462
326		1251		1306875		3462
327		1225		1310802		3473
328		1220		1314774		3473
329		1213		1318717		3469
330		1214		1322589		3467
331		1207		1326481		3472
332		1218		1330415		3473
333		1222		1334323		3460
334		1219		1338264		3472
335		1208		1342159		3471
336		1208		1346052		3460
337		1183		1349952		3457
338		1188		1353812		3465
339		1183		1357745		3469
340		1181		1361653		3473
341		1156		1365602		3470
342		1139		1369476		3472
343		1123		1373398		3470
344		1136		1377288		3466
345		1117		1381169		3464
346		1118		1385072		3465
347		1118		1388997		3462
348		1115		1392914		3467
349		1127		1396844		3469
350		1131		1400788		3467
351		1130		1404707		3466
352		1120		1408586		3471
353		1108		1412486		3472
354		1121		1416368		3468
355		1105		1420261		3469
356		1083		1424170		3464
357		1102		1428056		3471
358		1099		1431892		3469
359		1080		1435783		3466
360		1089		1439672		3469
361		1091		1443567		3467
362		1087		1447436		3471
363		1078		1451275		3469
364		1100		1455152		3470
365		1102		1459031		3465
366		1087		1462946		3463
367		1080		1466847		3465
368		1090		1470743		3458
369		1095		1474653		3462
370		1091		1478565		3462
371		1084		1482490		3464
372		1086		1486351		3464
373		1074		1490265		3463
374		1088		1494192		3463
375		1106		1498106		3460
376		1095		1502013		3451
377		1085		1505910		3452
378		1083		1509812		3448
379		1072		1513706		3451
380		1056		1517582		3448
381		1053		1521485		3445
382		1043		1525410		3447
383		1047		1529275		3447
384		1040		1533183		3451
385		1045		1537054		3444
386		1052		1540918		3452
387		1057		1544862		3448
388		1050		1548790		3446
389		1039		1552668		3444
390		1029		1556582		3445
391		1034		1560500		3449
392		1037		1564420		3451
393		1026		1568348		3457
394		1028		1572261		3464
395		1027		1576117		3459
396		1015		1580007		3460
397		1011		1583916		3459
398		1003		1587828		3464
399		988		1591699		3462
400		984		1595643		3465
401		992		1599541		3464
402		991		1603409		3461
403		995		1607283		3457
404		1000		1611160		3453
405		999		1615032		3462
406		1003		1618953		3460
407		1006		1622819		3462
408		997		1626795		3460
409		1000		1630720		3457
410		1000		1634601		3458
411		975		1638532		3462
412		978		1642444		3462
413		969		1646357		3458
414		974		1650204		3458
415		973		1654081		3459
416		964		1657974		3461
417		964		1661873		3462
418		965		1665786		3466
419		964		1669685		3462
420		971		1673602		3459
421		969		1677458		3470
422		967		1681367		3469
423		963		1685296		3467
424		958		1689213		3463
425		962		1693100		3466
426		965		1697022		3469
427		958		1700877		3470
428		952		1704817		3471
429		954		1708698		3470
430		960		1712553		3465
431		964		1716452		3465
432		944		1720390		3461
433		949		1724301		3460
434		951		1728171		3459
435		945		1732064		3461
436		938		1735965		3461
437		940		1739804		3462
438		935		1743719		3463
439		941		1747634		3463
440		939		1751498		3467
441		940		1755384		3465
442		949		1759297		3463
443		946		1763178		3461
444		943		1767067		3460
445		945		1770920		3455
446		944		1774853		3457
447		939		1778722		3462
448		920		1782639		3460
449		913		1786580		3460
450		909		1790464		3457
451		915		1794366		3456
452		915		1798217		3450
453		906		1802103		3450
454		907		1805959		3451
455		907		1809823		3456
456		911		1813744		3457
457		911		1817669		3454
458		914		1821564		3455
459		912		1825460		3457
460		913		1829359		3454
461		913		1833275		3454
462		903		1837170		3450
463		901		1841064		3451
464		898		1844923		3452
465		890		1848771		3453
466		893		1852684		3449
467		896		1856565		3453
468		891		1860485		3459
469		883		1864384		3457
470		887		1868246		3455
471		886		1872132		3459
472		883		1875986		3462
473		884		1879900		3464
474		879		1883789		3465
475		886		1887695		3454
476		882		1891591		3454
477		882		1895532		3456
478		884		1899373		3453
479		883		1903271		3453
480		876		1907176		3455
481		867		1911066		3448
482		869		1914964		3447
483		868		1918829		3445
484		870		1922722		3444
485		869		1926636		3447
486		869		1930510		3450
487		866		1934387		3450
488		861		1938261		3454
489		862		1942165		3457
490		854		1946064		3452
491		856		1949978		3449
492		859		1953821		3446
493		860		1957718		3451
494		862		1961564		3449
495		865		1965455		3442
496		862		1969308		3444
497		859		1973177		3445
498		856		1977026		3448
499		856		1980909		3448
500		862		1984756		3449
501		863		1988626		3452
502		861		1992510		3452
503		860		1996373		3452
504		858		2000244		3452
505		845		2004086		3452
506		844		2007972		3458
507		847		2011839		3457
508		849		2015747		3457
509		847		2019615		3460
510		845		2023533		3458
511		842		2027453		3452
512		847		2031330		3453
513		846		2035237		3451
514		847		2039087		3450
515		842		2042991		3449
516		844		2046916		3450
517		844		2050777		3452
518		845		2054627		3452
519		844		2058508		3459
520		842		2062422		3457
521		842		2066302		3455
522		839		2070188		3459
523		838		2074055		3461
524		840		2077950		3460
525		839		2081793		3456
526		837		2085694		3455
527		829		2089598		3452
528		828		2093458		3453
529		819		2097321		3455
530		819		2101168		3456
531		823		2105048		3454
532		823		2108943		3452
533		824		2112848		3455
534		825		2116718		3456
535		825		2120630		3455
536		822		2124486		3456
537		825		2128354		3458
538		823		2132187		3463
539		820		2136036		3461
540		818		2139855		3460
541		817		2143732		3460
542		815		2147613		3465
543		817		2151518		3461
544		810		2155425		3456
545		811		2159333		3456
546		810		2163239		3452
547		807		2167153		3454
548		806		2171046		3454
549		804		2174923		3456
550		800		2178857		3452
551		802		2182727		3451
552		798		2186638		3452
553		797		2190523		3454
554		795		2194425		3455
555		793		2198346		3455
556		795		2202195		3457
557		793		2206049		3457
558		791		2209905		3457
559		786		2213824		3457
560		789		2217727		3456
561		792		2221589		3450
562		793		2225457		3453
563		786		2229327		3453
564		781		2233226		3451
565		781		2237108		3451
566		781		2240961		3451
567		778		2244842		3455
568		775		2248702		3456
569		773		2252566		3455
570		772		2256448		3455
571		770		2260333		3456
572		770		2264221		3456
573		770		2268094		3459
574		770		2271989		3460
575		770		2275907		3460
576		770		2279804		3460
577		770		2283662		3459
578		770		2287531		3459
579		769		2291430		3458
580		768		2295302		3458
581		767		2299137		3455
582		763		2303028		3455
583		764		2306919		3456
584		765		2310816		3460
585		765		2314643		3460
586		762		2318483		3460
587		762		2322388		3460
588		762		2326271		3461
589		761		2330183		3461
590		760		2334048		3462
591		760		2337949		3462
592		760		2341846		3462
593		758		2345737		3463
594		757		2349643		3463
595		758		2353612		3462
596		758		2357548		3462
597		758		2361408		3462
598		758		2365262		3463
599		758		2369161		3463
600		756		2373062		3462
601		756		2376935		3462
602		756		2380779		3462
603		755		2384640		3462
604		755		2388559		3462
605		754		2392410		3461
606		754		2396263		3461
607		752		2400164		3461
608		753		2404009		3460
609		753		2407859		3460
610		753		2411726		3460
611		753		2415583		3460
612		751		2419478		3460
613		751		2423391		3460
614		751		2427226		3460
615		751		2431147		3460
616		751		2435028		3460
617		749		2438903		3459
618		749		2442784		3458
619		749		2446686		3458
620		749		2450606		3458
621		749		2454536		3458
622		750		2458398		3458
623		750		2462267		3458
624		750		2466173		3458
625		750		2470089		3456
626		748		2473941		3456
627		748		2477855		3455
628		748		2481759		3455
629		749		2485643		3455
630		749		2489539		3455
631		749		2493444		3455
632		749		2497347		3454
633		749		2501234		3453
634		749		2505160		3453
635		749		2509016		3454
636		750		2512939		3453
637		750		2516836		3452
638		750		2520753		3453
639		751		2524635		3452
640		751		2528461		3452
641		749		2532324		3451
642		749		2536194		3451
643		749		2540103		3451
644		747		2543982		3452
645		746		2547831		3454
646		746		2547831		3454
647		746		2547832		3454
648		744		2547834		3454
649		744		2547834		3454
650		743		2547835		3454
651		742		2547836		3454
652		739		2547837		3455
653		738		2547838		3456
654		737		2547839		3455
655		737		2547839		3455
656		737		2547839		3455
657		737		2547839		3455
658		737		2547839		3455
659		737		2547839		3455
660		737		2547839		3455
661		738		2547840		3454
662		735		2547841		3456
663		735		2547841		3456
664		735		2547841		3456
665		735		2547841		3456
666		735		2547841		3456
667		735		2547841		3456
668		735		2547841		3456
669		735		2547841		3456
670		735		2547841		3456
671		735		2547841		3456
672		735		2547841		3456
673		733		2547842		3455
674		733		2547842		3455
675		733		2547842		3455
676		733		2547842		3455
677		733		2547842		3455
678		733		2547842		3455
679		732		2547843		3455
680		732		2547843		3455
681		732		2547843		3455
682		732		2547843		3455
683		731		2547844		3454
684		731		2547844		3454
685		731		2547844		3454
686		731		2547844		3454
687		731		2547844		3454
688		731		2547844		3454
689		731		2547844		3454
690		731		2547844		3454
691		731		2547844		3454
692		731		2547844		3454
693		731		2547844		3454
694		731		2547844		3454
695		731		2547844		3454
696		731		2547844		3454
697		731		2547844		3454
698		731		2547844		3454
699		731		2547844		3454
700		731		2547844		3454
701		731		2547844		3454
702		729		2547845		3454
703		729		2547845		3454
704		729		2547845		3454
705		729		2547845		3454
706		729		2547845		3454
707		729		2547845		3454
708		729		2547845		3454
709		729		2547845		3454
710		729		2547845		3454
711		729		2547845		3454
712		729		2547845		3454
713		729		2547845		3454
714		729		2547845		3454
715		729		2547845		3454
716		729		2547845		3454
717		729		2547845		3454
718		729		2547845		3454
719		729		2547845		3454
720		727		2547846		3456
721		727		2547846		3456
722		727		2547846		3456
723		727		2547846		3456
724		727		2547846		3456
725		727		2547846		3456
726		725		2547847		3456
727		725		2547847		3456
728		725		2547847		3456
729		725		2547847		3456
730		725		2547847		3456
731		725		2547847		3456
732		725		2547847		3456
733		725		2547847		3456
734		725		2547847		3456
735		725		2547847		3456
736		725		2547847		3456
737		725		2547847		3456
738		725		2547847		3456
739		725		2547847		3456
740		725		2547847		3456
741		725		2547847		3456
742		725		2547847		3456
743		725		2547847		3456
744		725		2547847		3456
745		725		2547847		3456
746		725		2547847		3456
747		725		2547847		3456
748		725		2547847		3456
749		725		2547847		3456
750		725		2547847		3456
751		725		2547847		3456
752		725		2547847		3456
753		725		2547847		3456
754		725		2547847		3456
755		725		2547847		3456
756		725		2547847		3456
757		725		2547847		3456
758		725		2547847		3456
759		725		2547847		3456
760		725		2547847		3456
761		724		2547848		3457
762		724		2547848		3457
763		724		2547848		3457
764		724		2547848		3457
765		724		2547848		3457
766		724		2547848		3457
767		724		2547848		3457
768		724		2547848		3457
769		724		2547848		3457
770		724		2547848		3457
771		724		2547848		3457
772		724		2547848		3457
773		724		2547848		3457
774		724		2547848		3457
775		724		2547848		3457
776		724		2547848		3457
777		724		2547848		3457
778		724		2547848		3457
779		724		2547848		3457
780		724		2547848		3457
781		724		2547848		3457
782		724		2547848		3457
783		724		2547848		3457
784		724		2547848		3457
785		724		2547848		3457
786		724		2547848		3457
787		724		2547848		3457
788		724		2547848		3457
789		724		2547848		3457
790		724		2547848		3457
791		724		2547848		3457
792		724		2547848		3457
793		724		2547848		3457
794		724		2547848		3457
795		724		2547848		3457
796		724		2547848		3457
797		724		2547848		3457
798		724		2547848		3457
799		724		2547848		3457
800		724		2547848		3457
801		724		2547848		3457
802		724		2547848		3457
803		724		2547848		3457
804		724		2547848		3457
805		724		2547848		3457
806		724		2547848		3457
807		724		2547848		3457
808		724		2547848		3457
809		724		2547848		3457
810		724		2547848		3457
811		724		2547848		3457
812		724		2547848		3457
813		724		2547848		3457
814		724		2547848		3457
815		724		2547848		3457
816		724		2547848		3457
817		724		2547848		3457
818		724		2547848		3457
819		724		2547848		3457
820		724		2547848		3457
821		724		2547848		3457
822		724		2547848		3457
823		724		2547848		3457
824		724		2547848		3457
825		724		2547848		3457
826		724		2547848		3457
827		724		2547848		3457
828		724		2547848		3457
829		724		2547848		3457
830		724		2547848		3457
831		724		2547848		3457
832		724		2547848		3457
833		724		2547848		3457
834		724		2547848		3457
835		724		2547848		3457
836		724		2547848		3457
837		724		2547848		3457
838		724		2547848		3457
839		724		2547848		3457
840		724		2547848		3457
841		724		2547848		3457
842		724		2547848		3457
843		724		2547848		3457
844		724		2547848		3457
845		724		2547848		3457
846		724		2547848		3457
847		724		2547848		3457
848		724		2547848		3457
849		724		2547848		3457
850		724		2547848		3457
851		724		2547848		3457
852		724		2547848		3457
853		724		2547848		3457
854		724		2547848		3457
855		724		2547848		3457
856		724		2547848		3457
857		724		2547848		3457
858		724		2547848		3457
859		724		2547848		3457
860		724		2547848		3457
861		724		2547848		3457
862		724		2547848		3457
863		724		2547848		3457
864		724		2547848		3457
865		724		2547848		3457
866		724		2547848		3457
867		724		2547848		3457
868		724		2547848		3457
869		724		2547848		3457
870		724		2547848		3457
871		724		2547848		3457
872		724		2547848		3457
873		724		2547848		3457
874		724		2547848		3457
875		724		2547848		3457
876		724		2547848		3457
877		724		2547848		3457
878		724		2547848		3457
879		724		2547848		3457
880		724		2547848		3457
881		724		2547848		3457
882		724		2547848		3457
883		724		2547848		3457
884		724		2547848		3457
885		724		2547848		3457
886		724		2547848		3457
887		724		2547848		3457
888		724		2547848		3457
889		724		2547848		3457
890		724		2547848		3457
891		724		2547848		3457
892		724		2547848		3457
893		724		2547848		3457
894		724		2547848		3457
895		724		2547848		3457
896		724		2547848		3457
897		724		2547848		3457
898		724		2547848		3457
899		724		2547848		3457
900		724		2547848		3457
901		724		2547848		3457
902		724		2547848		3457
903		724		2547848		3457
904		724		2547848		3457
905		724		2547848		3457
906		724		2547848		3457
907		724		2547848		3457
908		724		2547848		3457
909		724		2547848		3457
910		724		2547848		3457
911		724		2547848		3457
912		724		2547848		3457
913		724		2547848		3457
914		724		2547848		3457
915		724		2547848		3457
916		724		2547848		3457
917		724		2547848		3457
918		724		2547848		3457
919		724		2547848		3457
920		724		2547848		3457
921		724		2547848		3457
922		724		2547848		3457
923		724		2547848		3457
924		724		2547848		3457
925		724		2547848		3457
926		724		2547848		3457
927		724		2547848		3457
928		724		2547848		3457
929		724		2547848		3457
930		724		2547848		3457
931		724		2547848		3457
932		724		2547848		3457
933		724		2547848		3457
934		724		2547848		3457
935		724		2547848		3457
936		724		2547848		3457
937		724		2547848		3457
938		724		2547848		3457
939		724		2547848		3457
940		724		2547848		3457
941		724		2547848		3457
942		724		2547848		3457
943		724		2547848		3457
944		724		2547848		3457
945		724		2547848		3457
946		724		2547848		3457
947		724		2547848		3457
948		724		2547848		3457
949		724		2547848		3457
950		724		2547848		3457
951		724		2547848		3457
952		724		2547848		3457
953		724		2547848		3457
954		724		2547848		3457
955		724		2547848		3457
956		724		2547848		3457
957		724		2547848		3457
958		724		2547848		3457
959		724		2547848		3457
960		724		2547848		3457
961		724		2547848		3457
962		724		2547848		3457
963		724		2547848		3457
964		724		2547848		3457
965		724		2547848		3457
966		724		2547848		3457
967		724		2547848		3457
968		724		2547848		3457
969		724		2547848		3457
970		724		2547848		3457
971		724		2547848		3457
972		724		2547848		3457
973		724		2547848		3457
974		724		2547848		3457
975		724		2547848		3457
976		724		2547848		3457
977		724		2547848		3457
978		724		2547848		3457
979		724		2547848		3457
980		724		2547848		3457
981		724		2547848		3457
982		724		2547848		3457
983		724		2547848		3457
984		724		2547848		3457
985		724		2547848		3457
986		724		2547848		3457
987		724		2547848		3457
988		724		2547848		3457
989		724		2547848		3457
990		724		2547848		3457
991		724		2547848		3457
992		724		2547848		3457
993		724		2547848		3457
994		724		2547848		3457
995		724		2547848		3457
996		724		2547848		3457
997		724		2547848		3457
998		724		2547848		3457
999		724		2547848		3457
