# Migration is number of nodes that have changed color.

Round		Edge-Cut		Swaps		Migrations		Skipped
0		10076		4638		3208
1		9868		9245		3320
2		9794		13847		3451
3		9740		18420		3357
4		9693		23001		3416
5		9576		27573		3445
6		9545		32146		3448
7		9519		36716		3464
8		9557		41297		3556
9		9438		45846		3454
10		9503		50383		3477
11		9445		54943		3495
12		9397		59484		3479
13		9246		64014		3519
14		9236		68541		3529
15		9254		73087		3509
16		9287		77622		3509
17		9190		82151		3504
18		9217		86660		3521
19		9234		91201		3543
20		9231		95756		3497
21		9210		100305		3545
22		9154		104855		3503
23		9117		109400		3476
24		8997		113927		3477
25		9107		118451		3511
26		9106		122991		3466
27		9136		127498		3490
28		9133		132023		3501
29		9121		136520		3512
30		9180		141061		3472
31		9108		145563		3540
32		9126		150084		3472
33		9038		154606		3508
34		9096		159108		3502
35		8969		163613		3506
36		8985		168100		3530
37		8961		172598		3491
38		8936		177110		3487
39		8794		181613		3520
40		8779		186116		3461
41		8716		190602		3538
42		8780		195058		3517
43		8733		199564		3515
44		8643		204043		3500
45		8698		208563		3529
46		8700		213022		3544
47		8669		217523		3575
48		8599		222007		3545
49		8642		226519		3523
50		8642		231008		3506
51		8558		235484		3479
52		8494		239961		3530
53		8380		244438		3552
54		8445		248895		3517
55		8313		253367		3505
56		8286		257838		3481
57		8286		262292		3456
58		8242		266770		3514
59		8269		271228		3528
60		8259		275672		3528
61		8117		280148		3484
62		8076		284627		3534
63		8052		289057		3536
64		8017		293500		3530
65		8057		297917		3449
66		8076		302347		3532
67		8123		306787		3500
68		8174		311241		3505
69		8150		315712		3512
70		8156		320164		3525
71		8127		324604		3548
72		8244		329075		3509
73		8258		333532		3456
74		8203		337982		3510
75		8129		342438		3519
76		8180		346899		3526
77		8207		351368		3538
78		8206		355826		3530
79		8256		360316		3539
80		8158		364774		3525
81		8140		369280		3530
82		8103		373740		3490
83		8009		378238		3538
84		7958		382712		3509
85		7854		387139		3481
86		7810		391573		3520
87		7789		396002		3539
88		7871		400446		3502
89		7768		404891		3498
90		7848		409342		3524
91		7878		413780		3488
92		7757		418241		3498
93		7856		422683		3486
94		7815		427111		3487
95		7792		431540		3496
96		7788		435983		3508
97		7807		440471		3502
98		7766		444901		3483
99		7751		449348		3488
100		7667		453802		3519
101		7659		458276		3519
102		7641		462723		3538
103		7582		467147		3536
104		7578		471574		3481
105		7487		475990		3529
106		7559		480445		3547
107		7503		484927		3460
108		7456		489378		3490
109		7562		493845		3518
110		7429		498296		3520
111		7368		502728		3531
112		7347		507184		3526
113		7425		511632		3498
114		7403		516081		3487
115		7336		520522		3525
116		7371		524929		3505
117		7240		529384		3528
118		7221		533847		3509
119		7169		538264		3447
120		7122		542718		3534
121		7102		547174		3554
122		7136		551629		3516
123		7110		556102		3509
124		7041		560568		3486
125		7137		565035		3522
126		7197		569508		3514
127		7106		573985		3500
128		7079		578435		3549
129		6973		582902		3527
130		6976		587356		3515
131		7006		591842		3508
132		6893		596311		3515
133		6954		600734		3500
134		6886		605173		3516
135		6827		609638		3546
136		6807		614084		3500
137		6886		618508		3500
138		6877		622945		3507
139		6873		627417		3528
140		6695		631841		3541
141		6709		636281		3511
142		6663		640708		3482
143		6629		645132		3481
144		6598		649579		3511
145		6616		654061		3509
146		6589		658541		3537
147		6580		663005		3524
148		6553		667449		3529
149		6596		671912		3506
150		6506		676375		3506
151		6473		680815		3487
152		6501		685275		3552
153		6453		689719		3540
154		6406		694183		3520
155		6391		698639		3574
156		6398		703084		3508
157		6335		707538		3492
158		6322		711978		3521
159		6279		716427		3576
160		6310		720878		3567
161		6370		725355		3543
162		6248		729832		3521
163		6292		734287		3504
164		6326		738744		3516
165		6384		743209		3513
166		6340		747675		3523
167		6363		752155		3559
168		6236		756607		3524
169		6299		761087		3514
170		6281		765538		3527
171		6393		770021		3517
172		6281		774511		3538
173		6268		778987		3504
174		6270		783459		3543
175		6281		787939		3505
176		6212		792426		3537
177		6172		796919		3517
178		6195		801433		3500
179		6128		805902		3470
180		6106		810387		3526
181		6039		814850		3490
182		6017		819320		3494
183		5951		823804		3534
184		5883		828267		3530
185		5880		832748		3498
186		5884		837205		3520
187		5865		841672		3533
188		5892		846121		3515
189		5915		850608		3555
190		5895		855098		3540
191		5889		859567		3498
192		5858		864023		3481
193		5875		868509		3479
194		5892		872971		3521
195		5891		877465		3502
196		5911		881957		3538
197		5914		886455		3486
198		5915		890950		3525
199		5827		895454		3536
200		5819		899933		3544
201		5771		904406		3504
202		5768		908882		3518
203		5724		913362		3516
204		5753		917862		3528
205		5701		922328		3537
206		5731		926823		3529
207		5744		931314		3559
208		5762		935794		3553
209		5806		940297		3538
210		5815		944793		3544
211		5801		949289		3544
212		5744		953759		3517
213		5768		958243		3561
214		5768		962730		3507
215		5715		967241		3499
216		5669		971704		3498
217		5730		976211		3518
218		5711		980714		3503
219		5753		985225		3484
220		5701		989702		3459
221		5651		994199		3491
222		5636		998696		3498
223		5640		1003204		3529
224		5643		1007693		3531
225		5628		1012200		3459
226		5607		1016686		3512
227		5612		1021156		3535
228		5626		1025625		3513
229		5638		1030118		3509
230		5621		1034619		3500
231		5541		1039125		3521
232		5552		1043638		3535
233		5492		1048161		3545
234		5445		1052681		3501
235		5439		1057168		3497
236		5396		1061659		3495
237		5357		1066144		3530
238		5338		1070647		3516
239		5278		1075122		3508
240		5271		1079603		3508
241		5289		1084076		3527
242		5313		1088600		3549
243		5327		1093095		3500
244		5331		1097581		3495
245		5247		1102097		3486
246		5322		1106592		3546
247		5287		1111080		3466
248		5319		1115594		3499
249		5387		1120101		3484
250		5369		1124617		3490
251		5356		1129129		3523
252		5356		1133637		3503
253		5333		1138160		3515
254		5363		1142688		3511
255		5267		1147205		3517
256		5320		1151701		3536
257		5267		1156213		3547
258		5211		1160725		3534
259		5234		1165240		3501
260		5188		1169743		3504
261		5208		1174245		3461
262		5074		1178762		3507
263		5132		1183242		3494
264		5090		1187748		3482
265		5097		1192285		3499
266		5057		1196812		3550
267		5038		1201308		3537
268		5082		1205837		3526
269		5022		1210353		3517
270		5039		1214870		3530
271		5054		1219343		3525
272		5027		1223861		3496
273		5032		1228347		3531
274		5018		1232845		3519
275		4974		1237362		3522
276		4998		1241873		3509
277		5030		1246354		3486
278		5035		1250857		3480
279		5034		1255367		3537
280		5013		1259890		3508
281		5076		1264390		3503
282		5158		1268919		3510
283		5165		1273461		3512
284		5157		1277989		3542
285		5081		1282523		3555
286		5096		1287052		3532
287		5107		1291563		3542
288		5114		1296118		3516
289		5048		1300644		3527
290		5043		1305157		3541
291		5067		1309699		3537
292		4921		1314223		3514
293		4978		1318731		3521
294		4893		1323240		3567
295		4889		1327769		3504
296		4903		1332296		3530
297		4876		1336834		3543
298		4836		1341354		3517
299		4884		1345911		3488
300		4945		1350456		3511
301		5003		1354995		3506
302		4927		1359562		3493
303		4906		1364106		3466
304		4882		1368636		3508
305		4895		1373154		3502
306		4875		1377680		3476
307		4866		1382231		3502
308		4939		1386755		3501
309		4899		1391315		3507
310		4851		1395859		3476
311		4869		1400372		3540
312		4907		1404908		3543
313		4907		1409469		3563
314		4879		1414019		3534
315		4897		1418563		3521
316		4941		1423126		3536
317		4901		1427701		3499
318		4896		1432276		3490
319		4830		1436843		3527
320		4798		1441387		3516
321		4839		1445971		3507
322		4783		1450532		3528
323		4823		1455091		3519
324		4818		1459625		3515
325		4788		1464208		3505
326		4790		1468737		3509
327		4718		1473314		3552
328		4748		1477873		3520
329		4767		1482427		3537
330		4731		1486986		3513
331		4703		1491544		3506
332		4671		1496080		3516
333		4666		1500624		3495
334		4652		1505151		3512
335		4636		1509648		3522
336		4676		1514197		3530
337		4664		1518760		3521
338		4668		1523313		3545
339		4660		1527860		3486
340		4613		1532409		3505
341		4602		1536947		3507
342		4597		1541488		3481
343		4586		1546040		3491
344		4657		1550591		3543
345		4605		1555139		3489
346		4601		1559660		3459
347		4560		1564196		3500
348		4541		1568725		3482
349		4561		1573270		3497
350		4566		1577820		3502
351		4611		1582364		3506
352		4594		1586924		3501
353		4625		1591470		3507
354		4543		1596029		3496
355		4591		1600567		3499
356		4618		1605102		3518
357		4526		1609668		3536
358		4523		1614206		3528
359		4525		1618745		3513
360		4551		1623302		3507
361		4584		1627834		3502
362		4596		1632385		3533
363		4560		1636959		3494
364		4513		1641519		3500
365		4482		1646068		3500
366		4529		1650624		3547
367		4575		1655167		3521
368		4553		1659734		3506
369		4646		1664282		3504
370		4637		1668819		3503
371		4589		1673353		3519
372		4593		1677908		3554
373		4467		1682472		3538
374		4444		1687015		3563
375		4473		1691552		3532
376		4476		1696085		3474
377		4497		1700611		3508
378		4430		1705159		3477
379		4406		1709719		3514
380		4412		1714270		3476
381		4428		1718808		3505
382		4414		1723363		3504
383		4353		1727909		3515
384		4373		1732454		3487
385		4363		1736991		3509
386		4351		1741536		3542
387		4361		1746042		3505
388		4380		1750584		3505
389		4425		1755127		3510
390		4378		1759661		3510
391		4359		1764220		3486
392		4350		1768773		3483
393		4415		1773317		3535
394		4403		1777874		3521
395		4402		1782425		3490
396		4429		1786991		3555
397		4423		1791555		3569
398		4406		1796111		3512
399		4356		1800696		3513
400		4295		1805276		3559
401		4353		1809812		3528
402		4335		1814354		3498
403		4345		1818912		3472
404		4405		1823486		3523
405		4441		1828039		3540
406		4379		1832609		3519
407		4322		1837157		3500
408		4309		1841703		3495
409		4264		1846257		3507
410		4208		1850809		3523
411		4310		1855354		3514
412		4295		1859904		3518
413		4267		1864455		3542
414		4342		1869037		3518
415		4212		1873629		3516
416		4241		1878193		3511
417		4228		1882762		3512
418		4260		1887325		3513
419		4276		1891881		3525
420		4209		1896439		3517
421		4174		1900988		3527
422		4194		1905558		3518
423		4201		1910113		3544
424		4249		1914651		3534
425		4204		1919226		3563
426		4251		1923797		3535
427		4167		1928362		3555
428		4183		1932911		3502
429		4225		1937449		3525
430		4181		1942002		3522
431		4156		1946584		3536
432		4128		1951144		3505
433		4202		1955718		3493
434		4207		1960295		3513
435		4173		1964868		3526
436		4110		1969415		3516
437		4120		1973979		3532
438		4133		1978542		3507
439		4194		1983112		3555
440		4215		1987675		3510
441		4250		1992261		3496
442		4283		1996840		3546
443		4158		2001407		3518
444		4215		2005967		3506
445		4249		2010551		3533
446		4198		2015109		3540
447		4218		2019681		3491
448		4172		2024233		3530
449		4220		2028786		3566
450		4230		2033368		3486
451		4163		2037942		3530
452		4198		2042512		3513
453		4159		2047059		3512
454		4167		2051608		3520
455		4229		2056156		3526
456		4189		2060714		3559
457		4259		2065291		3520
458		4215		2069859		3511
459		4239		2074430		3541
460		4314		2079010		3519
461		4277		2083593		3514
462		4272		2088154		3514
463		4263		2092709		3538
464		4277		2097282		3543
465		4232		2101844		3517
466		4193		2106417		3559
467		4283		2110999		3514
468		4292		2115576		3527
469		4293		2120139		3521
470		4301		2124719		3531
471		4257		2129310		3494
472		4297		2133890		3495
473		4274		2138461		3508
474		4256		2143041		3513
475		4268		2147619		3503
476		4280		2152202		3560
477		4294		2156773		3493
478		4300		2161345		3496
479		4245		2165904		3490
480		4242		2170488		3520
481		4154		2175055		3517
482		4221		2179601		3516
483		4194		2184144		3507
484		4262		2188711		3506
485		4271		2193276		3539
486		4169		2197838		3542
487		4131		2202387		3542
488		4145		2206936		3535
489		4107		2211485		3549
490		4146		2216057		3531
491		4142		2220629		3532
492		4177		2225198		3526
493		4188		2229753		3497
494		4214		2234333		3507
495		4233		2238932		3546
496		4211		2243502		3514
497		4236		2248091		3516
498		4233		2252686		3526
499		4249		2257271		3527
500		4167		2261864		3534
501		4136		2266410		3522
502		4168		2270956		3489
503		4172		2275523		3549
504		4292		2280110		3523
505		4235		2284682		3519
506		4282		2289246		3512
507		4291		2293808		3542
508		4269		2298389		3517
509		4265		2302970		3525
510		4206		2307549		3547
511		4252		2312112		3549
512		4242		2316679		3546
513		4233		2321251		3520
514		4221		2325811		3538
515		4244		2330392		3539
516		4206		2334958		3554
517		4269		2339536		3536
518		4259		2344129		3536
519		4265		2348730		3507
520		4302		2353307		3544
521		4228		2357893		3534
522		4249		2362471		3540
523		4200		2367030		3555
524		4222		2371602		3565
525		4174		2376196		3502
526		4164		2380760		3513
527		4186		2385335		3454
528		4205		2389896		3513
529		4242		2394472		3496
530		4227		2399041		3514
531		4189		2403618		3539
532		4104		2408192		3537
533		4085		2412762		3527
534		4077		2417310		3506
535		4079		2421878		3494
536		4039		2426437		3516
537		4038		2431002		3495
538		4001		2435568		3498
539		4031		2440153		3507
540		4071		2444745		3503
541		4109		2449323		3493
542		4126		2453891		3519
543		4060		2458466		3544
544		4071		2463032		3504
545		4172		2467627		3509
546		4117		2472213		3500
547		4043		2476774		3501
548		4006		2481342		3502
549		3989		2485876		3528
550		4017		2490453		3500
551		4032		2495040		3533
552		4020		2499619		3525
553		4023		2504175		3537
554		4032		2508726		3528
555		4046		2513284		3539
556		4036		2517843		3541
557		4019		2522399		3583
558		3999		2526987		3546
559		4001		2531565		3525
560		4001		2536136		3539
561		3941		2540728		3523
562		4011		2545308		3533
563		3981		2549878		3559
564		3961		2554454		3543
565		3965		2559015		3516
566		3972		2563576		3537
567		3943		2568141		3560
568		4012		2572711		3554
569		4032		2577272		3536
570		4025		2581835		3526
571		4074		2586417		3525
572		4068		2591009		3549
573		4045		2595608		3563
574		4029		2600177		3539
575		3977		2604751		3531
576		4023		2609315		3530
577		4054		2613896		3517
578		4007		2618464		3523
579		4003		2623026		3516
580		4001		2627603		3518
581		3986		2632172		3544
582		3951		2636750		3510
583		3959		2641345		3525
584		3968		2645921		3547
585		4000		2650506		3536
586		4022		2655081		3534
587		4009		2659665		3525
588		4039		2664243		3523
589		3958		2668823		3545
590		4016		2673392		3530
591		3989		2677957		3548
592		3940		2682518		3531
593		4008		2687099		3527
594		4001		2691665		3545
595		4003		2696250		3532
596		4015		2700850		3539
597		3980		2705420		3495
598		3943		2710006		3546
599		3927		2714596		3541
600		3959		2719175		3535
601		3935		2723764		3517
602		3892		2728345		3538
603		3915		2732896		3527
604		3951		2737476		3519
605		3959		2742052		3522
606		3981		2746623		3516
607		3986		2751185		3513
608		3952		2755736		3502
609		3863		2760309		3520
610		3885		2764883		3510
611		3917		2769453		3498
612		3915		2774037		3527
613		3897		2778583		3532
614		3927		2783148		3532
615		3856		2787723		3558
616		3875		2792307		3514
617		3881		2796900		3520
618		3887		2801477		3537
619		3868		2806057		3506
620		3857		2810605		3500
621		3867		2815175		3528
622		3879		2819746		3530
623		3903		2824339		3552
624		3867		2828915		3565
625		3854		2833510		3533
626		3828		2838076		3513
627		3833		2842638		3512
628		3843		2847195		3535
629		3851		2851771		3527
630		3825		2856345		3502
631		3804		2860916		3542
632		3778		2865485		3516
633		3823		2870051		3519
634		3849		2874643		3523
635		3811		2879221		3510
636		3828		2883785		3536
637		3791		2888371		3486
638		3826		2892955		3511
639		3825		2897551		3536
640		3799		2902123		3543
641		3863		2906706		3541
642		3847		2911276		3539
643		3822		2915860		3507
644		3880		2920456		3516
645		3870		2925047		3536
646		3863		2929642		3512
647		3849		2934229		3505
648		3860		2938822		3524
649		3880		2943413		3511
650		3906		2947993		3539
651		3918		2952563		3545
652		3891		2957162		3542
653		3918		2961735		3516
654		3852		2966335		3541
655		3830		2970923		3536
656		3859		2975513		3536
657		3945		2980096		3564
658		3851		2984687		3541
659		3884		2989267		3513
660		3852		2993852		3499
661		3884		2998426		3508
662		3839		3003001		3520
663		3784		3007577		3520
664		3819		3012169		3529
665		3846		3016768		3551
666		3870		3021343		3537
667		3902		3025945		3516
668		3938		3030519		3503
669		3873		3035123		3517
670		3886		3039725		3528
671		3867		3044323		3539
672		3782		3048905		3508
673		3802		3053497		3511
674		3808		3058085		3522
675		3843		3062678		3556
676		3806		3067276		3511
677		3797		3071871		3548
678		3792		3076485		3536
679		3750		3081063		3536
680		3806		3085653		3523
681		3779		3090228		3524
682		3800		3094828		3553
683		3802		3099434		3532
684		3769		3104031		3565
685		3806		3108638		3550
686		3771		3113240		3547
687		3740		3117837		3543
688		3802		3122415		3523
689		3768		3127040		3547
690		3786		3131624		3507
691		3822		3136217		3532
692		3820		3140801		3537
693		3788		3145388		3535
694		3826		3149967		3539
695		3850		3154555		3559
696		3846		3159132		3509
697		3848		3163730		3510
698		3916		3168333		3542
699		3855		3172922		3504
700		3848		3177519		3568
701		3849		3182104		3528
702		3876		3186703		3523
703		3883		3191285		3521
704		3824		3195865		3561
705		3854		3200428		3551
706		3837		3205002		3564
707		3864		3209585		3524
708		3863		3214179		3534
709		3878		3218770		3511
710		3832		3223369		3533
711		3777		3227942		3546
712		3784		3232491		3541
713		3819		3237075		3576
714		3839		3241671		3552
715		3782		3246260		3497
716		3806		3250844		3541
717		3808		3255433		3532
718		3783		3260020		3545
719		3782		3264609		3497
720		3776		3269193		3527
721		3756		3273770		3527
722		3781		3278345		3505
723		3793		3282947		3543
724		3825		3287528		3514
725		3750		3292123		3548
726		3759		3296705		3511
727		3773		3301288		3528
728		3780		3305882		3544
729		3786		3310469		3515
730		3746		3315070		3517
731		3723		3319633		3522
732		3710		3324225		3543
733		3729		3328808		3538
734		3785		3333390		3500
735		3792		3338006		3492
736		3822		3342591		3512
737		3801		3347185		3514
738		3799		3351766		3512
739		3822		3356353		3518
740		3860		3360939		3532
741		3829		3365571		3546
742		3849		3370167		3536
743		3829		3374753		3490
744		3800		3379342		3540
745		3862		3383931		3499
746		3828		3388532		3531
747		3809		3393116		3547
748		3774		3397693		3537
749		3830		3402279		3552
750		3830		3406889		3553
751		3852		3411462		3540
752		3869		3416056		3509
753		3851		3420657		3512
754		3844		3425262		3517
755		3849		3429855		3527
756		3834		3434451		3528
757		3837		3439037		3465
758		3885		3443612		3535
759		3824		3448189		3508
760		3841		3452771		3533
761		3807		3457352		3540
762		3810		3461918		3531
763		3810		3466507		3529
764		3849		3471109		3517
765		3775		3475674		3529
766		3849		3480285		3514
767		3835		3484876		3511
768		3886		3489447		3532
769		3858		3494037		3504
770		3847		3498623		3510
771		3857		3503228		3512
772		3835		3507823		3488
773		3810		3512406		3544
774		3763		3516997		3535
775		3796		3521590		3516
776		3806		3526177		3538
777		3830		3530776		3543
778		3821		3535371		3509
779		3817		3539990		3530
780		3760		3544592		3505
781		3730		3549193		3493
782		3745		3553791		3479
783		3779		3558394		3520
784		3716		3563004		3526
785		3758		3567596		3542
786		3787		3572197		3541
787		3753		3576798		3580
788		3742		3581381		3546
789		3736		3585961		3523
790		3786		3590594		3512
791		3773		3595203		3524
792		3764		3599798		3510
793		3787		3604382		3529
794		3796		3608980		3513
795		3818		3613591		3530
796		3809		3618193		3515
797		3793		3622785		3512
798		3802		3627362		3491
799		3849		3631959		3538
800		3862		3636538		3550
801		3926		3641153		3520
802		3893		3645744		3482
803		3908		3650335		3549
804		3941		3654927		3509
805		3949		3659507		3536
806		3884		3664096		3517
807		3860		3668662		3528
808		3928		3673265		3513
809		3911		3677860		3512
810		3909		3682444		3517
811		3872		3687022		3519
812		3919		3691599		3509
813		3967		3696168		3537
814		3922		3700732		3498
815		3944		3705320		3541
816		3954		3709885		3547
817		3962		3714491		3539
818		3986		3719067		3558
819		3973		3723651		3499
820		4014		3728237		3506
821		4038		3732840		3526
822		4064		3737438		3502
823		4067		3742041		3517
824		4072		3746636		3511
825		4040		3751231		3546
826		3998		3755821		3539
827		3992		3760406		3473
828		3937		3764988		3495
829		3974		3769585		3547
830		3981		3774166		3476
831		3989		3778778		3532
832		3951		3783385		3534
833		3874		3787969		3527
834		3895		3792559		3504
835		3875		3797147		3526
836		3912		3801736		3527
837		3868		3806342		3526
838		3850		3810923		3514
839		3862		3815498		3506
840		3862		3820093		3537
841		3878		3824689		3552
842		3881		3829275		3537
843		3920		3833876		3533
844		3903		3838471		3524
845		3925		3843052		3535
846		3853		3847649		3506
847		3874		3852254		3507
848		3834		3856841		3497
849		3841		3861448		3518
850		3820		3866051		3491
851		3841		3870654		3514
852		3791		3875243		3507
853		3772		3879835		3522
854		3802		3884435		3502
855		3809		3889016		3504
856		3832		3893618		3503
857		3782		3898209		3503
858		3792		3902803		3531
859		3812		3907404		3537
860		3820		3912009		3545
861		3832		3916631		3514
862		3814		3921225		3504
863		3775		3925810		3508
864		3829		3930405		3502
865		3767		3934995		3512
866		3739		3939580		3562
867		3708		3944180		3530
868		3721		3948768		3521
869		3772		3953355		3519
870		3694		3957936		3507
871		3693		3962523		3512
872		3765		3967123		3514
873		3804		3971715		3497
874		3816		3976304		3522
875		3846		3980905		3548
876		3834		3985501		3535
877		3866		3990110		3521
878		3860		3994680		3529
879		3852		3999292		3502
880		3826		4003886		3543
881		3778		4008488		3518
882		3773		4013064		3554
883		3799		4017656		3534
884		3806		4022245		3523
885		3829		4026815		3555
886		3833		4031422		3529
887		3802		4036026		3589
888		3803		4040617		3539
889		3842		4045209		3535
890		3847		4049814		3508
891		3831		4054424		3515
892		3810		4059035		3551
893		3809		4063646		3511
894		3762		4068254		3543
895		3788		4072850		3539
896		3782		4077440		3532
897		3769		4082036		3533
898		3780		4086636		3520
899		3775		4091245		3513
900		3771		4095827		3523
901		3717		4100407		3543
902		3788		4104989		3511
903		3805		4109606		3517
904		3785		4114204		3466
905		3769		4118799		3507
906		3828		4123394		3557
907		3791		4127989		3521
908		3776		4132584		3531
909		3736		4137183		3544
910		3775		4141773		3576
911		3720		4146371		3560
912		3734		4150962		3535
913		3763		4155580		3565
914		3800		4160178		3526
915		3739		4164775		3534
916		3706		4169353		3548
917		3743		4173944		3544
918		3702		4178530		3563
919		3649		4183124		3529
920		3671		4187708		3504
921		3705		4192287		3521
922		3713		4196889		3541
923		3728		4201484		3472
924		3668		4206072		3524
925		3657		4210652		3521
926		3646		4215239		3535
927		3623		4219821		3509
928		3593		4224417		3495
929		3620		4228995		3524
930		3600		4233599		3536
931		3593		4238175		3533
932		3580		4242772		3537
933		3551		4247372		3527
934		3566		4251925		3536
935		3543		4256539		3579
936		3518		4261127		3533
937		3511		4265698		3514
938		3529		4270303		3533
939		3553		4274916		3528
940		3566		4279512		3538
941		3562		4284113		3527
942		3573		4288732		3523
943		3565		4293324		3557
944		3512		4297923		3542
945		3605		4302534		3542
946		3550		4307146		3519
947		3580		4311750		3533
948		3568		4316376		3506
949		3601		4320979		3550
950		3577		4325585		3546
951		3587		4330174		3513
952		3635		4334783		3556
953		3618		4339384		3514
954		3587		4343985		3543
955		3573		4348566		3512
956		3603		4353175		3506
957		3622		4357773		3517
958		3617		4362372		3504
959		3621		4366980		3513
960		3556		4371578		3516
961		3511		4376179		3532
962		3479		4380770		3560
963		3560		4385378		3526
964		3604		4389981		3546
965		3563		4394575		3544
966		3631		4399165		3524
967		3682		4403765		3510
968		3673		4408358		3522
969		3676		4412966		3527
970		3684		4417557		3549
971		3699		4422147		3555
972		3673		4426750		3535
973		3687		4431362		3539
974		3592		4435967		3497
975		3612		4440561		3516
976		3601		4445163		3515
977		3576		4449772		3537
978		3532		4454380		3515
979		3546		4458967		3508
980		3540		4463546		3502
981		3583		4468152		3544
982		3615		4472744		3512
983		3529		4477319		3515
984		3628		4481908		3556
985		3661		4486499		3512
986		3595		4491109		3529
987		3613		4495719		3510
988		3576		4500320		3497
989		3562		4504911		3537
990		3560		4509528		3499
991		3559		4514134		3519
992		3621		4518738		3515
993		3606		4523338		3521
994		3610		4527954		3536
995		3603		4532569		3477
996		3602		4537168		3491
997		3615		4541769		3507
998		3588		4546343		3500
999		3599		4550940		3506
