# Migration is number of nodes that have changed color.

Round		Edge-Cut		Swaps		Migrations		Skipped
0		6752		4579		2785
1		5679		8944		3066
2		5134		13214		3181
3		4706		17444		3201
4		4452		21642		3204
5		4220		25839		3265
6		4060		30010		3277
7		3937		34103		3296
8		3784		38283		3304
9		3663		42376		3307
10		3556		46413		3326
11		3496		50543		3322
12		3440		54625		3312
13		3393		58668		3326
14		3338		62751		3322
15		3261		66815		3312
16		3236		70900		3314
17		3161		74937		3314
18		3111		78982		3303
19		3062		82986		3328
20		2959		87026		3338
21		2868		91068		3330
22		2920		95105		3327
23		2949		99105		3325
24		2929		103130		3325
25		2895		107150		3314
26		2827		111243		3304
27		2852		115303		3328
28		2773		119327		3326
29		2774		123380		3310
30		2781		127390		3332
31		2723		131427		3346
32		2669		135437		3337
33		2668		139474		3328
34		2630		143508		3343
35		2579		147549		3342
36		2554		151512		3338
37		2544		155485		3343
38		2499		159518		3344
39		2451		163500		3378
40		2477		167479		3369
41		2464		171454		3361
42		2429		175460		3384
43		2412		179507		3385
44		2419		183479		3377
45		2381		187435		3360
46		2372		191423		3372
47		2365		195422		3357
48		2350		199358		3352
49		2346		203363		3338
50		2348		207360		3380
51		2330		211329		3368
52		2307		215271		3366
53		2318		219227		3363
54		2272		223165		3357
55		2214		227112		3367
56		2198		231098		3362
57		2227		235050		3372
58		2213		239040		3356
59		2200		243023		3361
60		2197		247007		3358
61		2191		251002		3360
62		2218		255000		3363
63		2177		258987		3371
64		2162		262958		3376
65		2151		266924		3384
66		2174		270818		3390
67		2155		274788		3394
68		2147		278767		3395
69		2146		282740		3388
70		2137		286702		3386
71		2105		290674		3379
72		2079		294600		3385
73		2047		298581		3393
74		2002		302523		3410
75		1981		306478		3399
76		1929		310418		3393
77		1909		314358		3402
78		1889		318316		3402
79		1875		322275		3399
80		1884		326196		3404
81		1887		330127		3404
82		1839		334047		3395
83		1822		337975		3386
84		1846		341893		3389
85		1814		345788		3396
86		1808		349730		3394
87		1772		353686		3389
88		1752		357593		3395
89		1735		361526		3388
90		1711		365465		3383
91		1706		369438		3374
92		1699		373378		3370
93		1678		377281		3364
94		1670		381203		3368
95		1642		385121		3385
96		1625		389030		3382
97		1639		392930		3384
98		1619		396853		3381
99		1604		400767		3381
100		1602		404665		3394
101		1590		408551		3387
102		1565		412455		3392
103		1548		416338		3391
104		1542		420236		3390
105		1533		424079		3391
106		1530		428016		3398
107		1514		431895		3393
108		1504		435768		3394
109		1475		439664		3399
110		1465		443572		3399
111		1465		447492		3404
112		1460		451428		3401
113		1449		455331		3395
114		1430		459215		3398
115		1424		463092		3402
116		1427		467015		3404
117		1429		470917		3395
118		1418		474824		3395
119		1402		478746		3397
120		1384		482629		3397
121		1389		486488		3409
122		1378		490409		3405
123		1380		494307		3399
124		1383		498193		3400
125		1377		502111		3403
126		1357		506019		3401
127		1346		509885		3400
128		1340		513776		3397
129		1324		517677		3396
130		1320		521585		3389
131		1318		525478		3394
132		1317		529380		3390
133		1293		533286		3386
134		1283		537182		3387
135		1281		541077		3397
136		1268		544946		3399
137		1274		548862		3395
138		1269		552709		3399
139		1269		556548		3401
140		1272		560412		3407
141		1269		564312		3409
142		1260		568211		3408
143		1258		572092		3405
144		1261		575963		3401
145		1268		579889		3397
146		1265		583721		3400
147		1260		587599		3401
148		1268		591504		3397
149		1261		595446		3398
150		1258		599324		3397
151		1248		603264		3398
152		1243		607155		3401
153		1246		611069		3404
154		1238		614963		3405
155		1235		618844		3406
156		1226		622685		3404
157		1214		626557		3406
158		1205		630480		3419
159		1202		634377		3416
160		1194		638261		3412
161		1188		642163		3410
162		1185		646059		3406
163		1171		649929		3407
164		1162		653821		3407
165		1150		657729		3407
166		1142		661620		3407
167		1138		665509		3407
168		1135		669392		3407
169		1138		673270		3410
170		1142		677107		3413
171		1136		680953		3414
172		1130		684872		3413
173		1132		688739		3417
174		1125		692626		3421
175		1121		696465		3419
176		1119		700397		3422
177		1113		704285		3421
178		1108		708171		3416
179		1103		712097		3415
180		1093		715944		3408
181		1088		719870		3408
182		1079		723728		3405
183		1079		727563		3406
184		1079		731472		3405
185		1077		735368		3405
186		1073		739285		3406
187		1067		743207		3408
188		1069		747111		3407
189		1065		750998		3406
190		1063		754870		3405
191		1063		758738		3405
192		1058		762619		3407
193		1057		766504		3404
194		1057		770353		3404
195		1056		774240		3406
196		1056		778057		3407
197		1054		781914		3408
198		1050		785758		3407
199		1045		789599		3407
200		1041		793465		3403
201		1041		797342		3403
202		1032		801193		3406
203		1032		805067		3406
204		1031		808965		3404
205		1028		812836		3403
206		1028		816696		3404
207		1027		820572		3405
208		1027		824487		3408
209		1026		828370		3408
210		1026		832235		3407
211		1025		836116		3408
212		1025		836116		3408
213		1022		836119		3411
214		1020		836121		3413
215		1018		836123		3414
216		1014		836126		3413
217		1015		836127		3413
218		1016		836128		3412
219		1009		836131		3415
220		1004		836135		3416
221		1004		836135		3416
222		999		836137		3414
223		997		836139		3415
224		997		836139		3415
225		997		836139		3415
226		992		836141		3414
227		989		836143		3416
228		988		836144		3415
229		986		836145		3416
230		986		836145		3416
231		986		836145		3416
232		984		836146		3416
233		985		836147		3415
234		984		836148		3415
235		984		836148		3415
236		982		836149		3414
237		982		836149		3414
238		982		836149		3414
239		982		836149		3414
240		982		836149		3414
241		982		836149		3414
242		982		836149		3414
243		982		836149		3414
244		982		836149		3414
245		982		836149		3414
246		982		836149		3414
247		981		836150		3414
248		981		836150		3414
249		981		836150		3414
250		981		836150		3414
251		981		836150		3414
252		981		836150		3414
253		981		836150		3414
254		981		836150		3414
255		981		836150		3414
256		981		836150		3414
257		981		836150		3414
258		981		836150		3414
259		981		836150		3414
260		981		836150		3414
261		981		836150		3414
262		981		836150		3414
263		981		836150		3414
264		981		836150		3414
265		981		836150		3414
266		981		836150		3414
267		981		836150		3414
268		981		836150		3414
269		981		836150		3414
270		981		836150		3414
271		981		836150		3414
272		981		836150		3414
273		981		836150		3414
274		981		836150		3414
275		981		836150		3414
276		981		836150		3414
277		981		836150		3414
278		981		836150		3414
279		981		836150		3414
280		981		836150		3414
281		981		836150		3414
282		981		836150		3414
283		981		836150		3414
284		981		836150		3414
285		981		836150		3414
286		981		836150		3414
287		981		836150		3414
288		981		836150		3414
289		981		836150		3414
290		981		836150		3414
291		981		836150		3414
292		981		836150		3414
293		981		836150		3414
294		981		836150		3414
295		981		836150		3414
296		981		836150		3414
297		981		836150		3414
298		981		836150		3414
299		981		836150		3414
300		981		836150		3414
301		981		836150		3414
302		981		836150		3414
303		981		836150		3414
304		981		836150		3414
305		981		836150		3414
306		981		836150		3414
307		981		836150		3414
308		981		836150		3414
309		981		836150		3414
310		981		836150		3414
311		981		836150		3414
312		981		836150		3414
313		981		836150		3414
314		981		836150		3414
315		981		836150		3414
316		981		836150		3414
317		981		836150		3414
318		981		836150		3414
319		981		836150		3414
320		981		836150		3414
321		981		836150		3414
322		981		836150		3414
323		981		836150		3414
324		981		836150		3414
325		981		836150		3414
326		981		836150		3414
327		981		836150		3414
328		981		836150		3414
329		981		836150		3414
330		981		836150		3414
331		981		836150		3414
332		981		836150		3414
333		981		836150		3414
334		981		836150		3414
335		981		836150		3414
336		981		836150		3414
337		981		836150		3414
338		981		836150		3414
339		981		836150		3414
340		981		836150		3414
341		981		836150		3414
342		981		836150		3414
343		981		836150		3414
344		981		836150		3414
345		981		836150		3414
346		981		836150		3414
347		981		836150		3414
348		981		836150		3414
349		981		836150		3414
350		981		836150		3414
351		981		836150		3414
352		981		836150		3414
353		981		836150		3414
354		981		836150		3414
355		981		836150		3414
356		981		836150		3414
357		981		836150		3414
358		981		836150		3414
359		981		836150		3414
360		981		836150		3414
361		981		836150		3414
362		981		836150		3414
363		981		836150		3414
364		981		836150		3414
365		981		836150		3414
366		981		836150		3414
367		981		836150		3414
368		981		836150		3414
369		981		836150		3414
370		981		836150		3414
371		981		836150		3414
372		981		836150		3414
373		981		836150		3414
374		981		836150		3414
375		981		836150		3414
376		981		836150		3414
377		981		836150		3414
378		981		836150		3414
379		981		836150		3414
380		981		836150		3414
381		981		836150		3414
382		981		836150		3414
383		981		836150		3414
384		981		836150		3414
385		981		836150		3414
386		981		836150		3414
387		981		836150		3414
388		981		836150		3414
389		981		836150		3414
390		981		836150		3414
391		981		836150		3414
392		981		836150		3414
393		981		836150		3414
394		981		836150		3414
395		981		836150		3414
396		981		836150		3414
397		981		836150		3414
398		981		836150		3414
399		981		836150		3414
400		981		836150		3414
401		981		836150		3414
402		981		836150		3414
403		981		836150		3414
404		981		836150		3414
405		981		836150		3414
406		981		836150		3414
407		981		836150		3414
408		981		836150		3414
409		981		836150		3414
410		981		836150		3414
411		981		836150		3414
412		981		836150		3414
413		981		836150		3414
414		981		836150		3414
415		981		836150		3414
416		981		836150		3414
417		981		836150		3414
418		981		836150		3414
419		981		836150		3414
420		981		836150		3414
421		981		836150		3414
422		981		836150		3414
423		981		836150		3414
424		981		836150		3414
425		981		836150		3414
426		981		836150		3414
427		981		836150		3414
428		981		836150		3414
429		981		836150		3414
430		981		836150		3414
431		981		836150		3414
432		981		836150		3414
433		981		836150		3414
434		981		836150		3414
435		981		836150		3414
436		981		836150		3414
437		981		836150		3414
438		981		836150		3414
439		981		836150		3414
440		981		836150		3414
441		981		836150		3414
442		981		836150		3414
443		981		836150		3414
444		981		836150		3414
445		981		836150		3414
446		981		836150		3414
447		981		836150		3414
448		981		836150		3414
449		981		836150		3414
450		981		836150		3414
451		981		836150		3414
452		981		836150		3414
453		981		836150		3414
454		981		836150		3414
455		981		836150		3414
456		981		836150		3414
457		981		836150		3414
458		981		836150		3414
459		981		836150		3414
460		981		836150		3414
461		981		836150		3414
462		981		836150		3414
463		981		836150		3414
464		981		836150		3414
465		981		836150		3414
466		981		836150		3414
467		981		836150		3414
468		981		836150		3414
469		981		836150		3414
470		981		836150		3414
471		981		836150		3414
472		981		836150		3414
473		981		836150		3414
474		981		836150		3414
475		981		836150		3414
476		981		836150		3414
477		981		836150		3414
478		981		836150		3414
479		981		836150		3414
480		981		836150		3414
481		981		836150		3414
482		981		836150		3414
483		981		836150		3414
484		981		836150		3414
485		981		836150		3414
486		981		836150		3414
487		981		836150		3414
488		981		836150		3414
489		981		836150		3414
490		981		836150		3414
491		981		836150		3414
492		981		836150		3414
493		981		836150		3414
494		981		836150		3414
495		981		836150		3414
496		981		836150		3414
497		981		836150		3414
498		981		836150		3414
499		981		836150		3414
500		981		836150		3414
501		981		836150		3414
502		981		836150		3414
503		981		836150		3414
504		981		836150		3414
505		981		836150		3414
506		981		836150		3414
507		981		836150		3414
508		981		836150		3414
509		981		836150		3414
510		981		836150		3414
511		981		836150		3414
512		981		836150		3414
513		981		836150		3414
514		981		836150		3414
515		981		836150		3414
516		981		836150		3414
517		981		836150		3414
518		981		836150		3414
519		981		836150		3414
520		981		836150		3414
521		981		836150		3414
522		981		836150		3414
523		981		836150		3414
524		981		836150		3414
525		981		836150		3414
526		981		836150		3414
527		981		836150		3414
528		981		836150		3414
529		981		836150		3414
530		981		836150		3414
531		981		836150		3414
532		981		836150		3414
533		981		836150		3414
534		981		836150		3414
535		981		836150		3414
536		981		836150		3414
537		981		836150		3414
538		981		836150		3414
539		981		836150		3414
540		981		836150		3414
541		981		836150		3414
542		981		836150		3414
543		981		836150		3414
544		981		836150		3414
545		981		836150		3414
546		981		836150		3414
547		981		836150		3414
548		981		836150		3414
549		981		836150		3414
550		981		836150		3414
551		981		836150		3414
552		981		836150		3414
553		981		836150		3414
554		981		836150		3414
555		981		836150		3414
556		981		836150		3414
557		981		836150		3414
558		981		836150		3414
559		981		836150		3414
560		981		836150		3414
561		981		836150		3414
562		981		836150		3414
563		981		836150		3414
564		981		836150		3414
565		981		836150		3414
566		981		836150		3414
567		981		836150		3414
568		981		836150		3414
569		981		836150		3414
570		981		836150		3414
571		981		836150		3414
572		981		836150		3414
573		981		836150		3414
574		981		836150		3414
575		981		836150		3414
576		981		836150		3414
577		981		836150		3414
578		981		836150		3414
579		981		836150		3414
580		981		836150		3414
581		981		836150		3414
582		981		836150		3414
583		981		836150		3414
584		981		836150		3414
585		981		836150		3414
586		981		836150		3414
587		981		836150		3414
588		981		836150		3414
589		981		836150		3414
590		981		836150		3414
591		981		836150		3414
592		981		836150		3414
593		981		836150		3414
594		981		836150		3414
595		981		836150		3414
596		981		836150		3414
597		981		836150		3414
598		981		836150		3414
599		981		836150		3414
600		981		836150		3414
601		981		836150		3414
602		981		836150		3414
603		981		836150		3414
604		981		836150		3414
605		981		836150		3414
606		981		836150		3414
607		981		836150		3414
608		981		836150		3414
609		981		836150		3414
610		981		836150		3414
611		981		836150		3414
612		981		836150		3414
613		981		836150		3414
614		981		836150		3414
615		981		836150		3414
616		981		836150		3414
617		981		836150		3414
618		981		836150		3414
619		981		836150		3414
620		981		836150		3414
621		981		836150		3414
622		981		836150		3414
623		981		836150		3414
624		981		836150		3414
625		981		836150		3414
626		981		836150		3414
627		981		836150		3414
628		981		836150		3414
629		981		836150		3414
630		981		836150		3414
631		981		836150		3414
632		981		836150		3414
633		981		836150		3414
634		981		836150		3414
635		981		836150		3414
636		981		836150		3414
637		981		836150		3414
638		981		836150		3414
639		981		836150		3414
640		981		836150		3414
641		981		836150		3414
642		981		836150		3414
643		981		836150		3414
644		981		836150		3414
645		981		836150		3414
646		981		836150		3414
647		981		836150		3414
648		981		836150		3414
649		981		836150		3414
650		981		836150		3414
651		981		836150		3414
652		981		836150		3414
653		981		836150		3414
654		981		836150		3414
655		981		836150		3414
656		981		836150		3414
657		981		836150		3414
658		981		836150		3414
659		981		836150		3414
660		981		836150		3414
661		981		836150		3414
662		981		836150		3414
663		981		836150		3414
664		981		836150		3414
665		981		836150		3414
666		981		836150		3414
667		981		836150		3414
668		981		836150		3414
669		981		836150		3414
670		981		836150		3414
671		981		836150		3414
672		981		836150		3414
673		981		836150		3414
674		981		836150		3414
675		981		836150		3414
676		981		836150		3414
677		981		836150		3414
678		981		836150		3414
679		981		836150		3414
680		981		836150		3414
681		981		836150		3414
682		981		836150		3414
683		981		836150		3414
684		981		836150		3414
685		981		836150		3414
686		981		836150		3414
687		981		836150		3414
688		981		836150		3414
689		981		836150		3414
690		981		836150		3414
691		981		836150		3414
692		981		836150		3414
693		981		836150		3414
694		981		836150		3414
695		981		836150		3414
696		981		836150		3414
697		981		836150		3414
698		981		836150		3414
699		981		836150		3414
700		981		836150		3414
701		981		836150		3414
702		981		836150		3414
703		981		836150		3414
704		981		836150		3414
705		981		836150		3414
706		981		836150		3414
707		981		836150		3414
708		981		836150		3414
709		981		836150		3414
710		981		836150		3414
711		981		836150		3414
712		981		836150		3414
713		981		836150		3414
714		981		836150		3414
715		981		836150		3414
716		981		836150		3414
717		981		836150		3414
718		981		836150		3414
719		981		836150		3414
720		981		836150		3414
721		981		836150		3414
722		981		836150		3414
723		981		836150		3414
724		981		836150		3414
725		981		836150		3414
726		981		836150		3414
727		981		836150		3414
728		981		836150		3414
729		981		836150		3414
730		981		836150		3414
731		981		836150		3414
732		981		836150		3414
733		981		836150		3414
734		981		836150		3414
735		981		836150		3414
736		981		836150		3414
737		981		836150		3414
738		981		836150		3414
739		981		836150		3414
740		981		836150		3414
741		981		836150		3414
742		981		836150		3414
743		981		836150		3414
744		981		836150		3414
745		981		836150		3414
746		981		836150		3414
747		981		836150		3414
748		981		836150		3414
749		981		836150		3414
750		981		836150		3414
751		981		836150		3414
752		981		836150		3414
753		981		836150		3414
754		981		836150		3414
755		981		836150		3414
756		981		836150		3414
757		981		836150		3414
758		981		836150		3414
759		981		836150		3414
760		981		836150		3414
761		981		836150		3414
762		981		836150		3414
763		981		836150		3414
764		981		836150		3414
765		981		836150		3414
766		981		836150		3414
767		981		836150		3414
768		981		836150		3414
769		981		836150		3414
770		981		836150		3414
771		981		836150		3414
772		981		836150		3414
773		981		836150		3414
774		981		836150		3414
775		981		836150		3414
776		981		836150		3414
777		981		836150		3414
778		981		836150		3414
779		981		836150		3414
780		981		836150		3414
781		981		836150		3414
782		981		836150		3414
783		981		836150		3414
784		981		836150		3414
785		981		836150		3414
786		981		836150		3414
787		981		836150		3414
788		981		836150		3414
789		981		836150		3414
790		981		836150		3414
791		981		836150		3414
792		981		836150		3414
793		981		836150		3414
794		981		836150		3414
795		981		836150		3414
796		981		836150		3414
797		981		836150		3414
798		981		836150		3414
799		981		836150		3414
800		981		836150		3414
801		981		836150		3414
802		981		836150		3414
803		981		836150		3414
804		981		836150		3414
805		981		836150		3414
806		981		836150		3414
807		981		836150		3414
808		981		836150		3414
809		981		836150		3414
810		981		836150		3414
811		981		836150		3414
812		981		836150		3414
813		981		836150		3414
814		981		836150		3414
815		981		836150		3414
816		981		836150		3414
817		981		836150		3414
818		981		836150		3414
819		981		836150		3414
820		981		836150		3414
821		981		836150		3414
822		981		836150		3414
823		981		836150		3414
824		981		836150		3414
825		981		836150		3414
826		981		836150		3414
827		981		836150		3414
828		981		836150		3414
829		981		836150		3414
830		981		836150		3414
831		981		836150		3414
832		981		836150		3414
833		981		836150		3414
834		981		836150		3414
835		981		836150		3414
836		981		836150		3414
837		981		836150		3414
838		981		836150		3414
839		981		836150		3414
840		981		836150		3414
841		981		836150		3414
842		981		836150		3414
843		981		836150		3414
844		981		836150		3414
845		981		836150		3414
846		981		836150		3414
847		981		836150		3414
848		981		836150		3414
849		981		836150		3414
850		981		836150		3414
851		981		836150		3414
852		981		836150		3414
853		981		836150		3414
854		981		836150		3414
855		981		836150		3414
856		981		836150		3414
857		981		836150		3414
858		981		836150		3414
859		981		836150		3414
860		981		836150		3414
861		981		836150		3414
862		981		836150		3414
863		981		836150		3414
864		981		836150		3414
865		981		836150		3414
866		981		836150		3414
867		981		836150		3414
868		981		836150		3414
869		981		836150		3414
870		981		836150		3414
871		981		836150		3414
872		981		836150		3414
873		981		836150		3414
874		981		836150		3414
875		981		836150		3414
876		981		836150		3414
877		981		836150		3414
878		981		836150		3414
879		981		836150		3414
880		981		836150		3414
881		981		836150		3414
882		981		836150		3414
883		981		836150		3414
884		981		836150		3414
885		981		836150		3414
886		981		836150		3414
887		981		836150		3414
888		981		836150		3414
889		981		836150		3414
890		981		836150		3414
891		981		836150		3414
892		981		836150		3414
893		981		836150		3414
894		981		836150		3414
895		981		836150		3414
896		981		836150		3414
897		981		836150		3414
898		981		836150		3414
899		981		836150		3414
900		981		836150		3414
901		981		836150		3414
902		981		836150		3414
903		981		836150		3414
904		981		836150		3414
905		981		836150		3414
906		981		836150		3414
907		981		836150		3414
908		981		836150		3414
909		981		836150		3414
910		981		836150		3414
911		981		836150		3414
912		981		836150		3414
913		981		836150		3414
914		981		836150		3414
915		981		836150		3414
916		981		836150		3414
917		981		836150		3414
918		981		836150		3414
919		981		836150		3414
920		981		836150		3414
921		981		836150		3414
922		981		836150		3414
923		981		836150		3414
924		981		836150		3414
925		981		836150		3414
926		981		836150		3414
927		981		836150		3414
928		981		836150		3414
929		981		836150		3414
930		981		836150		3414
931		981		836150		3414
932		981		836150		3414
933		981		836150		3414
934		981		836150		3414
935		981		836150		3414
936		981		836150		3414
937		981		836150		3414
938		981		836150		3414
939		981		836150		3414
940		981		836150		3414
941		981		836150		3414
942		981		836150		3414
943		981		836150		3414
944		981		836150		3414
945		981		836150		3414
946		981		836150		3414
947		981		836150		3414
948		981		836150		3414
949		981		836150		3414
950		981		836150		3414
951		981		836150		3414
952		981		836150		3414
953		981		836150		3414
954		981		836150		3414
955		981		836150		3414
956		981		836150		3414
957		981		836150		3414
958		981		836150		3414
959		981		836150		3414
960		981		836150		3414
961		981		836150		3414
962		981		836150		3414
963		981		836150		3414
964		981		836150		3414
965		981		836150		3414
966		981		836150		3414
967		981		836150		3414
968		981		836150		3414
969		981		836150		3414
970		981		836150		3414
971		981		836150		3414
972		981		836150		3414
973		981		836150		3414
974		981		836150		3414
975		981		836150		3414
976		981		836150		3414
977		981		836150		3414
978		981		836150		3414
979		981		836150		3414
980		981		836150		3414
981		981		836150		3414
982		981		836150		3414
983		981		836150		3414
984		981		836150		3414
985		981		836150		3414
986		981		836150		3414
987		981		836150		3414
988		981		836150		3414
989		981		836150		3414
990		981		836150		3414
991		981		836150		3414
992		981		836150		3414
993		981		836150		3414
994		981		836150		3414
995		981		836150		3414
996		981		836150		3414
997		981		836150		3414
998		981		836150		3414
999		981		836150		3414
