# Migration is number of nodes that have changed color.

Round		Edge-Cut		Swaps		Migrations		Skipped
0		10225		4653		3240
1		9979		9270		3380
2		9935		13886		3368
3		9883		18477		3485
4		9790		23084		3416
5		9628		27661		3442
6		9545		32243		3517
7		9542		36834		3480
8		9519		41410		3496
9		9543		45980		3467
10		9559		50564		3538
11		9524		55134		3463
12		9477		59729		3445
13		9444		64297		3512
14		9438		68846		3518
15		9432		73420		3516
16		9434		77996		3525
17		9471		82567		3498
18		9434		87133		3443
19		9432		91687		3498
20		9341		96251		3477
21		9385		100794		3511
22		9355		105375		3457
23		9246		109937		3515
24		9205		114485		3498
25		9280		119037		3529
26		9341		123594		3462
27		9336		128167		3503
28		9328		132734		3532
29		9337		137298		3545
30		9241		141854		3506
31		9287		146402		3503
32		9226		150947		3525
33		9291		155497		3532
34		9216		160039		3555
35		9184		164584		3542
36		9126		169132		3514
37		9172		173672		3544
38		9173		178204		3529
39		9279		182757		3534
40		9167		187291		3485
41		9128		191821		3580
42		9113		196346		3565
43		9147		200898		3509
44		9124		205439		3549
45		9154		209997		3528
46		9138		214540		3537
47		9176		219086		3505
48		9180		223610		3534
49		9107		228161		3557
50		9216		232678		3563
51		9185		237197		3516
52		9092		241736		3547
53		8985		246261		3521
54		8958		250805		3494
55		8932		255307		3558
56		8945		259850		3535
57		8961		264371		3497
58		8929		268877		3514
59		9033		273407		3511
60		8999		277941		3514
61		9007		282464		3475
62		8868		286993		3538
63		8901		291520		3559
64		8866		296034		3564
65		8865		300568		3516
66		8772		305082		3511
67		8817		309602		3518
68		8773		314115		3504
69		8784		318617		3510
70		8694		323106		3538
71		8772		327603		3503
72		8743		332123		3508
73		8709		336636		3512
74		8666		341148		3536
75		8559		345649		3538
76		8477		350137		3538
77		8560		354664		3540
78		8549		359177		3499
79		8542		363668		3500
80		8556		368193		3489
81		8529		372718		3523
82		8507		377232		3494
83		8533		381734		3498
84		8474		386235		3493
85		8435		390699		3548
86		8458		395208		3494
87		8420		399703		3480
88		8364		404212		3510
89		8339		408692		3508
90		8301		413222		3534
91		8325		417687		3514
92		8349		422205		3509
93		8352		426707		3528
94		8316		431216		3527
95		8315		435719		3538
96		8251		440221		3523
97		8286		444729		3498
98		8259		449231		3520
99		8196		453734		3505
100		8163		458249		3493
101		8086		462746		3498
102		8059		467219		3492
103		7992		471702		3473
104		8090		476184		3507
105		8071		480688		3533
106		8096		485191		3577
107		8167		489691		3496
108		8184		494211		3484
109		8167		498722		3486
110		8113		503209		3481
111		8091		507686		3471
112		8071		512197		3521
113		7981		516686		3493
114		8003		521166		3539
115		8010		525659		3532
116		8022		530141		3546
117		8065		534636		3557
118		7999		539154		3524
119		8010		543645		3501
120		7974		548118		3548
121		7833		552589		3527
122		7804		557065		3519
123		7894		561534		3470
124		7822		566008		3450
125		7896		570496		3468
126		7918		574977		3483
127		7912		579446		3473
128		7955		583951		3475
129		7943		588469		3447
130		7948		592950		3478
131		7943		597466		3533
132		7881		601958		3563
133		7841		606424		3514
134		7791		610902		3490
135		7769		615409		3505
136		7733		619896		3504
137		7749		624404		3501
138		7664		628889		3546
139		7530		633364		3571
140		7573		637848		3550
141		7545		642335		3536
142		7547		646833		3502
143		7562		651337		3488
144		7492		655825		3477
145		7486		660285		3498
146		7469		664751		3512
147		7431		669216		3496
148		7438		673707		3502
149		7472		678185		3459
150		7458		682646		3489
151		7537		687122		3478
152		7450		691599		3455
153		7401		696072		3495
154		7422		700541		3521
155		7375		705004		3518
156		7279		709483		3587
157		7334		713950		3539
158		7272		718441		3461
159		7354		722909		3516
160		7363		727414		3514
161		7292		731907		3514
162		7224		736397		3522
163		7152		740866		3502
164		7210		745320		3491
165		7237		749812		3493
166		7193		754258		3483
167		7247		758743		3541
168		7179		763227		3518
169		7156		767726		3478
170		7111		772191		3525
171		7028		776644		3489
172		7043		781145		3487
173		7031		785652		3475
174		7012		790137		3524
175		6956		794632		3485
176		6978		799152		3525
177		6996		803659		3501
178		6978		808168		3492
179		6897		812671		3482
180		6846		817177		3521
181		6825		821688		3488
182		6866		826166		3504
183		6974		830661		3550
184		6922		835169		3501
185		6940		839683		3485
186		6914		844183		3462
187		6896		848695		3528
188		6824		853203		3489
189		6784		857712		3484
190		6732		862220		3514
191		6672		866716		3480
192		6672		871211		3499
193		6606		875687		3507
194		6647		880159		3449
195		6683		884635		3457
196		6759		889150		3522
197		6664		893649		3497
198		6701		898147		3501
199		6682		902641		3483
200		6659		907138		3523
201		6709		911665		3518
202		6574		916168		3515
203		6552		920625		3525
204		6513		925109		3486
205		6467		929562		3480
206		6494		934023		3494
207		6492		938508		3512
208		6480		943019		3497
209		6412		947495		3490
210		6416		951985		3554
211		6360		956487		3516
212		6316		960977		3540
213		6340		965452		3516
214		6403		969938		3547
215		6382		974431		3574
216		6386		978917		3549
217		6413		983410		3499
218		6405		987899		3534
219		6343		992409		3500
220		6271		996917		3475
221		6319		1001403		3497
222		6201		1005899		3462
223		6282		1010389		3501
224		6260		1014884		3522
225		6230		1019381		3493
226		6229		1023859		3488
227		6267		1028367		3484
228		6218		1032855		3474
229		6203		1037355		3496
230		6169		1041876		3470
231		6177		1046375		3501
232		6013		1050894		3479
233		5948		1055362		3460
234		5927		1059847		3466
235		5899		1064323		3477
236		5951		1068834		3474
237		5925		1073301		3472
238		5883		1077777		3468
239		5874		1082268		3480
240		5840		1086740		3518
241		5852		1091248		3510
242		5741		1095743		3468
243		5803		1100247		3520
244		5846		1104768		3504
245		5758		1109265		3511
246		5781		1113758		3532
247		5829		1118279		3504
248		5773		1122808		3507
249		5698		1127316		3502
250		5722		1131830		3461
251		5656		1136316		3486
252		5634		1140826		3516
253		5705		1145333		3516
254		5700		1149868		3506
255		5653		1154401		3509
256		5633		1158890		3473
257		5572		1163364		3481
258		5596		1167879		3499
259		5564		1172379		3504
260		5583		1176904		3540
261		5496		1181420		3531
262		5494		1185909		3499
263		5461		1190416		3469
264		5463		1194934		3534
265		5399		1199412		3495
266		5396		1203926		3488
267		5376		1208423		3504
268		5379		1212941		3531
269		5356		1217449		3522
270		5399		1221983		3479
271		5368		1226487		3485
272		5387		1231004		3491
273		5355		1235540		3517
274		5352		1240067		3503
275		5309		1244570		3501
276		5281		1249104		3469
277		5262		1253636		3483
278		5210		1258171		3524
279		5200		1262698		3485
280		5193		1267233		3512
281		5208		1271762		3512
282		5114		1276298		3489
283		5119		1280792		3513
284		5085		1285295		3447
285		5088		1289792		3479
286		5106		1294290		3502
287		5050		1298797		3477
288		5069		1303306		3431
289		5026		1307821		3488
290		4989		1312348		3512
291		4979		1316841		3527
292		4998		1321347		3475
293		5012		1325850		3526
294		5019		1330375		3530
295		5097		1334888		3477
296		5100		1339434		3489
297		5026		1343964		3524
298		4968		1348489		3492
299		4974		1353008		3504
300		5045		1357535		3533
301		5050		1362072		3517
302		5090		1366601		3514
303		5114		1371150		3524
304		5122		1375700		3504
305		5065		1380217		3509
306		5089		1384745		3497
307		5029		1389263		3507
308		5071		1393807		3495
309		5051		1398357		3519
310		5042		1402914		3509
311		5040		1407470		3523
312		5090		1412017		3498
313		4992		1416560		3526
314		5009		1421087		3513
315		4997		1425621		3486
316		5004		1430164		3484
317		4910		1434696		3510
318		4950		1439248		3497
319		4948		1443777		3511
320		4938		1448316		3481
321		4841		1452830		3525
322		4846		1457372		3501
323		4875		1461923		3516
324		4938		1466453		3517
325		4903		1470974		3454
326		4913		1475524		3470
327		4921		1480065		3532
328		4900		1484611		3466
329		4937		1489171		3526
330		4885		1493742		3523
331		4904		1498294		3497
332		4845		1502810		3514
333		4855		1507359		3504
334		4930		1511912		3489
335		4874		1516445		3495
336		4828		1520985		3524
337		4800		1525526		3520
338		4774		1530079		3514
339		4770		1534614		3522
340		4785		1539116		3517
341		4796		1543657		3488
342		4750		1548181		3496
343		4659		1552713		3536
344		4641		1557258		3479
345		4676		1561786		3471
346		4749		1566316		3504
347		4759		1570862		3543
348		4750		1575419		3503
349		4716		1579974		3540
350		4725		1584515		3510
351		4650		1589050		3511
352		4650		1593579		3497
353		4642		1598125		3528
354		4649		1602684		3497
355		4698		1607257		3525
356		4736		1611813		3536
357		4731		1616366		3539
358		4768		1620916		3543
359		4732		1625450		3522
360		4761		1629994		3494
361		4783		1634562		3454
362		4738		1639120		3551
363		4741		1643657		3520
364		4783		1648201		3527
365		4711		1652741		3482
366		4760		1657290		3511
367		4726		1661830		3517
368		4708		1666369		3528
369		4684		1670912		3508
370		4707		1675446		3535
371		4723		1680013		3537
372		4740		1684585		3548
373		4747		1689129		3518
374		4711		1693688		3484
375		4700		1698227		3507
376		4750		1702780		3485
377		4788		1707324		3540
378		4791		1711890		3560
379		4746		1716434		3570
380		4718		1720988		3499
381		4652		1725539		3521
382		4635		1730070		3516
383		4584		1734604		3530
384		4586		1739127		3514
385		4620		1743655		3540
386		4650		1748214		3514
387		4546		1752762		3498
388		4572		1757291		3495
389		4613		1761848		3521
390		4611		1766409		3498
391		4635		1770948		3532
392		4624		1775479		3492
393		4620		1780036		3528
394		4597		1784586		3488
395		4551		1789145		3496
396		4562		1793715		3505
397		4558		1798241		3516
398		4575		1802793		3533
399		4592		1807333		3508
400		4552		1811908		3510
401		4543		1816482		3525
402		4498		1821012		3499
403		4460		1825535		3533
404		4507		1830097		3520
405		4452		1834645		3518
406		4532		1839182		3512
407		4483		1843715		3511
408		4508		1848251		3506
409		4499		1852812		3492
410		4557		1857377		3489
411		4533		1861919		3496
412		4505		1866479		3481
413		4601		1871023		3477
414		4516		1875598		3491
415		4551		1880164		3473
416		4466		1884723		3480
417		4405		1889270		3507
418		4454		1893801		3517
419		4478		1898347		3507
420		4477		1902910		3507
421		4390		1907451		3538
422		4374		1912009		3467
423		4338		1916546		3549
424		4279		1921088		3529
425		4248		1925620		3551
426		4367		1930162		3509
427		4379		1934703		3506
428		4354		1939271		3528
429		4379		1943810		3514
430		4382		1948370		3514
431		4398		1952914		3534
432		4394		1957469		3528
433		4381		1962042		3514
434		4332		1966597		3507
435		4346		1971155		3475
436		4351		1975698		3502
437		4442		1980248		3522
438		4370		1984808		3527
439		4403		1989328		3522
440		4379		1993891		3509
441		4386		1998424		3514
442		4392		2002966		3511
443		4390		2007529		3506
444		4411		2012064		3526
445		4473		2016611		3515
446		4467		2021163		3492
447		4547		2025715		3480
448		4484		2030280		3487
449		4416		2034825		3497
450		4477		2039358		3507
451		4481		2043916		3497
452		4492		2048484		3525
453		4473		2053035		3503
454		4423		2057580		3507
455		4425		2062140		3500
456		4447		2066660		3502
457		4438		2071222		3522
458		4398		2075766		3513
459		4366		2080313		3486
460		4362		2084864		3509
461		4351		2089442		3489
462		4396		2093985		3511
463		4439		2098567		3527
464		4399		2103156		3502
465		4429		2107712		3498
466		4433		2112288		3474
467		4389		2116853		3519
468		4375		2121418		3545
469		4427		2125989		3513
470		4411		2130538		3472
471		4397		2135101		3519
472		4324		2139644		3528
473		4337		2144205		3510
474		4299		2148757		3530
475		4269		2153324		3524
476		4283		2157880		3521
477		4315		2162431		3528
478		4302		2166992		3516
479		4315		2171562		3497
480		4297		2176107		3509
481		4296		2180667		3519
482		4309		2185223		3520
483		4348		2189773		3523
484		4322		2194323		3482
485		4267		2198888		3526
486		4229		2203450		3479
487		4205		2208017		3482
488		4219		2212576		3506
489		4172		2217122		3496
490		4225		2221694		3490
491		4237		2226234		3513
492		4238		2230779		3520
493		4275		2235327		3495
494		4273		2239877		3491
495		4296		2244439		3438
496		4235		2249002		3498
497		4255		2253583		3457
498		4218		2258155		3474
499		4278		2262715		3467
500		4287		2267266		3497
501		4258		2271816		3509
502		4251		2276358		3482
503		4210		2280906		3539
504		4144		2285470		3493
505		4100		2290031		3516
506		4190		2294612		3499
507		4158		2299176		3507
508		4146		2303723		3501
509		4151		2308285		3529
510		4212		2312842		3533
511		4221		2317385		3478
512		4261		2321963		3519
513		4241		2326527		3513
514		4214		2331082		3494
515		4223		2335651		3498
516		4226		2340211		3521
517		4197		2344787		3545
518		4218		2349357		3513
519		4191		2353895		3486
520		4241		2358446		3518
521		4254		2363011		3540
522		4206		2367579		3506
523		4235		2372164		3481
524		4202		2376706		3530
525		4225		2381289		3498
526		4215		2385851		3519
527		4223		2390416		3521
528		4272		2394957		3519
529		4305		2399515		3479
530		4315		2404082		3538
531		4334		2408645		3546
532		4336		2413207		3517
533		4352		2417771		3525
534		4356		2422347		3521
535		4240		2426914		3499
536		4337		2431486		3512
537		4324		2436060		3507
538		4337		2440638		3525
539		4329		2445213		3522
540		4291		2449791		3488
541		4266		2454364		3507
542		4276		2458942		3525
543		4247		2463514		3524
544		4342		2468090		3532
545		4221		2472650		3521
546		4223		2477210		3515
547		4201		2481771		3524
548		4156		2486352		3549
549		4168		2490907		3545
550		4105		2495494		3522
551		4116		2500057		3511
552		4117		2504628		3524
553		4095		2509181		3491
554		4080		2513745		3522
555		4127		2518304		3526
556		4166		2522870		3516
557		4157		2527432		3534
558		4196		2531988		3541
559		4184		2536562		3540
560		4106		2541126		3506
561		4037		2545675		3521
562		4056		2550221		3503
563		4093		2554785		3473
564		4079		2559342		3511
565		4027		2563886		3517
566		4029		2568446		3512
567		4071		2573015		3492
568		4101		2577589		3505
569		4036		2582167		3495
570		4068		2586745		3507
571		4033		2591323		3500
572		4096		2595895		3523
573		4079		2600475		3511
574		4099		2605018		3505
575		4058		2609579		3518
576		4064		2614158		3497
577		4079		2618737		3504
578		4156		2623334		3533
579		4123		2627914		3517
580		4147		2632485		3513
581		4173		2637060		3527
582		4097		2641627		3479
583		4087		2646196		3499
584		4052		2650735		3490
585		4114		2655303		3503
586		4098		2659897		3515
587		4087		2664476		3526
588		4117		2669068		3505
589		4110		2673651		3518
590		4109		2678226		3506
591		3990		2682793		3561
592		4033		2687359		3502
593		4073		2691942		3518
594		4072		2696501		3507
595		4032		2701058		3499
596		4017		2705637		3514
597		4025		2710219		3515
598		4008		2714792		3483
599		4056		2719368		3519
600		4044		2723967		3512
601		4036		2728549		3512
602		4056		2733131		3490
603		4054		2737698		3513
604		4087		2742268		3514
605		4069		2746857		3509
606		4061		2751435		3526
607		4055		2756007		3553
608		4063		2760599		3470
609		4102		2765188		3489
610		4147		2769768		3496
611		4100		2774328		3521
612		4063		2778891		3496
613		4030		2783464		3498
614		4074		2788045		3522
615		4105		2792620		3504
616		4120		2797204		3503
617		4056		2801776		3532
618		4099		2806358		3528
619		4062		2810967		3507
620		4031		2815539		3519
621		3991		2820122		3531
622		4007		2824697		3511
623		3965		2829281		3534
624		3987		2833856		3527
625		4011		2838424		3504
626		4034		2843000		3513
627		4038		2847589		3514
628		4110		2852158		3546
629		4087		2856741		3528
630		4042		2861325		3500
631		4046		2865911		3545
632		4060		2870500		3502
633		4018		2875068		3518
634		4003		2879638		3526
635		4025		2884224		3506
636		3982		2888802		3475
637		3926		2893388		3474
638		3937		2897972		3520
639		3998		2902557		3488
640		4007		2907169		3502
641		4044		2911771		3523
642		4043		2916345		3495
643		4010		2920940		3502
644		4001		2925529		3501
645		4027		2930118		3528
646		4011		2934719		3534
647		3988		2939284		3524
648		3936		2943877		3520
649		3941		2948461		3503
650		3943		2953032		3517
651		3899		2957617		3490
652		3911		2962205		3518
653		3908		2966793		3512
654		3841		2971380		3520
655		3909		2975975		3498
656		3919		2980559		3457
657		3857		2985159		3477
658		3896		2989726		3484
659		3877		2994316		3489
660		3919		2998897		3506
661		3958		3003466		3486
662		3951		3008057		3492
663		3906		3012627		3480
664		3978		3017218		3477
665		3899		3021814		3499
666		3907		3026396		3466
667		3841		3030971		3535
668		3888		3035557		3484
669		3849		3040128		3501
670		3843		3044711		3495
671		3793		3049316		3507
672		3777		3053891		3516
673		3725		3058469		3510
674		3752		3063043		3483
675		3773		3067619		3530
676		3776		3072176		3509
677		3772		3076760		3502
678		3873		3081381		3519
679		3845		3085975		3470
680		3770		3090591		3482
681		3791		3095184		3483
682		3810		3099774		3495
683		3781		3104383		3499
684		3791		3108977		3483
685		3803		3113557		3464
686		3757		3118145		3486
687		3785		3122746		3522
688		3780		3127318		3503
689		3785		3131900		3514
690		3795		3136482		3504
691		3771		3141071		3509
692		3735		3145658		3516
693		3792		3150211		3459
694		3854		3154799		3498
695		3879		3159389		3527
696		3864		3163972		3521
697		3889		3168546		3505
698		3873		3173146		3511
699		3819		3177732		3493
700		3847		3182295		3504
701		3872		3186886		3512
702		3927		3191473		3508
703		3958		3196065		3544
704		3968		3200651		3542
705		3943		3205244		3518
706		3898		3209823		3511
707		3868		3214409		3495
708		3837		3219005		3518
709		3904		3223582		3517
710		3839		3228169		3524
711		3864		3232741		3553
712		3841		3237323		3505
713		3806		3241898		3498
714		3876		3246492		3495
715		3863		3251089		3505
716		3818		3255690		3504
717		3822		3260274		3524
718		3853		3264854		3472
719		3792		3269441		3495
720		3787		3274029		3474
721		3812		3278633		3488
722		3849		3283203		3490
723		3806		3287784		3509
724		3781		3292383		3509
725		3794		3296953		3494
726		3837		3301551		3552
727		3855		3306138		3511
728		3873		3310762		3517
729		3824		3315366		3488
730		3786		3319947		3515
731		3799		3324520		3504
732		3813		3329093		3531
733		3880		3333663		3508
734		3951		3338272		3524
735		3983		3342887		3507
736		3977		3347487		3501
737		3990		3352099		3530
738		3972		3356690		3511
739		3908		3361304		3499
740		3845		3365891		3530
741		3850		3370481		3551
742		3826		3375073		3518
743		3810		3379657		3521
744		3842		3384228		3541
745		3885		3388802		3486
746		3844		3393392		3522
747		3832		3397983		3517
748		3801		3402578		3522
749		3794		3407162		3531
750		3792		3411745		3496
751		3792		3416333		3506
752		3807		3420937		3537
753		3742		3425526		3524
754		3812		3430108		3501
755		3800		3434703		3495
756		3780		3439300		3500
757		3826		3443919		3502
758		3756		3448501		3492
759		3798		3453102		3506
760		3794		3457693		3503
761		3761		3462287		3508
762		3782		3466880		3475
763		3809		3471478		3499
764		3761		3476080		3487
765		3725		3480664		3505
766		3693		3485263		3523
767		3715		3489897		3504
768		3717		3494481		3502
769		3713		3499075		3549
770		3727		3503672		3505
771		3679		3508270		3533
772		3671		3512863		3479
773		3719		3517451		3502
774		3723		3522067		3486
775		3735		3526682		3507
776		3748		3531288		3534
777		3721		3535872		3498
778		3771		3540475		3484
779		3825		3545085		3511
780		3822		3549690		3521
781		3825		3554285		3524
782		3843		3558887		3520
783		3806		3563499		3525
784		3837		3568102		3510
785		3777		3572707		3510
786		3811		3577317		3517
787		3837		3581910		3532
788		3803		3586518		3565
789		3800		3591101		3520
790		3816		3595729		3544
791		3753		3600331		3503
792		3734		3604941		3518
793		3709		3609563		3485
794		3691		3614168		3523
795		3714		3618766		3523
796		3788		3623376		3495
797		3825		3627988		3505
798		3860		3632595		3493
799		3839		3637214		3520
800		3894		3641821		3539
801		3833		3646429		3501
802		3839		3651027		3528
803		3833		3655634		3508
804		3817		3660220		3509
805		3820		3664829		3537
806		3842		3669425		3522
807		3802		3674012		3519
808		3796		3678603		3525
809		3776		3683194		3543
810		3838		3687801		3528
811		3833		3692419		3516
812		3818		3697037		3492
813		3808		3701644		3494
814		3757		3706249		3527
815		3781		3710850		3537
816		3757		3715438		3532
817		3745		3720037		3502
818		3781		3724640		3504
819		3802		3729244		3541
820		3812		3733868		3497
821		3803		3738473		3519
822		3777		3743046		3493
823		3817		3747631		3473
824		3814		3752226		3534
825		3785		3756819		3520
826		3767		3761415		3560
827		3698		3766018		3507
828		3714		3770621		3511
829		3728		3775226		3526
830		3761		3779803		3516
831		3741		3784403		3497
832		3725		3789000		3527
833		3729		3793589		3498
834		3739		3798190		3465
835		3713		3802784		3514
836		3690		3807386		3494
837		3766		3812006		3503
838		3714		3816613		3534
839		3749		3821203		3511
840		3733		3825795		3504
841		3730		3830412		3475
842		3761		3835026		3495
843		3721		3839624		3500
844		3758		3844230		3531
845		3773		3848835		3509
846		3806		3853452		3481
847		3771		3858046		3496
848		3777		3862627		3519
849		3866		3867221		3506
850		3837		3871822		3496
851		3845		3876419		3509
852		3794		3881010		3479
853		3826		3885602		3511
854		3816		3890189		3523
855		3838		3894771		3497
856		3880		3899365		3521
857		3871		3903950		3519
858		3958		3908528		3517
859		3895		3913125		3522
860		3930		3917733		3512
861		3880		3922339		3485
862		3908		3926948		3504
863		3923		3931574		3497
864		3832		3936164		3485
865		3865		3940752		3496
866		3873		3945344		3480
867		3898		3949954		3518
868		3885		3954560		3486
869		3922		3959165		3499
870		3890		3963767		3486
871		3795		3968356		3483
872		3738		3972941		3512
873		3769		3977519		3513
874		3775		3982092		3508
875		3788		3986684		3524
876		3827		3991289		3514
877		3851		3995908		3517
878		3812		4000513		3519
879		3795		4005102		3529
880		3783		4009678		3507
881		3814		4014275		3510
882		3799		4018907		3527
883		3732		4023506		3509
884		3716		4028102		3511
885		3703		4032684		3486
886		3753		4037291		3493
887		3737		4041878		3524
888		3787		4046468		3539
889		3793		4051063		3525
890		3764		4055671		3508
891		3732		4060261		3513
892		3746		4064852		3485
893		3785		4069453		3523
894		3801		4074053		3521
895		3781		4078662		3526
896		3737		4083253		3504
897		3780		4087839		3488
898		3826		4092423		3539
899		3906		4097048		3523
900		3941		4101658		3486
901		3944		4106272		3530
902		3947		4110878		3531
903		3912		4115486		3498
904		3844		4120078		3526
905		3850		4124669		3500
906		3820		4129258		3539
907		3823		4133860		3489
908		3792		4138469		3487
909		3837		4143080		3519
910		3891		4147683		3492
911		3866		4152296		3494
912		3877		4156894		3484
913		3837		4161517		3502
914		3879		4166129		3491
915		3902		4170751		3513
916		3932		4175348		3494
917		3893		4179941		3494
918		3890		4184554		3527
919		3904		4189161		3519
920		3882		4193765		3493
921		3885		4198382		3489
922		3850		4202974		3512
923		3896		4207580		3511
924		3856		4212205		3479
925		3843		4216805		3520
926		3804		4221407		3488
927		3848		4225998		3512
928		3812		4230606		3483
929		3833		4235210		3483
930		3854		4239822		3479
931		3855		4244439		3502
932		3891		4249053		3540
933		3873		4253674		3522
934		3899		4258283		3507
935		3853		4262884		3535
936		3803		4267476		3511
937		3826		4272042		3555
938		3881		4276650		3511
939		3842		4281234		3525
940		3833		4285829		3498
941		3867		4290431		3510
942		3864		4295033		3503
943		3880		4299631		3512
944		3826		4304232		3510
945		3853		4308841		3508
946		3862		4313451		3522
947		3920		4318054		3547
948		3856		4322672		3524
949		3812		4327301		3529
950		3821		4331913		3501
951		3836		4336527		3536
952		3832		4341137		3520
953		3826		4345746		3494
954		3852		4350372		3541
955		3856		4355005		3501
956		3867		4359627		3512
957		3834		4364250		3522
958		3833		4368854		3491
959		3902		4373454		3507
960		3910		4378070		3490
961		3886		4382669		3510
962		3908		4387289		3522
963		3866		4391905		3509
964		3880		4396501		3476
965		3845		4401106		3517
966		3853		4405697		3510
967		3867		4410300		3499
968		3834		4414923		3510
969		3870		4419534		3526
970		3836		4424134		3529
971		3811		4428735		3546
972		3819		4433343		3521
973		3792		4437944		3564
974		3798		4442547		3526
975		3851		4447168		3510
976		3769		4451767		3540
977		3745		4456361		3529
978		3735		4460956		3498
979		3768		4465553		3502
980		3762		4470149		3525
981		3701		4474767		3535
982		3753		4479352		3552
983		3769		4483958		3537
984		3740		4488566		3502
985		3693		4493174		3513
986		3695		4497785		3503
987		3709		4502391		3495
988		3690		4506995		3507
989		3677		4511598		3483
990		3670		4516211		3528
991		3645		4520809		3539
992		3592		4525408		3538
993		3597		4530029		3531
994		3602		4534627		3535
995		3615		4539249		3528
996		3599		4543845		3491
997		3599		4548446		3526
998		3628		4553051		3499
999		3656		4557659		3526
