# Migration is number of nodes that have changed color.

Round		Edge-Cut		Swaps		Migrations		Skipped
0		10113		4642		3230
1		9866		9249		3308
2		9882		13844		3401
3		9801		18431		3388
4		9665		23018		3419
5		9626		27599		3464
6		9679		32176		3441
7		9610		36745		3535
8		9556		41313		3511
9		9566		45872		3510
10		9581		50445		3548
11		9413		54991		3520
12		9331		59520		3515
13		9318		64061		3530
14		9282		68577		3516
15		9319		73107		3544
16		9309		77636		3561
17		9393		82179		3530
18		9195		86731		3546
19		9223		91257		3556
20		9100		95755		3529
21		9058		100262		3534
22		9109		104790		3547
23		9045		109276		3505
24		9106		113763		3490
25		9026		118248		3515
26		8838		122759		3503
27		8862		127263		3540
28		8903		131754		3529
29		8834		136266		3516
30		8783		140774		3518
31		8691		145244		3491
32		8692		149716		3532
33		8707		154191		3541
34		8650		158662		3489
35		8595		163111		3509
36		8577		167584		3493
37		8528		172005		3529
38		8565		176459		3538
39		8427		180897		3557
40		8328		185299		3522
41		8288		189714		3576
42		8239		194129		3509
43		8121		198552		3533
44		8210		202994		3481
45		8212		207412		3494
46		8206		211838		3562
47		8228		216286		3534
48		8197		220707		3508
49		8110		225117		3522
50		8164		229553		3525
51		8117		233992		3503
52		8083		238432		3517
53		8093		242873		3520
54		7957		247277		3508
55		7974		251714		3516
56		8013		256160		3523
57		8039		260621		3478
58		7981		265012		3508
59		7997		269416		3522
60		7988		273821		3480
61		7942		278276		3497
62		7837		282689		3508
63		7907		287109		3516
64		7854		291538		3557
65		7825		295928		3544
66		7821		300358		3538
67		7729		304766		3557
68		7712		309167		3511
69		7693		313567		3527
70		7646		318003		3540
71		7551		322410		3535
72		7641		326803		3491
73		7605		331257		3515
74		7606		335633		3446
75		7560		340051		3493
76		7521		344464		3515
77		7543		348905		3515
78		7510		353338		3509
79		7419		357738		3559
80		7471		362145		3514
81		7508		366563		3495
82		7487		371002		3490
83		7451		375425		3515
84		7382		379885		3483
85		7439		384326		3523
86		7274		388741		3479
87		7222		393124		3458
88		7261		397524		3495
89		7323		401936		3472
90		7288		406377		3510
91		7236		410829		3523
92		7142		415223		3579
93		7187		419650		3492
94		7111		424099		3534
95		7029		428508		3535
96		7069		432927		3515
97		6990		437320		3537
98		6929		441763		3510
99		6856		446189		3544
100		6948		450584		3489
101		6941		455014		3515
102		6932		459419		3507
103		6930		463839		3518
104		7014		468268		3487
105		6952		472695		3488
106		6946		477135		3529
107		6943		481544		3550
108		6916		485972		3513
109		6941		490420		3534
110		6910		494850		3514
111		6906		499303		3494
112		6930		503781		3527
113		6808		508242		3524
114		6809		512681		3515
115		6726		517109		3551
116		6798		521535		3513
117		6824		525970		3514
118		6824		530435		3547
119		6732		534874		3534
120		6699		539285		3553
121		6702		543707		3506
122		6728		548135		3525
123		6713		552573		3565
124		6657		556997		3538
125		6658		561451		3557
126		6661		565895		3530
127		6554		570334		3541
128		6575		574782		3535
129		6592		579229		3527
130		6425		583671		3588
131		6442		588090		3532
132		6457		592520		3518
133		6505		596976		3529
134		6339		601424		3570
135		6289		605856		3621
136		6318		610270		3549
137		6340		614693		3547
138		6367		619111		3573
139		6323		623557		3541
140		6345		627969		3557
141		6322		632390		3553
142		6335		636822		3564
143		6312		641256		3555
144		6295		645721		3576
145		6281		650168		3516
146		6323		654599		3584
147		6355		659044		3549
148		6311		663502		3532
149		6246		667952		3568
150		6265		672407		3549
151		6256		676867		3515
152		6233		681321		3513
153		6270		685784		3555
154		6230		690232		3527
155		6170		694688		3549
156		6149		699130		3518
157		6175		703590		3512
158		6178		708072		3523
159		6187		712547		3538
160		6104		717001		3529
161		6140		721449		3556
162		6268		725921		3502
163		6154		730386		3515
164		6180		734833		3585
165		6212		739278		3514
166		6150		743752		3532
167		6146		748243		3472
168		6147		752722		3490
169		6104		757181		3482
170		6099		761661		3455
171		6130		766135		3508
172		6114		770577		3545
173		6253		775028		3530
174		6174		779519		3493
175		6201		784011		3545
176		6186		788493		3557
177		6116		792962		3541
178		6237		797432		3579
179		6322		801908		3587
180		6206		806386		3537
181		6271		810872		3533
182		6167		815365		3534
183		6108		819842		3545
184		6146		824330		3533
185		6148		828786		3547
186		6174		833263		3571
187		6064		837708		3552
188		6146		842191		3550
189		6190		846699		3497
190		6157		851189		3500
191		6131		855678		3521
192		6108		860176		3500
193		6064		864677		3537
194		5969		869137		3538
195		5984		873619		3572
196		5971		878095		3539
197		6005		882603		3555
198		5903		887093		3555
199		5889		891568		3521
200		5867		896060		3519
201		5843		900520		3557
202		5868		904997		3524
203		5886		909496		3534
204		5828		913992		3531
205		5878		918478		3565
206		5917		922953		3543
207		5787		927457		3546
208		5713		931947		3529
209		5787		936421		3524
210		5707		940890		3503
211		5713		945373		3531
212		5789		949876		3501
213		5809		954363		3554
214		5762		958879		3563
215		5802		963356		3525
216		5792		967844		3521
217		5744		972340		3518
218		5751		976824		3561
219		5768		981328		3519
220		5713		985811		3542
221		5688		990317		3516
222		5659		994785		3536
223		5723		999270		3511
224		5802		1003780		3562
225		5773		1008279		3546
226		5759		1012783		3520
227		5720		1017278		3563
228		5642		1021789		3545
229		5573		1026282		3526
230		5594		1030776		3564
231		5491		1035269		3532
232		5498		1039744		3565
233		5478		1044229		3517
234		5647		1048716		3551
235		5618		1053214		3544
236		5540		1057706		3583
237		5501		1062193		3533
238		5424		1066682		3506
239		5453		1071180		3554
240		5459		1075650		3573
241		5552		1080134		3527
242		5524		1084635		3533
243		5476		1089146		3527
244		5416		1093647		3558
245		5434		1098123		3540
246		5387		1102634		3533
247		5327		1107125		3512
248		5326		1111631		3559
249		5404		1116124		3517
250		5344		1120631		3526
251		5337		1125129		3565
252		5361		1129624		3541
253		5360		1134110		3493
254		5315		1138611		3536
255		5329		1143079		3519
256		5310		1147553		3529
257		5332		1152063		3532
258		5339		1156584		3544
259		5215		1161094		3499
260		5161		1165598		3535
261		5206		1170126		3543
262		5221		1174639		3492
263		5273		1179155		3529
264		5195		1183649		3497
265		5235		1188154		3523
266		5275		1192690		3532
267		5309		1197220		3569
268		5283		1201730		3539
269		5282		1206264		3502
270		5277		1210749		3524
271		5298		1215242		3504
272		5367		1219778		3516
273		5320		1224299		3488
274		5386		1228820		3532
275		5332		1233326		3490
276		5331		1237861		3510
277		5317		1242400		3516
278		5329		1246900		3506
279		5294		1251411		3515
280		5293		1255920		3528
281		5370		1260426		3539
282		5251		1264946		3497
283		5357		1269457		3552
284		5347		1273959		3560
285		5343		1278478		3520
286		5254		1282964		3525
287		5245		1287460		3551
288		5243		1291964		3534
289		5277		1296455		3565
290		5301		1300966		3556
291		5193		1305466		3486
292		5176		1309965		3533
293		5260		1314451		3544
294		5170		1318975		3537
295		5090		1323474		3528
296		5097		1327957		3572
297		5087		1332447		3542
298		5066		1336945		3486
299		5140		1341447		3530
300		5083		1345936		3525
301		5077		1350452		3507
302		5119		1354964		3539
303		5139		1359477		3538
304		5086		1363967		3514
305		5117		1368479		3524
306		5035		1372962		3533
307		5016		1377475		3535
308		5148		1381982		3516
309		5173		1386476		3520
310		5224		1390987		3516
311		5226		1395504		3493
312		5302		1400012		3507
313		5310		1404541		3514
314		5315		1409047		3496
315		5318		1413563		3557
316		5355		1418073		3521
317		5356		1422563		3556
318		5353		1427058		3569
319		5326		1431556		3530
320		5363		1436079		3528
321		5274		1440592		3523
322		5220		1445113		3535
323		5226		1449614		3554
324		5225		1454103		3524
325		5289		1458598		3533
326		5303		1463117		3508
327		5234		1467603		3545
328		5278		1472105		3512
329		5229		1476613		3537
330		5328		1481107		3530
331		5300		1485614		3525
332		5251		1490136		3527
333		5208		1494638		3565
334		5231		1499142		3504
335		5115		1503653		3494
336		5113		1508140		3537
337		5138		1512640		3497
338		5136		1517134		3536
339		5138		1521624		3519
340		5178		1526133		3508
341		5093		1530632		3541
342		5112		1535130		3532
343		5114		1539653		3514
344		5066		1544154		3491
345		5085		1548623		3553
346		5130		1553143		3513
347		5059		1557661		3521
348		5046		1562169		3544
349		5090		1566663		3498
350		5169		1571162		3503
351		5130		1575674		3528
352		5158		1580169		3548
353		5142		1584671		3519
354		5158		1589176		3544
355		5162		1593674		3526
356		5206		1598176		3531
357		5240		1602690		3510
358		5266		1607241		3563
359		5218		1611738		3561
360		5166		1616255		3526
361		5236		1620784		3521
362		5212		1625320		3524
363		5146		1629846		3544
364		5150		1634371		3540
365		5093		1638898		3550
366		5083		1643406		3510
367		5055		1647942		3520
368		5112		1652458		3500
369		5126		1656972		3528
370		5149		1661483		3553
371		5106		1666014		3557
372		5089		1670528		3560
373		5088		1675039		3564
374		5108		1679547		3512
375		5127		1684066		3526
376		5079		1688570		3548
377		5103		1693105		3525
378		5052		1697619		3532
379		4944		1702158		3531
380		5017		1706676		3508
381		4994		1711187		3542
382		5050		1715715		3522
383		4999		1720205		3536
384		5042		1724702		3530
385		5094		1729235		3508
386		5059		1733737		3512
387		5064		1738236		3557
388		5015		1742754		3551
389		4952		1747294		3517
390		5059		1751823		3547
391		5026		1756377		3523
392		5020		1760894		3502
393		5009		1765430		3562
394		4948		1769948		3522
395		5028		1774495		3496
396		4879		1779025		3567
397		4942		1783559		3526
398		5003		1788086		3549
399		5036		1792623		3523
400		5071		1797129		3540
401		5018		1801645		3568
402		5048		1806192		3527
403		5002		1810716		3524
404		5014		1815272		3528
405		5030		1819817		3538
406		5032		1824350		3559
407		5060		1828884		3553
408		5100		1833406		3542
409		5073		1837937		3560
410		5035		1842452		3568
411		5071		1846953		3541
412		5056		1851488		3530
413		5027		1856050		3541
414		4973		1860589		3563
415		5044		1865129		3541
416		5033		1869647		3526
417		5074		1874190		3551
418		5038		1878720		3531
419		5084		1883254		3568
420		5121		1887782		3564
421		5103		1892322		3551
422		5039		1896855		3535
423		5055		1901397		3605
424		5014		1905910		3552
425		5054		1910458		3531
426		5001		1915007		3528
427		5023		1919559		3527
428		4950		1924095		3500
429		4892		1928619		3539
430		4907		1933135		3507
431		4862		1937675		3523
432		4834		1942223		3541
433		4838		1946746		3508
434		4773		1951264		3515
435		4830		1955800		3510
436		4837		1960305		3521
437		4780		1964842		3527
438		4821		1969372		3515
439		4747		1973899		3513
440		4793		1978417		3523
441		4819		1982952		3465
442		4721		1987490		3488
443		4760		1992027		3508
444		4690		1996564		3520
445		4699		2001083		3515
446		4680		2005630		3509
447		4666		2010148		3509
448		4673		2014675		3536
449		4662		2019217		3543
450		4687		2023783		3522
451		4636		2028334		3557
452		4642		2032867		3545
453		4698		2037392		3563
454		4678		2041939		3549
455		4709		2046484		3521
456		4630		2051029		3497
457		4662		2055569		3514
458		4571		2060104		3529
459		4558		2064649		3549
460		4578		2069185		3521
461		4544		2073718		3536
462		4579		2078250		3518
463		4568		2082786		3492
464		4514		2087314		3535
465		4560		2091858		3551
466		4571		2096387		3546
467		4616		2100931		3522
468		4625		2105478		3550
469		4608		2110016		3576
470		4595		2114560		3511
471		4574		2119094		3547
472		4569		2123631		3553
473		4489		2128164		3494
474		4497		2132705		3516
475		4482		2137244		3492
476		4453		2141778		3529
477		4468		2146332		3531
478		4529		2150875		3556
479		4447		2155414		3528
480		4502		2159950		3551
481		4471		2164470		3540
482		4446		2169003		3535
483		4397		2173533		3564
484		4422		2178091		3526
485		4447		2182647		3546
486		4383		2187163		3556
487		4406		2191706		3534
488		4428		2196244		3566
489		4411		2200775		3510
490		4461		2205340		3513
491		4437		2209891		3544
492		4463		2214441		3565
493		4483		2218975		3545
494		4472		2223535		3516
495		4494		2228103		3526
496		4484		2232660		3543
497		4544		2237233		3514
498		4463		2241779		3535
499		4477		2246337		3529
500		4473		2250905		3523
501		4440		2255470		3515
502		4393		2260034		3538
503		4446		2264578		3539
504		4466		2269122		3521
505		4475		2273663		3530
506		4492		2278201		3529
507		4527		2282738		3511
508		4458		2287308		3519
509		4469		2291864		3522
510		4444		2296416		3514
511		4432		2300972		3541
512		4483		2305514		3536
513		4514		2310085		3535
514		4464		2314635		3566
515		4398		2319189		3553
516		4420		2323741		3539
517		4401		2328266		3546
518		4384		2332808		3539
519		4413		2337324		3503
520		4378		2341862		3523
521		4386		2346435		3552
522		4279		2350970		3517
523		4289		2355470		3568
524		4304		2360007		3535
525		4359		2364555		3550
526		4310		2369109		3508
527		4331		2373651		3492
528		4345		2378197		3551
529		4375		2382739		3529
530		4376		2387283		3545
531		4338		2391841		3541
532		4382		2396409		3538
533		4384		2400965		3570
534		4378		2405532		3561
535		4451		2410091		3572
536		4486		2414653		3554
537		4510		2419220		3554
538		4460		2423768		3558
539		4400		2428311		3541
540		4369		2432849		3523
541		4380		2437385		3564
542		4373		2441916		3542
543		4441		2446459		3517
544		4407		2451013		3530
545		4405		2455590		3520
546		4390		2460177		3508
547		4467		2464764		3529
548		4463		2469333		3562
549		4420		2473886		3511
550		4440		2478419		3520
551		4388		2482977		3536
552		4314		2487520		3525
553		4330		2492084		3540
554		4360		2496626		3530
555		4309		2501211		3531
556		4300		2505776		3524
557		4278		2510314		3539
558		4325		2514861		3499
559		4257		2519406		3554
560		4257		2523954		3530
561		4243		2528516		3537
562		4247		2533063		3508
563		4298		2537613		3523
564		4283		2542173		3537
565		4286		2546752		3535
566		4227		2551311		3548
567		4181		2555883		3502
568		4146		2560461		3540
569		4137		2565028		3507
570		4156		2569571		3551
571		4214		2574122		3553
572		4213		2578687		3558
573		4204		2583253		3551
574		4150		2587795		3598
575		4153		2592344		3520
576		4194		2596881		3548
577		4251		2601461		3562
578		4209		2606036		3548
579		4185		2610588		3529
580		4191		2615118		3544
581		4198		2619666		3538
582		4212		2624252		3576
583		4238		2628813		3537
584		4281		2633367		3541
585		4253		2637933		3533
586		4187		2642524		3565
587		4192		2647086		3528
588		4180		2651662		3548
589		4222		2656196		3496
590		4235		2660745		3555
591		4189		2665277		3534
592		4134		2669823		3552
593		4172		2674389		3523
594		4246		2678930		3533
595		4237		2683496		3527
596		4214		2688068		3537
597		4279		2692635		3531
598		4320		2697209		3517
599		4341		2701757		3509
600		4313		2706329		3542
601		4262		2710891		3554
602		4283		2715436		3512
603		4294		2719985		3546
604		4276		2724538		3534
605		4252		2729113		3545
606		4272		2733670		3535
607		4209		2738231		3530
608		4206		2742790		3524
609		4271		2747339		3524
610		4223		2751891		3538
611		4237		2756464		3537
612		4231		2761042		3543
613		4273		2765613		3534
614		4220		2770170		3503
615		4257		2774735		3511
616		4186		2779297		3517
617		4165		2783847		3522
618		4173		2788403		3530
619		4230		2792953		3505
620		4262		2797511		3500
621		4249		2802091		3537
622		4313		2806660		3502
623		4234		2811211		3513
624		4243		2815786		3536
625		4254		2820366		3521
626		4168		2824933		3487
627		4160		2829494		3517
628		4170		2834066		3513
629		4129		2838623		3521
630		4128		2843161		3515
631		4167		2847706		3506
632		4143		2852246		3522
633		4181		2856813		3522
634		4176		2861363		3519
635		4164		2865914		3549
636		4195		2870483		3539
637		4291		2875064		3549
638		4207		2879653		3546
639		4220		2884236		3531
640		4160		2888824		3530
641		4115		2893383		3557
642		4133		2897951		3504
643		4089		2902511		3538
644		4113		2907074		3532
645		4157		2911653		3539
646		4128		2916228		3508
647		4150		2920795		3529
648		4120		2925344		3543
649		4091		2929924		3535
650		4115		2934488		3508
651		4094		2939059		3513
652		4091		2943615		3556
653		4099		2948166		3575
654		4046		2952704		3497
655		4083		2957256		3547
656		4055		2961808		3554
657		4036		2966376		3558
658		4087		2970942		3562
659		4058		2975517		3533
660		4088		2980075		3567
661		4083		2984615		3526
662		4121		2989189		3556
663		4110		2993772		3515
664		4052		2998336		3509
665		4051		3002900		3495
666		4033		3007473		3511
667		4008		3012052		3499
668		3969		3016596		3494
669		3960		3021142		3471
670		3974		3025709		3515
671		4004		3030266		3538
672		4027		3034842		3561
673		4045		3039416		3528
674		4010		3043992		3534
675		4004		3048553		3516
676		3952		3053119		3498
677		3986		3057674		3522
678		3959		3062238		3495
679		3972		3066794		3551
680		3968		3071365		3539
681		4004		3075937		3531
682		3981		3080507		3503
683		4092		3085084		3495
684		4057		3089637		3508
685		3989		3094208		3506
686		3942		3098797		3556
687		3932		3103359		3505
688		3976		3107902		3525
689		3938		3112464		3556
690		3899		3117028		3523
691		3963		3121603		3526
692		3961		3126182		3546
693		3995		3130734		3514
694		4011		3135290		3528
695		4016		3139851		3497
696		3971		3144407		3523
697		4017		3148977		3537
698		4086		3153545		3499
699		4034		3158101		3544
700		3983		3162671		3516
701		4033		3167230		3530
702		4019		3171806		3542
703		3983		3176352		3523
704		3991		3180880		3546
705		3981		3185433		3542
706		3985		3189992		3527
707		3960		3194535		3499
708		3929		3199092		3534
709		3935		3203650		3520
710		3947		3208195		3532
711		3964		3212753		3497
712		3991		3217315		3534
713		3985		3221870		3539
714		4010		3226444		3551
715		3925		3230993		3549
716		3980		3235562		3540
717		4014		3240143		3564
718		3989		3244703		3536
719		4033		3249267		3537
720		4010		3253836		3513
721		4045		3258414		3531
722		4013		3263001		3513
723		3990		3267565		3537
724		4036		3272150		3499
725		4048		3276735		3519
726		4018		3281324		3542
727		4056		3285899		3515
728		4098		3290493		3519
729		4046		3295055		3493
730		4041		3299614		3512
731		4087		3304196		3528
732		4045		3308763		3525
733		4014		3313308		3554
734		4032		3317849		3506
735		4034		3322401		3505
736		4026		3326960		3496
737		3973		3331514		3482
738		4017		3336063		3522
739		4048		3340603		3511
740		4035		3345159		3500
741		4055		3349722		3522
742		4093		3354301		3518
743		4100		3358883		3530
744		4123		3363447		3529
745		4056		3368012		3517
746		4021		3372555		3538
747		4086		3377114		3519
748		4100		3381662		3505
749		4094		3386233		3496
750		4078		3390818		3560
751		4117		3395391		3541
752		4077		3399928		3537
753		4097		3404476		3538
754		4092		3409027		3548
755		4160		3413574		3549
756		4130		3418117		3513
757		4142		3422677		3542
758		4146		3427227		3563
759		4126		3431773		3545
760		4148		3436334		3526
761		4126		3440897		3505
762		4098		3445448		3537
763		4214		3450013		3539
764		4162		3454588		3531
765		4132		3459158		3498
766		4155		3463729		3516
767		4189		3468281		3537
768		4179		3472842		3541
769		4151		3477422		3538
770		4164		3481991		3514
771		4098		3486563		3541
772		4064		3491106		3510
773		4146		3495680		3526
774		4096		3500243		3545
775		4055		3504796		3522
776		4029		3509356		3528
777		4006		3513924		3484
778		4024		3518497		3533
779		4057		3523059		3542
780		4096		3527614		3536
781		4111		3532183		3550
782		4090		3536751		3550
783		4089		3541314		3551
784		4126		3545885		3522
785		4118		3550450		3524
786		4073		3555024		3550
787		4074		3559581		3565
788		4030		3564125		3532
789		4044		3568692		3548
790		4038		3573240		3551
791		4014		3577825		3526
792		3989		3582388		3564
793		3983		3586957		3527
794		4014		3591522		3508
795		3986		3596070		3480
796		3952		3600645		3536
797		4012		3605214		3522
798		4024		3609778		3515
799		3990		3614346		3496
800		3999		3618911		3497
801		3960		3623503		3504
802		4008		3628065		3512
803		4033		3632619		3499
804		3973		3637183		3545
805		3996		3641741		3529
806		4031		3646310		3515
807		3991		3650863		3529
808		4049		3655445		3513
809		4091		3660020		3505
810		4057		3664576		3501
811		4139		3669154		3522
812		4152		3673742		3516
813		4134		3678315		3499
814		4172		3682880		3525
815		4181		3687445		3512
816		4181		3692018		3526
817		4167		3696603		3516
818		4179		3701182		3513
819		4171		3705747		3508
820		4113		3710342		3538
821		4109		3714936		3538
822		4057		3719471		3535
823		4134		3724017		3533
824		4156		3728591		3524
825		4131		3733177		3502
826		4163		3737762		3510
827		4205		3742354		3512
828		4180		3746927		3533
829		4207		3751496		3496
830		4172		3756073		3518
831		4167		3760656		3494
832		4146		3765244		3511
833		4141		3769833		3506
834		4129		3774423		3529
835		4141		3778999		3526
836		4193		3783585		3512
837		4156		3788166		3500
838		4173		3792743		3487
839		4179		3797313		3510
840		4171		3801876		3532
841		4209		3806454		3485
842		4139		3811025		3522
843		4133		3815590		3522
844		4156		3820164		3530
845		4130		3824731		3567
846		4143		3829318		3526
847		4102		3833886		3508
848		4162		3838456		3517
849		4183		3843022		3517
850		4130		3847601		3529
851		4103		3852137		3526
852		4149		3856695		3482
853		4139		3861254		3532
854		4154		3865840		3537
855		4235		3870408		3521
856		4217		3875000		3534
857		4186		3879585		3498
858		4191		3884155		3518
859		4242		3888736		3524
860		4248		3893323		3510
861		4206		3897904		3501
862		4199		3902488		3507
863		4192		3907060		3482
864		4207		3911615		3508
865		4159		3916172		3509
866		4241		3920764		3516
867		4211		3925344		3501
868		4155		3929926		3531
869		4115		3934480		3515
870		4068		3939047		3509
871		3962		3943613		3484
872		3996		3948168		3501
873		4049		3952735		3500
874		4108		3957306		3529
875		4113		3961890		3498
876		4101		3966467		3518
877		4085		3971041		3481
878		4023		3975619		3515
879		4079		3980192		3499
880		3993		3984751		3520
881		3986		3989325		3497
882		4014		3993874		3513
883		4008		3998447		3513
884		4052		4003037		3521
885		4064		4007593		3505
886		4085		4012173		3521
887		4042		4016763		3519
888		4087		4021324		3532
889		4053		4025898		3513
890		4034		4030464		3513
891		4045		4034997		3525
892		4034		4039543		3508
893		4018		4044104		3510
894		4072		4048673		3524
895		4022		4053240		3504
896		4019		4057824		3505
897		3993		4062391		3506
898		4054		4066953		3534
899		4111		4071523		3486
900		4088		4076091		3522
901		4120		4080664		3501
902		4130		4085239		3525
903		4161		4089832		3530
904		4106		4094415		3491
905		4155		4098990		3544
906		4171		4103573		3545
907		4077		4108152		3539
908		4099		4112717		3563
909		4083		4117292		3537
910		4163		4121869		3523
911		4164		4126451		3536
912		4076		4131041		3510
913		4134		4135622		3530
914		4085		4140179		3481
915		4079		4144760		3515
916		4064		4149328		3507
917		4095		4153916		3511
918		4106		4158495		3527
919		4104		4163056		3526
920		4107		4167632		3525
921		4045		4172201		3526
922		4007		4176770		3536
923		3968		4181354		3519
924		4050		4185929		3539
925		4079		4190515		3482
926		4017		4195080		3502
927		4018		4199652		3552
928		4021		4204246		3510
929		3995		4208808		3498
930		3999		4213382		3541
931		4028		4217957		3521
932		4081		4222540		3547
933		4089		4227106		3573
934		4085		4231667		3569
935		4101		4236234		3496
936		4089		4240798		3516
937		4046		4245358		3512
938		4000		4249928		3512
939		4035		4254490		3473
940		4070		4259043		3495
941		4081		4263596		3525
942		4021		4268150		3511
943		4049		4272702		3521
944		3987		4277253		3560
945		4060		4281811		3539
946		4078		4286378		3535
947		4051		4290954		3521
948		4058		4295507		3528
949		4035		4300065		3517
950		4057		4304620		3544
951		4130		4309186		3542
952		4127		4313767		3520
953		4139		4318350		3556
954		4097		4322918		3541
955		4095		4327509		3531
956		4061		4332084		3524
957		4125		4336686		3589
958		4047		4341258		3539
959		4058		4345837		3557
960		4037		4350416		3553
961		4014		4355023		3564
962		4000		4359603		3534
963		3961		4364159		3546
964		3953		4368734		3511
965		4034		4373287		3493
966		4002		4377862		3547
967		4027		4382440		3517
968		4010		4387031		3516
969		4029		4391605		3527
970		4027		4396181		3508
971		4044		4400731		3534
972		4011		4405309		3499
973		4027		4409894		3534
974		4003		4414472		3535
975		3943		4419029		3504
976		3972		4423575		3519
977		3953		4428116		3532
978		3939		4432695		3533
979		3984		4437250		3529
980		3935		4441814		3548
981		3937		4446376		3538
982		3919		4450942		3526
983		3869		4455509		3518
984		3962		4460096		3521
985		3911		4464670		3510
986		3913		4469232		3526
987		3904		4473812		3506
988		3831		4478395		3521
989		3878		4482957		3543
990		3835		4487553		3511
991		3820		4492132		3538
992		3827		4496707		3550
993		3869		4501289		3533
994		3815		4505846		3549
995		3909		4510437		3504
996		3906		4515023		3526
997		3968		4519595		3554
998		3943		4524157		3520
999		3916		4528733		3535
