# Migration is number of nodes that have changed color.

Round		Edge-Cut		Swaps		Migrations		Skipped
0		10024		4617		3236
1		9860		9218		3237
2		9842		13783		3379
3		9718		18377		3372
4		9613		22954		3501
5		9526		27521		3434
6		9520		32063		3474
7		9521		36616		3492
8		9385		41161		3485
9		9357		45691		3485
10		9298		50203		3532
11		9157		54694		3496
12		9106		59195		3522
13		9104		63667		3485
14		9140		68155		3487
15		9160		72646		3525
16		9043		77132		3489
17		8985		81618		3527
18		8951		86090		3530
19		8947		90567		3515
20		8913		95003		3476
21		8817		99445		3552
22		8801		103905		3524
23		8765		108349		3525
24		8660		112758		3547
25		8668		117209		3452
26		8516		121625		3425
27		8535		126040		3528
28		8598		130473		3504
29		8591		134934		3564
30		8642		139369		3532
31		8573		143817		3529
32		8395		148218		3505
33		8315		152599		3496
34		8338		156986		3481
35		8308		161381		3556
36		8161		165757		3536
37		8021		170138		3482
38		8022		174512		3532
39		8101		178902		3513
40		8117		183291		3497
41		8098		187656		3471
42		8133		192055		3507
43		8137		196457		3511
44		8113		200848		3533
45		7983		205230		3488
46		8048		209638		3500
47		8002		214055		3466
48		7962		218439		3499
49		7920		222823		3452
50		7904		227234		3513
51		7878		231647		3495
52		7861		236054		3511
53		7845		240474		3516
54		7828		244876		3494
55		7821		249270		3504
56		7768		253635		3531
57		7737		258075		3543
58		7776		262481		3529
59		7735		266902		3530
60		7723		271305		3533
61		7762		275700		3504
62		7688		280107		3519
63		7776		284510		3463
64		7834		288904		3541
65		7855		293300		3510
66		7808		297724		3568
67		7848		302145		3542
68		7783		306582		3544
69		7697		310994		3566
70		7658		315416		3539
71		7655		319839		3455
72		7532		324268		3514
73		7516		328646		3553
74		7514		333048		3507
75		7462		337462		3544
76		7466		341859		3532
77		7429		346295		3578
78		7541		350705		3523
79		7553		355140		3565
80		7514		359566		3506
81		7523		363985		3588
82		7450		368428		3496
83		7438		372879		3545
84		7397		377310		3541
85		7400		381752		3537
86		7438		386153		3534
87		7403		390597		3537
88		7284		395022		3508
89		7338		399476		3522
90		7271		403878		3522
91		7276		408329		3525
92		7241		412776		3490
93		7246		417191		3511
94		7190		421603		3519
95		7166		426040		3524
96		7083		430471		3580
97		7121		434878		3567
98		7079		439304		3539
99		7113		443738		3516
100		7013		448157		3507
101		6976		452592		3515
102		7033		457021		3529
103		7093		461484		3548
104		7059		465928		3499
105		7059		470394		3520
106		7111		474838		3524
107		7045		479295		3514
108		7059		483769		3510
109		6968		488185		3584
110		6960		492631		3566
111		6960		497056		3491
112		6931		501493		3508
113		6969		505913		3494
114		6934		510343		3484
115		6933		514766		3474
116		6886		519189		3477
117		6850		523623		3510
118		6799		528054		3517
119		6811		532498		3489
120		6816		536929		3496
121		6709		541356		3541
122		6730		545803		3508
123		6746		550234		3514
124		6698		554675		3523
125		6660		559082		3512
126		6684		563524		3481
127		6646		567936		3535
128		6670		572395		3520
129		6651		576836		3492
130		6716		581296		3543
131		6708		585745		3524
132		6794		590202		3524
133		6755		594661		3494
134		6749		599076		3495
135		6787		603531		3488
136		6659		607973		3527
137		6650		612422		3532
138		6625		616852		3542
139		6609		621266		3535
140		6522		625696		3542
141		6537		630144		3536
142		6498		634564		3560
143		6417		638964		3488
144		6464		643389		3527
145		6421		647818		3561
146		6328		652240		3558
147		6391		656682		3543
148		6358		661103		3531
149		6358		665540		3543
150		6424		669966		3580
151		6394		674439		3560
152		6406		678911		3546
153		6433		683391		3546
154		6360		687826		3486
155		6233		692294		3516
156		6207		696741		3495
157		6247		701199		3515
158		6369		705670		3474
159		6232		710127		3530
160		6277		714546		3510
161		6261		718968		3497
162		6177		723418		3488
163		6110		727829		3481
164		6113		732264		3521
165		6086		736708		3513
166		6079		741163		3501
167		6107		745618		3482
168		6044		750052		3477
169		6065		754489		3495
170		6054		758922		3518
171		6076		763364		3516
172		6115		767829		3507
173		5986		772272		3504
174		5993		776736		3542
175		5964		781225		3549
176		5958		785697		3548
177		5984		790155		3503
178		5935		794613		3497
179		5843		799066		3537
180		5844		803515		3493
181		5829		807965		3500
182		5847		812421		3471
183		5787		816868		3489
184		5833		821321		3496
185		5878		825756		3474
186		5844		830236		3497
187		5877		834660		3517
188		5884		839089		3499
189		5899		843577		3509
190		5974		848060		3462
191		5933		852545		3475
192		5929		857045		3480
193		5875		861503		3521
194		5922		865984		3460
195		5913		870458		3484
196		5937		874951		3488
197		5846		879428		3519
198		5843		883892		3486
199		5835		888381		3479
200		5928		892858		3451
201		5845		897320		3505
202		5832		901833		3503
203		5799		906293		3525
204		5776		910799		3541
205		5719		915271		3492
206		5753		919736		3513
207		5746		924233		3456
208		5674		928716		3511
209		5713		933221		3547
210		5711		937686		3526
211		5777		942161		3512
212		5714		946669		3530
213		5658		951143		3509
214		5632		955623		3533
215		5640		960115		3502
216		5630		964610		3529
217		5669		969108		3528
218		5565		973592		3499
219		5693		978078		3503
220		5693		982573		3495
221		5679		987054		3500
222		5812		991571		3494
223		5732		996079		3537
224		5685		1000558		3534
225		5653		1005077		3517
226		5656		1009562		3501
227		5568		1014056		3506
228		5624		1018560		3516
229		5646		1023074		3528
230		5632		1027581		3501
231		5664		1032072		3535
232		5626		1036545		3477
233		5693		1041049		3510
234		5605		1045548		3521
235		5685		1050058		3504
236		5593		1054601		3536
237		5646		1059132		3536
238		5622		1063664		3501
239		5555		1068192		3465
240		5541		1072709		3509
241		5562		1077189		3519
242		5488		1081698		3506
243		5530		1086214		3519
244		5504		1090731		3513
245		5414		1095226		3509
246		5447		1099723		3517
247		5467		1104235		3567
248		5499		1108737		3543
249		5521		1113249		3454
250		5436		1117765		3531
251		5479		1122255		3547
252		5371		1126772		3503
253		5350		1131273		3505
254		5425		1135761		3497
255		5391		1140286		3495
256		5353		1144801		3480
257		5419		1149336		3553
258		5392		1153859		3493
259		5358		1158388		3512
260		5395		1162914		3531
261		5423		1167423		3523
262		5360		1171951		3546
263		5428		1176466		3474
264		5323		1181002		3512
265		5259		1185505		3541
266		5208		1190007		3511
267		5233		1194527		3497
268		5261		1199053		3508
269		5242		1203592		3538
270		5235		1208127		3507
271		5237		1212652		3530
272		5178		1217174		3527
273		5184		1221702		3538
274		5219		1226236		3511
275		5168		1230777		3500
276		5158		1235294		3532
277		5181		1239834		3504
278		5124		1244372		3529
279		5143		1248903		3483
280		5126		1253426		3524
281		5107		1257935		3523
282		5092		1262480		3523
283		5104		1266994		3527
284		5137		1271518		3503
285		5092		1276031		3502
286		5052		1280579		3526
287		4985		1285108		3507
288		5002		1289618		3500
289		5000		1294171		3495
290		4970		1298663		3537
291		4924		1303160		3570
292		4864		1307697		3533
293		4903		1312217		3550
294		4929		1316728		3517
295		4921		1321257		3537
296		4982		1325782		3513
297		4913		1330317		3522
298		4886		1334832		3484
299		4858		1339358		3485
300		4842		1343853		3504
301		4851		1348386		3509
302		4902		1352899		3510
303		4912		1357411		3493
304		4907		1361911		3545
305		4965		1366452		3487
306		4906		1370984		3548
307		4829		1375492		3507
308		4799		1379998		3519
309		4779		1384528		3503
310		4784		1389068		3507
311		4832		1393618		3497
312		4822		1398161		3529
313		4828		1402700		3479
314		4793		1407217		3483
315		4811		1411747		3526
316		4786		1416287		3532
317		4797		1420835		3535
318		4838		1425378		3525
319		4832		1429930		3530
320		4741		1434458		3504
321		4816		1439013		3507
322		4837		1443572		3510
323		4824		1448116		3517
324		4785		1452644		3526
325		4742		1457182		3515
326		4744		1461702		3521
327		4780		1466221		3515
328		4757		1470751		3522
329		4787		1475289		3483
330		4725		1479786		3507
331		4716		1484299		3524
332		4757		1488818		3467
333		4738		1493361		3527
334		4799		1497903		3512
335		4809		1502449		3547
336		4785		1506987		3510
337		4724		1511516		3524
338		4711		1516030		3528
339		4736		1520578		3518
340		4769		1525136		3511
341		4798		1529649		3510
342		4828		1534178		3542
343		4841		1538708		3530
344		4766		1543234		3537
345		4757		1547761		3549
346		4758		1552283		3525
347		4768		1556819		3535
348		4803		1561354		3510
349		4801		1565921		3508
350		4798		1570475		3517
351		4769		1575000		3525
352		4774		1579529		3514
353		4782		1584064		3528
354		4714		1588603		3525
355		4682		1593119		3526
356		4629		1597644		3523
357		4651		1602142		3530
358		4652		1606640		3527
359		4642		1611167		3540
360		4557		1615697		3533
361		4598		1620214		3537
362		4551		1624733		3483
363		4563		1629250		3488
364		4537		1633773		3508
365		4530		1638277		3514
366		4538		1642817		3479
367		4567		1647351		3504
368		4594		1651894		3480
369		4645		1656438		3507
370		4639		1661007		3515
371		4609		1665562		3497
372		4582		1670095		3497
373		4631		1674639		3492
374		4586		1679185		3542
375		4551		1683726		3527
376		4570		1688298		3485
377		4499		1692841		3486
378		4514		1697392		3529
379		4548		1701939		3497
380		4593		1706490		3480
381		4534		1711057		3532
382		4607		1715628		3518
383		4557		1720176		3497
384		4625		1724738		3492
385		4591		1729286		3506
386		4537		1733857		3527
387		4518		1738418		3486
388		4486		1742967		3472
389		4440		1747509		3503
390		4399		1752047		3511
391		4396		1756588		3505
392		4436		1761126		3521
393		4445		1765662		3502
394		4446		1770201		3520
395		4473		1774743		3476
396		4511		1779321		3510
397		4446		1783866		3536
398		4453		1788416		3513
399		4442		1792960		3476
400		4436		1797486		3462
401		4420		1802039		3490
402		4415		1806590		3509
403		4459		1811160		3486
404		4444		1815717		3500
405		4407		1820275		3520
406		4369		1824805		3513
407		4373		1829350		3524
408		4407		1833893		3485
409		4422		1838429		3503
410		4408		1842971		3460
411		4448		1847512		3458
412		4435		1852069		3495
413		4428		1856612		3501
414		4443		1861182		3524
415		4362		1865741		3484
416		4366		1870269		3518
417		4370		1874795		3470
418		4461		1879345		3509
419		4433		1883920		3513
420		4443		1888490		3494
421		4435		1893044		3490
422		4411		1897635		3516
423		4399		1902215		3504
424		4386		1906756		3522
425		4382		1911292		3508
426		4371		1915847		3479
427		4324		1920416		3496
428		4404		1924971		3509
429		4366		1929522		3456
430		4359		1934055		3511
431		4414		1938616		3463
432		4359		1943182		3508
433		4353		1947742		3517
434		4342		1952317		3495
435		4298		1956887		3494
436		4247		1961440		3483
437		4256		1965989		3518
438		4220		1970532		3479
439		4228		1975094		3518
440		4258		1979637		3499
441		4313		1984196		3522
442		4349		1988765		3511
443		4386		1993333		3494
444		4333		1997870		3512
445		4314		2002434		3516
446		4283		2007015		3500
447		4292		2011574		3504
448		4319		2016124		3514
449		4315		2020685		3489
450		4290		2025230		3512
451		4260		2029767		3520
452		4295		2034306		3523
453		4274		2038860		3516
454		4329		2043431		3513
455		4367		2047999		3472
456		4391		2052574		3513
457		4381		2057148		3520
458		4367		2061732		3498
459		4363		2066328		3501
460		4328		2070912		3502
461		4293		2075475		3519
462		4277		2080054		3507
463		4291		2084629		3538
464		4256		2089185		3527
465		4246		2093741		3512
466		4258		2098288		3479
467		4232		2102838		3492
468		4311		2107403		3500
469		4241		2111981		3515
470		4302		2116553		3529
471		4338		2121101		3504
472		4314		2125670		3476
473		4318		2130207		3518
474		4329		2134755		3491
475		4317		2139331		3497
476		4313		2143887		3499
477		4298		2148437		3524
478		4233		2153000		3503
479		4270		2157558		3556
480		4238		2162117		3489
481		4270		2166695		3469
482		4272		2171283		3499
483		4258		2175849		3507
484		4212		2180406		3505
485		4252		2184967		3502
486		4206		2189534		3497
487		4269		2194113		3497
488		4281		2198676		3542
489		4346		2203250		3543
490		4327		2207839		3502
491		4303		2212393		3495
492		4284		2216967		3514
493		4353		2221544		3499
494		4366		2226117		3522
495		4364		2230695		3497
496		4282		2235284		3490
497		4239		2239860		3525
498		4246		2244406		3460
499		4227		2248957		3490
500		4277		2253536		3460
501		4317		2258105		3514
502		4262		2262661		3471
503		4290		2267242		3493
504		4280		2271818		3513
505		4235		2276356		3517
506		4311		2280915		3501
507		4353		2285498		3509
508		4247		2290055		3514
509		4143		2294618		3496
510		4217		2299186		3498
511		4254		2303740		3495
512		4211		2308314		3511
513		4208		2312883		3502
514		4178		2317413		3487
515		4110		2321968		3482
516		4176		2326515		3472
517		4147		2331097		3490
518		4135		2335684		3511
519		4171		2340255		3515
520		4197		2344845		3507
521		4151		2349420		3509
522		4142		2353985		3514
523		4128		2358551		3483
524		4105		2363132		3507
525		4104		2367695		3506
526		4128		2372260		3490
527		4111		2376822		3481
528		4138		2381383		3501
529		4115		2385943		3510
530		4138		2390541		3449
531		4074		2395119		3510
532		4123		2399668		3525
533		4096		2404220		3530
534		4047		2408756		3520
535		4094		2413318		3503
536		4140		2417880		3541
537		4199		2422454		3521
538		4156		2427041		3508
539		4118		2431623		3528
540		4104		2436191		3532
541		4115		2440769		3521
542		4052		2445356		3530
543		4064		2449928		3499
544		4113		2454495		3518
545		4126		2459075		3495
546		4084		2463656		3490
547		4089		2468243		3546
548		4060		2472833		3521
549		4005		2477401		3484
550		4086		2481972		3522
551		4071		2486566		3523
552		4049		2491145		3508
553		4130		2495746		3499
554		4093		2500310		3510
555		4093		2504874		3520
556		4082		2509438		3518
557		4046		2514022		3517
558		4056		2518591		3507
559		4097		2523170		3499
560		4118		2527753		3511
561		4133		2532342		3482
562		4130		2536918		3510
563		4164		2541518		3518
564		4173		2546120		3506
565		4159		2550713		3505
566		4188		2555302		3511
567		4164		2559877		3502
568		4131		2564448		3534
569		4155		2569029		3510
570		4207		2573636		3538
571		4211		2578213		3526
572		4213		2582794		3485
573		4190		2587368		3485
574		4181		2591957		3509
575		4119		2596557		3502
576		4156		2601160		3496
577		4183		2605736		3492
578		4171		2610286		3529
579		4241		2614866		3513
580		4170		2619450		3495
581		4225		2624022		3503
582		4166		2628580		3534
583		4127		2633168		3528
584		4197		2637750		3501
585		4194		2642344		3552
586		4110		2646919		3497
587		4162		2651505		3531
588		4143		2656081		3499
589		4069		2660649		3481
590		4086		2665243		3522
591		4117		2669812		3498
592		4109		2674428		3491
593		4155		2679010		3529
594		4123		2683579		3525
595		4111		2688173		3496
596		4121		2692749		3521
597		4092		2697331		3478
598		4144		2701900		3524
599		4136		2706481		3533
600		4044		2711061		3532
601		4098		2715622		3521
602		4079		2720213		3495
603		4023		2724782		3502
604		4037		2729370		3509
605		4013		2733933		3515
606		4048		2738500		3546
607		4032		2743083		3496
608		4089		2747671		3477
609		4071		2752233		3489
610		3996		2756810		3518
611		3980		2761409		3524
612		3990		2765983		3528
613		4066		2770561		3508
614		4027		2775145		3516
615		4053		2779728		3506
616		4054		2784285		3514
617		4046		2788872		3520
618		4113		2793448		3504
619		4142		2798025		3515
620		4085		2802610		3480
621		4088		2807205		3489
622		4039		2811808		3458
623		4038		2816393		3542
624		4007		2820973		3499
625		3970		2825541		3497
626		3976		2830132		3507
627		3941		2834716		3504
628		4053		2839308		3500
629		4077		2843888		3521
630		4115		2848487		3536
631		4102		2853067		3473
632		4152		2857658		3517
633		4126		2862253		3496
634		4091		2866835		3498
635		4072		2871414		3508
636		4107		2875992		3479
637		4051		2880575		3499
638		4024		2885151		3480
639		3997		2889733		3508
640		4027		2894301		3514
641		4004		2898885		3518
642		3994		2903448		3523
643		3974		2908039		3495
644		4006		2912599		3520
645		4001		2917166		3478
646		3983		2921744		3525
647		3954		2926311		3483
648		3956		2930883		3521
649		3955		2935456		3505
650		3974		2940026		3483
651		3938		2944607		3485
652		3925		2949196		3524
653		3999		2953748		3479
654		4017		2958349		3511
655		4038		2962950		3508
656		4021		2967523		3533
657		4006		2972127		3515
658		3972		2976710		3533
659		3967		2981299		3521
660		4037		2985872		3517
661		4049		2990439		3511
662		3977		2995032		3519
663		3962		2999615		3519
664		3912		3004202		3503
665		3933		3008798		3526
666		3884		3013368		3528
667		3878		3017950		3532
668		3838		3022521		3513
669		3831		3027088		3524
670		3849		3031658		3543
671		3948		3036253		3520
672		3909		3040848		3485
673		3869		3045439		3499
674		3920		3050030		3479
675		3855		3054609		3516
676		3903		3059197		3517
677		3936		3063777		3530
678		3890		3068355		3518
679		3857		3072943		3504
680		3822		3077527		3527
681		3845		3082090		3510
682		3883		3086685		3534
683		3895		3091265		3527
684		3861		3095858		3527
685		3876		3100452		3507
686		3841		3105049		3503
687		3847		3109619		3492
688		3834		3114186		3493
689		3845		3118758		3487
690		3883		3123360		3517
691		3823		3127939		3495
692		3797		3132532		3535
693		3808		3137114		3515
694		3801		3141699		3498
695		3787		3146279		3481
696		3791		3150867		3495
697		3793		3155474		3527
698		3821		3160057		3508
699		3837		3164637		3531
700		3845		3169214		3542
701		3812		3173799		3522
702		3778		3178407		3501
703		3785		3182951		3496
704		3737		3187529		3518
705		3724		3192097		3514
706		3717		3196676		3491
707		3749		3201261		3487
708		3703		3205850		3503
709		3716		3210436		3507
710		3697		3215013		3498
711		3712		3219603		3519
712		3657		3224187		3487
713		3722		3228761		3501
714		3740		3233346		3513
715		3757		3237949		3505
716		3746		3242543		3534
717		3821		3247122		3505
718		3821		3251728		3498
719		3757		3256322		3515
720		3761		3260910		3497
721		3807		3265514		3540
722		3781		3270117		3513
723		3770		3274714		3492
724		3747		3279309		3506
725		3733		3283910		3514
726		3722		3288513		3545
727		3700		3293109		3497
728		3679		3297700		3502
729		3696		3302325		3491
730		3680		3306944		3490
731		3605		3311547		3503
732		3626		3316102		3510
733		3636		3320682		3496
734		3650		3325287		3489
735		3614		3329880		3497
736		3675		3334473		3502
737		3676		3339081		3491
738		3677		3343683		3490
739		3665		3348305		3505
740		3614		3352897		3532
741		3592		3357502		3529
742		3636		3362097		3516
743		3650		3366702		3510
744		3597		3371318		3502
745		3637		3375917		3499
746		3611		3380498		3528
747		3576		3385072		3493
748		3629		3389669		3499
749		3649		3394267		3497
750		3672		3398857		3494
751		3632		3403477		3519
752		3653		3408101		3533
753		3603		3412685		3524
754		3647		3417272		3497
755		3617		3421857		3504
756		3575		3426463		3514
757		3572		3431062		3549
758		3602		3435638		3542
759		3544		3440216		3538
760		3615		3444824		3523
761		3640		3449421		3473
762		3651		3454008		3491
763		3634		3458620		3524
764		3596		3463200		3504
765		3645		3467793		3504
766		3589		3472385		3475
767		3603		3476957		3530
768		3618		3481548		3512
769		3634		3486153		3515
770		3653		3490766		3498
771		3607		3495352		3501
772		3625		3499959		3531
773		3585		3504545		3487
774		3618		3509113		3513
775		3623		3513675		3536
776		3635		3518261		3523
777		3616		3522857		3541
778		3630		3527444		3517
779		3614		3532026		3522
780		3648		3536602		3521
781		3628		3541196		3506
782		3639		3545790		3494
783		3643		3550376		3504
784		3669		3554983		3502
785		3601		3559585		3534
786		3632		3564203		3507
787		3648		3568817		3511
788		3647		3573425		3522
789		3600		3578029		3485
790		3541		3582623		3517
791		3521		3587213		3522
792		3535		3591807		3505
793		3548		3596402		3508
794		3511		3601007		3526
795		3516		3605582		3531
796		3544		3610177		3527
797		3543		3614757		3530
798		3550		3619367		3506
799		3613		3623977		3502
800		3538		3628594		3488
801		3515		3633202		3512
802		3494		3637811		3500
803		3459		3642417		3497
804		3480		3647017		3516
805		3532		3651610		3510
806		3565		3656213		3520
807		3534		3660835		3541
808		3519		3665448		3526
809		3565		3670042		3525
810		3551		3674632		3512
811		3555		3679226		3535
812		3558		3683825		3515
813		3615		3688435		3512
814		3629		3693032		3490
815		3608		3697637		3499
816		3620		3702226		3500
817		3590		3706833		3524
818		3610		3711425		3513
819		3622		3716024		3494
820		3623		3720630		3525
821		3596		3725211		3518
822		3620		3729814		3507
823		3613		3734399		3495
824		3592		3739004		3512
825		3570		3743603		3530
826		3624		3748187		3524
827		3654		3752802		3516
828		3660		3757395		3494
829		3672		3762005		3513
830		3675		3766590		3524
831		3696		3771209		3515
832		3644		3775828		3507
833		3629		3780435		3524
834		3610		3785042		3530
835		3637		3789653		3514
836		3622		3794251		3523
837		3673		3798865		3535
838		3628		3803465		3514
839		3593		3808058		3522
840		3602		3812655		3502
841		3648		3817262		3522
842		3667		3821882		3505
843		3648		3826493		3541
844		3687		3831090		3501
845		3648		3835700		3523
846		3672		3840307		3522
847		3706		3844915		3500
848		3676		3849515		3505
849		3675		3854125		3527
850		3645		3858727		3531
851		3574		3863328		3483
852		3575		3867928		3491
853		3589		3872527		3494
854		3521		3877142		3496
855		3557		3881738		3515
856		3531		3886324		3483
857		3488		3890905		3517
858		3491		3895507		3527
859		3542		3900112		3500
860		3541		3904710		3503
861		3582		3909312		3517
862		3541		3913909		3528
863		3525		3918508		3513
864		3553		3923108		3527
865		3549		3927716		3504
866		3568		3932312		3515
867		3556		3936915		3510
868		3523		3941524		3492
869		3558		3946136		3517
870		3540		3950739		3522
871		3593		3955330		3487
872		3559		3959940		3522
873		3556		3964543		3510
874		3522		3969143		3492
875		3457		3973764		3497
876		3484		3978362		3508
877		3446		3982976		3504
878		3440		3987574		3479
879		3463		3992176		3508
880		3472		3996781		3513
881		3484		4001382		3531
882		3433		4006003		3532
883		3466		4010630		3518
884		3446		4015244		3523
885		3401		4019846		3516
886		3362		4024436		3490
887		3396		4029051		3484
888		3387		4033643		3490
889		3377		4038230		3545
890		3381		4042795		3535
891		3421		4047389		3505
892		3396		4051976		3504
893		3379		4056574		3518
894		3468		4061167		3480
895		3470		4065763		3471
896		3452		4070356		3505
897		3448		4074950		3507
898		3493		4079549		3498
899		3501		4084161		3499
900		3525		4088775		3476
901		3489		4093366		3519
902		3513		4097989		3510
903		3490		4102600		3525
904		3475		4107207		3492
905		3492		4111807		3512
906		3429		4116410		3508
907		3426		4120998		3518
908		3435		4125594		3495
909		3511		4130202		3507
910		3481		4134815		3495
911		3519		4139429		3485
912		3484		4144044		3514
913		3500		4148662		3522
914		3506		4153279		3550
915		3499		4157873		3507
916		3498		4162481		3525
917		3483		4167090		3538
918		3455		4171683		3485
919		3429		4176293		3512
920		3454		4180896		3500
921		3399		4185494		3497
922		3422		4190103		3517
923		3475		4194734		3509
924		3489		4199349		3517
925		3436		4203979		3506
926		3456		4208569		3531
927		3414		4213174		3487
928		3431		4217775		3515
929		3437		4222384		3517
930		3428		4226986		3493
931		3452		4231589		3521
932		3474		4236183		3516
933		3519		4240783		3539
934		3459		4245407		3538
935		3477		4250028		3519
936		3464		4254637		3520
937		3449		4259223		3503
938		3391		4263839		3513
939		3334		4268432		3482
940		3297		4273019		3491
941		3356		4277627		3490
942		3352		4282210		3533
943		3403		4286813		3510
944		3446		4291425		3500
945		3390		4296041		3513
946		3361		4300652		3532
947		3356		4305250		3521
948		3397		4309878		3524
949		3389		4314469		3519
950		3410		4319057		3511
951		3395		4323652		3525
952		3420		4328259		3500
953		3433		4332874		3536
954		3409		4337484		3512
955		3387		4342075		3545
956		3400		4346687		3517
957		3348		4351282		3539
958		3418		4355894		3527
959		3389		4360483		3513
960		3372		4365097		3500
961		3327		4369687		3509
962		3341		4374283		3504
963		3307		4378902		3519
964		3316		4383512		3506
965		3288		4388080		3524
966		3317		4392676		3545
967		3313		4397289		3519
968		3357		4401913		3474
969		3329		4406519		3516
970		3351		4411118		3486
971		3267		4415719		3523
972		3267		4420330		3514
973		3310		4424933		3497
974		3267		4429547		3520
975		3277		4434174		3504
976		3211		4438778		3522
977		3154		4443369		3509
978		3176		4447954		3496
979		3165		4452550		3497
980		3167		4457160		3490
981		3219		4461751		3502
982		3222		4466374		3503
983		3219		4470970		3497
984		3268		4475578		3477
985		3245		4480192		3541
986		3283		4484803		3509
987		3248		4489410		3511
988		3277		4494011		3510
989		3256		4498617		3540
990		3264		4503233		3488
991		3266		4507828		3507
992		3325		4512448		3500
993		3375		4517058		3479
994		3431		4521663		3518
995		3496		4526286		3510
996		3397		4530896		3518
997		3393		4535503		3539
998		3374		4540128		3482
999		3317		4544748		3517
