# Migration is number of nodes that have changed color.

Round		Edge-Cut		Swaps		Migrations		Skipped
0		10073		4610		3217
1		9836		9182		3275
2		9803		13765		3352
3		9659		18344		3397
4		9651		22912		3433
5		9753		27482		3418
6		9594		32053		3475
7		9639		36609		3508
8		9529		41154		3453
9		9415		45705		3446
10		9292		50197		3409
11		9253		54695		3487
12		9160		59209		3514
13		9243		63734		3499
14		9148		68236		3519
15		9091		72753		3493
16		9043		77265		3494
17		9069		81754		3504
18		9017		86226		3490
19		8908		90670		3487
20		8906		95141		3572
21		8819		99622		3549
22		8653		104083		3515
23		8651		108493		3546
24		8572		112939		3476
25		8456		117345		3495
26		8464		121781		3478
27		8397		126195		3543
28		8413		130609		3573
29		8379		135008		3574
30		8428		139396		3562
31		8440		143771		3550
32		8418		148192		3606
33		8319		152615		3554
34		8303		157030		3531
35		8187		161448		3523
36		8189		165823		3544
37		8223		170220		3510
38		8141		174634		3528
39		8077		179035		3587
40		8044		183456		3554
41		8007		187857		3534
42		7960		192245		3565
43		7912		196656		3575
44		7900		201049		3537
45		7911		205469		3520
46		7849		209856		3516
47		7864		214262		3536
48		7781		218643		3555
49		7711		223045		3561
50		7707		227429		3484
51		7621		231809		3521
52		7679		236232		3504
53		7655		240636		3517
54		7610		245027		3540
55		7592		249399		3524
56		7595		253780		3520
57		7636		258175		3494
58		7639		262578		3522
59		7709		266964		3542
60		7623		271330		3569
61		7628		275720		3528
62		7554		280095		3541
63		7631		284446		3551
64		7509		288855		3554
65		7538		293250		3540
66		7450		297683		3555
67		7499		302087		3588
68		7473		306506		3570
69		7489		310910		3572
70		7360		315330		3577
71		7429		319720		3588
72		7331		324106		3543
73		7394		328516		3552
74		7413		332913		3579
75		7367		337302		3533
76		7364		341711		3535
77		7317		346114		3521
78		7388		350511		3553
79		7354		354914		3530
80		7293		359285		3539
81		7354		363668		3503
82		7323		368051		3525
83		7355		372456		3536
84		7329		376878		3568
85		7199		381270		3548
86		7252		385692		3555
87		7256		390137		3564
88		7206		394566		3551
89		7180		398972		3524
90		7135		403366		3498
91		7077		407766		3500
92		7074		412198		3541
93		7122		416572		3552
94		7033		420990		3537
95		6958		425401		3548
96		6987		429805		3493
97		6987		434204		3559
98		7011		438634		3545
99		6955		443074		3552
100		6926		447463		3531
101		6870		451856		3563
102		6912		456296		3496
103		6982		460735		3553
104		6900		465150		3493
105		6852		469585		3512
106		6851		474004		3544
107		6826		478433		3570
108		6854		482889		3546
109		6873		487326		3517
110		6773		491768		3507
111		6854		496192		3529
112		6924		500632		3519
113		6806		505060		3472
114		6757		509491		3520
115		6768		513917		3545
116		6721		518338		3542
117		6692		522744		3556
118		6702		527168		3545
119		6712		531615		3511
120		6698		536029		3514
121		6613		540448		3554
122		6496		544858		3521
123		6481		549285		3534
124		6505		553728		3516
125		6604		558169		3535
126		6559		562598		3550
127		6555		566991		3522
128		6619		571444		3535
129		6560		575895		3535
130		6598		580348		3551
131		6569		584782		3539
132		6603		589234		3529
133		6579		593686		3559
134		6591		598160		3503
135		6468		602591		3531
136		6514		607039		3535
137		6540		611475		3531
138		6520		615964		3576
139		6537		620417		3529
140		6510		624855		3548
141		6511		629297		3528
142		6527		633760		3540
143		6442		638222		3543
144		6436		642705		3533
145		6429		647153		3521
146		6407		651613		3524
147		6327		656049		3524
148		6343		660487		3557
149		6305		664928		3498
150		6271		669356		3522
151		6225		673804		3510
152		6260		678251		3539
153		6265		682670		3494
154		6251		687124		3469
155		6224		691557		3502
156		6240		696012		3490
157		6240		700479		3535
158		6257		704913		3519
159		6265		709398		3537
160		6278		713876		3539
161		6223		718365		3544
162		6247		722847		3499
163		6244		727342		3535
164		6159		731783		3552
165		6292		736290		3495
166		6193		740762		3550
167		6201		745235		3578
168		6246		749702		3548
169		6193		754181		3518
170		6231		758663		3528
171		6178		763146		3519
172		6104		767598		3526
173		6038		772068		3536
174		6032		776502		3525
175		6082		780996		3556
176		6137		785467		3550
177		6135		789970		3552
178		6045		794466		3524
179		6134		798923		3546
180		6097		803423		3503
181		6035		807880		3520
182		6013		812349		3542
183		5981		816822		3540
184		5985		821302		3512
185		5920		825774		3532
186		5898		830270		3529
187		5883		834750		3530
188		5937		839252		3536
189		5918		843745		3542
190		5790		848243		3540
191		5841		852725		3539
192		5773		857196		3533
193		5808		861683		3556
194		5883		866135		3549
195		5771		870642		3564
196		5775		875121		3488
197		5797		879619		3522
198		5763		884113		3549
199		5737		888609		3536
200		5728		893123		3574
201		5752		897619		3546
202		5692		902147		3520
203		5669		906641		3506
204		5669		911147		3548
205		5654		915657		3515
206		5574		920127		3525
207		5649		924600		3564
208		5729		929080		3577
209		5651		933583		3532
210		5651		938073		3560
211		5653		942582		3530
212		5686		947066		3586
213		5600		951570		3556
214		5598		956093		3528
215		5640		960587		3549
216		5535		965110		3553
217		5601		969592		3503
218		5595		974095		3531
219		5588		978601		3536
220		5508		983086		3513
221		5511		987561		3514
222		5523		992079		3567
223		5471		996564		3549
224		5537		1001065		3569
225		5533		1005575		3559
226		5617		1010100		3525
227		5535		1014624		3531
228		5480		1019111		3550
229		5426		1023601		3531
230		5408		1028108		3540
231		5392		1032601		3534
232		5451		1037122		3549
233		5346		1041622		3568
234		5371		1046126		3551
235		5329		1050645		3555
236		5290		1055160		3554
237		5320		1059671		3533
238		5268		1064182		3558
239		5259		1068676		3542
240		5210		1073215		3570
241		5269		1077719		3529
242		5202		1082248		3531
243		5272		1086804		3548
244		5175		1091316		3532
245		5237		1095827		3570
246		5228		1100347		3530
247		5163		1104883		3543
248		5151		1109417		3561
249		5127		1113966		3561
250		5138		1118527		3563
251		5042		1123026		3593
252		5023		1127518		3579
253		5063		1132045		3540
254		5099		1136562		3502
255		5070		1141083		3557
256		5022		1145611		3550
257		5046		1150151		3569
258		4976		1154659		3567
259		4997		1159187		3579
260		5026		1163713		3562
261		5007		1168251		3556
262		5001		1172769		3533
263		4933		1177264		3547
264		4982		1181755		3519
265		5021		1186295		3565
266		4993		1190831		3560
267		5072		1195357		3554
268		5038		1199894		3550
269		5077		1204430		3528
270		5007		1208985		3505
271		5001		1213504		3555
272		5010		1218024		3544
273		5063		1222553		3551
274		5010		1227074		3547
275		5014		1231582		3520
276		5038		1236118		3484
277		5071		1240666		3525
278		5045		1245192		3527
279		5033		1249725		3543
280		5035		1254251		3561
281		4906		1258779		3527
282		4941		1263308		3521
283		4910		1267830		3545
284		4878		1272363		3525
285		4865		1276882		3548
286		4875		1281405		3521
287		4869		1285914		3526
288		4876		1290433		3547
289		4955		1294945		3562
290		4881		1299475		3519
291		4997		1304001		3537
292		5029		1308516		3537
293		5019		1313070		3564
294		5023		1317618		3559
295		4968		1322173		3516
296		4949		1326693		3550
297		4986		1331224		3547
298		5016		1335742		3544
299		4880		1340305		3530
300		4857		1344841		3546
301		4837		1349349		3540
302		4805		1353890		3553
303		4829		1358395		3548
304		4783		1362931		3548
305		4832		1367466		3547
306		4825		1372031		3549
307		4760		1376572		3554
308		4786		1381081		3537
309		4781		1385593		3542
310		4846		1390160		3525
311		4842		1394708		3528
312		4813		1399237		3547
313		4751		1403778		3534
314		4804		1408300		3544
315		4766		1412825		3538
316		4748		1417349		3514
317		4769		1421870		3537
318		4776		1426400		3532
319		4779		1430943		3535
320		4772		1435491		3518
321		4762		1440034		3536
322		4771		1444576		3529
323		4834		1449128		3549
324		4793		1453677		3540
325		4821		1458199		3551
326		4781		1462748		3526
327		4782		1467284		3556
328		4732		1471825		3560
329		4684		1476358		3564
330		4689		1480896		3564
331		4681		1485438		3543
332		4712		1489981		3562
333		4750		1494535		3540
334		4718		1499061		3520
335		4657		1503600		3557
336		4655		1508155		3585
337		4637		1512691		3561
338		4664		1517226		3555
339		4638		1521780		3522
340		4645		1526330		3551
341		4630		1530864		3515
342		4635		1535425		3513
343		4590		1539988		3499
344		4619		1544534		3528
345		4532		1549047		3526
346		4583		1553585		3508
347		4552		1558114		3541
348		4586		1562671		3516
349		4559		1567222		3549
350		4532		1571792		3524
351		4567		1576329		3543
352		4562		1580869		3524
353		4580		1585415		3550
354		4626		1589969		3558
355		4620		1594548		3550
356		4578		1599118		3558
357		4631		1603672		3547
358		4632		1608226		3528
359		4506		1612781		3531
360		4558		1617330		3562
361		4526		1621864		3553
362		4477		1626422		3550
363		4566		1630981		3540
364		4585		1635546		3562
365		4573		1640121		3557
366		4539		1644686		3525
367		4465		1649248		3505
368		4430		1653790		3508
369		4350		1658348		3545
370		4348		1662886		3557
371		4385		1667434		3535
372		4410		1671988		3544
373		4470		1676523		3541
374		4460		1681060		3527
375		4425		1685618		3550
376		4508		1690172		3555
377		4513		1694753		3573
378		4472		1699306		3561
379		4494		1703858		3515
380		4478		1708400		3546
381		4451		1712966		3524
382		4433		1717520		3524
383		4430		1722066		3528
384		4395		1726627		3566
385		4429		1731184		3560
386		4353		1735746		3544
387		4415		1740313		3535
388		4429		1744865		3541
389		4398		1749432		3543
390		4434		1754000		3533
391		4412		1758565		3527
392		4436		1763138		3575
393		4446		1767692		3528
394		4397		1772251		3583
395		4351		1776809		3543
396		4317		1781377		3529
397		4335		1785942		3530
398		4304		1790500		3530
399		4312		1795074		3533
400		4275		1799647		3529
401		4288		1804181		3521
402		4310		1808757		3500
403		4329		1813337		3530
404		4272		1817889		3474
405		4264		1822466		3515
406		4293		1827044		3525
407		4268		1831615		3545
408		4211		1836185		3530
409		4182		1840718		3526
410		4234		1845303		3534
411		4212		1849879		3539
412		4259		1854439		3507
413		4251		1859011		3532
414		4238		1863588		3501
415		4209		1868151		3515
416		4202		1872696		3484
417		4177		1877257		3536
418		4190		1881811		3540
419		4160		1886377		3501
420		4140		1890930		3518
421		4179		1895493		3482
422		4173		1900045		3510
423		4187		1904609		3505
424		4182		1909188		3511
425		4120		1913786		3528
426		4039		1918356		3508
427		4061		1922931		3508
428		4011		1927469		3466
429		3988		1932036		3535
430		3992		1936608		3518
431		4021		1941153		3520
432		4038		1945719		3505
433		4013		1950281		3496
434		4041		1954846		3518
435		4036		1959404		3516
436		3984		1963982		3475
437		3981		1968540		3543
438		3992		1973084		3538
439		3988		1977640		3507
440		4068		1982222		3484
441		4003		1986781		3548
442		4005		1991340		3530
443		4017		1995894		3518
444		4012		2000462		3509
445		3998		2005022		3497
446		4027		2009566		3528
447		3976		2014126		3514
448		4041		2018704		3527
449		4032		2023277		3548
450		4022		2027852		3555
451		3945		2032414		3546
452		3984		2036977		3548
453		4009		2041529		3544
454		3974		2046114		3536
455		3896		2050677		3534
456		3995		2055274		3527
457		3990		2059840		3530
458		3997		2064411		3550
459		3914		2068977		3532
460		3902		2073543		3525
461		3997		2078103		3557
462		4009		2082695		3528
463		3942		2087260		3484
464		3953		2091849		3536
465		3958		2096418		3563
466		3928		2101011		3532
467		3846		2105584		3529
468		3874		2110146		3503
469		3912		2114716		3530
470		3850		2119289		3514
471		3843		2123864		3508
472		3855		2128432		3510
473		3848		2133021		3515
474		3844		2137610		3516
475		3829		2142197		3526
476		3823		2146776		3519
477		3849		2151358		3503
478		3818		2155937		3503
479		3821		2160505		3513
480		3849		2165079		3566
481		3943		2169650		3536
482		3925		2174233		3551
483		3944		2178799		3545
484		3942		2183369		3533
485		3880		2187931		3565
486		3888		2192498		3494
487		3890		2197081		3538
488		3846		2201638		3535
489		3827		2206227		3536
490		3827		2210789		3526
491		3859		2215344		3540
492		3863		2219912		3541
493		3913		2224466		3520
494		3916		2229035		3547
495		3947		2233636		3499
496		3940		2238227		3547
497		3924		2242800		3570
498		3943		2247387		3560
499		3857		2251957		3502
500		3866		2256523		3547
501		3913		2261091		3518
502		3937		2265668		3555
503		3905		2270247		3564
504		3935		2274850		3548
505		3941		2279423		3569
506		3919		2284040		3566
507		3890		2288635		3563
508		3890		2293222		3569
509		3867		2297820		3550
510		3873		2302399		3519
511		3838		2306981		3539
512		3875		2311543		3504
513		3855		2316125		3529
514		3808		2320689		3547
515		3806		2325261		3523
516		3812		2329842		3493
517		3838		2334425		3517
518		3785		2339004		3518
519		3745		2343602		3529
520		3761		2348185		3505
521		3809		2352771		3543
522		3779		2357363		3511
523		3798		2361928		3526
524		3840		2366517		3519
525		3840		2371134		3521
526		3845		2375719		3514
527		3855		2380322		3551
528		3830		2384927		3494
529		3877		2389516		3519
530		3955		2394108		3527
531		3928		2398684		3548
532		3940		2403269		3527
533		3893		2407869		3535
534		3957		2412463		3525
535		3909		2417056		3508
536		3860		2421655		3531
537		3855		2426235		3556
538		3874		2430800		3524
539		3871		2435367		3543
540		3899		2439964		3552
541		3878		2444581		3541
542		3853		2449170		3530
543		3843		2453757		3564
544		3808		2458339		3551
545		3865		2462941		3549
546		3880		2467542		3526
547		3858		2472132		3566
548		3842		2476723		3535
549		3839		2481332		3546
550		3891		2485930		3554
551		3814		2490539		3529
552		3770		2495134		3565
553		3702		2499730		3576
554		3754		2504321		3532
555		3766		2508919		3527
556		3744		2513507		3548
557		3696		2518085		3568
558		3733		2522671		3545
559		3772		2527264		3534
560		3732		2531858		3519
561		3738		2536444		3541
562		3701		2541052		3539
563		3729		2545658		3555
564		3696		2550234		3551
565		3683		2554852		3546
566		3661		2559447		3539
567		3691		2564037		3534
568		3664		2568641		3551
569		3646		2573245		3552
570		3670		2577855		3538
571		3655		2582451		3549
572		3642		2587052		3527
573		3616		2591656		3518
574		3595		2596249		3513
575		3615		2600824		3520
576		3618		2605416		3551
577		3658		2610014		3537
578		3648		2614618		3552
579		3602		2619209		3546
580		3646		2623796		3527
581		3695		2628389		3540
582		3716		2632981		3533
583		3668		2637569		3519
584		3685		2642146		3547
585		3701		2646734		3547
586		3704		2651319		3544
587		3684		2655900		3521
588		3691		2660498		3544
589		3718		2665090		3549
590		3708		2669674		3549
591		3705		2674283		3588
592		3612		2678886		3533
593		3660		2683461		3576
594		3612		2688050		3529
595		3610		2692628		3570
596		3606		2697211		3524
597		3631		2701800		3557
598		3637		2706387		3525
599		3602		2710979		3523
600		3563		2715558		3553
601		3527		2720159		3520
602		3502		2724722		3527
603		3548		2729303		3552
604		3504		2733861		3539
605		3521		2738445		3552
606		3579		2743027		3544
607		3625		2747606		3554
608		3616		2752192		3526
609		3692		2756777		3521
610		3730		2761381		3517
611		3766		2765973		3567
612		3812		2770601		3546
613		3768		2775202		3565
614		3726		2779785		3544
615		3703		2784357		3497
616		3743		2788923		3519
617		3763		2793488		3546
618		3798		2798068		3551
619		3788		2802648		3555
620		3818		2807222		3552
621		3869		2811798		3558
622		3899		2816394		3573
623		3840		2820992		3547
624		3807		2825546		3542
625		3762		2830104		3560
626		3808		2834674		3580
627		3782		2839255		3557
628		3740		2843828		3546
629		3794		2848394		3546
630		3744		2852972		3549
631		3788		2857541		3550
632		3772		2862131		3527
633		3747		2866721		3528
634		3790		2871281		3544
635		3805		2875858		3520
636		3817		2880441		3539
637		3849		2885036		3550
638		3854		2889631		3549
639		3830		2894234		3525
640		3848		2898828		3545
641		3786		2903415		3548
642		3729		2908007		3570
643		3784		2912599		3567
644		3788		2917196		3561
645		3759		2921788		3557
646		3741		2926386		3512
647		3669		2930964		3547
648		3718		2935540		3525
649		3667		2940125		3518
650		3668		2944698		3551
651		3658		2949272		3551
652		3647		2953845		3526
653		3639		2958446		3522
654		3605		2963027		3540
655		3632		2967592		3551
656		3686		2972189		3522
657		3660		2976773		3568
658		3638		2981347		3531
659		3689		2985941		3538
660		3641		2990567		3540
661		3613		2995166		3533
662		3639		2999764		3534
663		3664		3004355		3528
664		3653		3008937		3511
665		3637		3013516		3568
666		3655		3018084		3546
667		3610		3022697		3530
668		3644		3027272		3514
669		3682		3031862		3552
670		3663		3036474		3506
671		3675		3041062		3531
672		3677		3045657		3525
673		3684		3050232		3535
674		3657		3054830		3517
675		3687		3059423		3544
676		3682		3064025		3537
677		3673		3068622		3526
678		3725		3073214		3550
679		3714		3077835		3513
680		3648		3082414		3564
681		3648		3086998		3548
682		3662		3091595		3556
683		3659		3096171		3533
684		3650		3100758		3557
685		3679		3105357		3560
686		3654		3109963		3534
687		3660		3114546		3549
688		3698		3119143		3519
689		3757		3123739		3523
690		3695		3128318		3494
691		3709		3132917		3520
692		3744		3137503		3533
693		3723		3142084		3536
694		3758		3146655		3556
695		3686		3151252		3517
696		3655		3155839		3538
697		3730		3160432		3520
698		3672		3165003		3546
699		3634		3169580		3516
700		3676		3174178		3528
701		3651		3178784		3544
702		3667		3183371		3539
703		3596		3187936		3520
704		3608		3192520		3529
705		3607		3197096		3514
706		3568		3201684		3537
707		3562		3206258		3546
708		3622		3210853		3525
709		3643		3215440		3529
710		3603		3220049		3521
711		3667		3224659		3518
712		3670		3229258		3532
713		3702		3233858		3549
714		3686		3238433		3527
715		3711		3243036		3525
716		3715		3247604		3516
717		3714		3252198		3501
718		3694		3256810		3520
719		3686		3261406		3541
720		3708		3266009		3507
721		3691		3270613		3554
722		3663		3275222		3553
723		3648		3279825		3548
724		3644		3284425		3566
725		3637		3289034		3539
726		3603		3293598		3492
727		3592		3298184		3527
728		3579		3302767		3526
729		3668		3307357		3545
730		3650		3311961		3542
731		3662		3316553		3543
732		3704		3321175		3529
733		3724		3325775		3527
734		3733		3330379		3543
735		3673		3334968		3573
736		3608		3339578		3572
737		3612		3344183		3527
738		3577		3348771		3538
739		3573		3353352		3542
740		3585		3357960		3522
741		3618		3362540		3520
742		3564		3367132		3522
743		3584		3371741		3529
744		3552		3376348		3533
745		3543		3380925		3544
746		3576		3385522		3537
747		3554		3390106		3512
748		3487		3394694		3528
749		3467		3399266		3491
750		3536		3403847		3533
751		3487		3408430		3547
752		3504		3413036		3530
753		3465		3417629		3526
754		3439		3422220		3511
755		3463		3426812		3566
756		3437		3431408		3573
757		3452		3435988		3537
758		3506		3440568		3555
759		3542		3445173		3534
760		3459		3449777		3558
761		3478		3454365		3552
762		3488		3458975		3532
763		3473		3463561		3517
764		3534		3468156		3536
765		3516		3472755		3518
766		3522		3477357		3527
767		3495		3481952		3511
768		3489		3486558		3535
769		3511		3491150		3547
770		3498		3495744		3587
771		3529		3500332		3569
772		3536		3504925		3553
773		3489		3509505		3556
774		3548		3514091		3555
775		3452		3518685		3521
776		3488		3523292		3551
777		3468		3527889		3529
778		3464		3532487		3526
779		3463		3537090		3533
780		3497		3541680		3528
781		3516		3546289		3557
782		3558		3550895		3551
783		3504		3555502		3564
784		3493		3560095		3530
785		3488		3564699		3535
786		3529		3569288		3540
787		3490		3573869		3553
788		3495		3578463		3553
789		3517		3583080		3499
790		3563		3587660		3544
791		3565		3592261		3535
792		3528		3596857		3535
793		3579		3601447		3557
794		3604		3606046		3530
795		3613		3610648		3533
796		3591		3615239		3516
797		3586		3619826		3552
798		3573		3624427		3534
799		3560		3629019		3560
800		3575		3633609		3508
801		3586		3638212		3539
802		3586		3642798		3525
803		3601		3647396		3540
804		3574		3651982		3505
805		3544		3656550		3503
806		3590		3661169		3521
807		3552		3665783		3534
808		3557		3670376		3506
809		3528		3674974		3521
810		3579		3679571		3514
811		3609		3684156		3504
812		3597		3688774		3524
813		3625		3693400		3520
814		3619		3698012		3514
815		3591		3702614		3529
816		3561		3707196		3536
817		3557		3711801		3540
818		3599		3716401		3506
819		3556		3721003		3507
820		3559		3725608		3526
821		3536		3730184		3542
822		3567		3734761		3534
823		3615		3739357		3540
824		3627		3743965		3509
825		3670		3748559		3537
826		3680		3753169		3520
827		3671		3757753		3549
828		3698		3762356		3571
829		3706		3766958		3558
830		3765		3771553		3540
831		3774		3776166		3546
832		3774		3780745		3535
833		3733		3785352		3516
834		3704		3789948		3515
835		3727		3794541		3532
836		3752		3799124		3499
837		3714		3803721		3545
838		3751		3808324		3548
839		3752		3812911		3520
840		3783		3817511		3520
841		3724		3822130		3533
842		3748		3826748		3527
843		3718		3831340		3513
844		3716		3835940		3567
845		3676		3840531		3470
846		3681		3845124		3538
847		3681		3849740		3523
848		3688		3854346		3527
849		3657		3858953		3523
850		3648		3863541		3535
851		3608		3868130		3532
852		3621		3872710		3526
853		3620		3877312		3548
854		3631		3881915		3534
855		3713		3886509		3536
856		3717		3891113		3541
857		3691		3895718		3543
858		3656		3900316		3554
859		3677		3904920		3543
860		3647		3909507		3541
861		3703		3914108		3512
862		3679		3918702		3523
863		3646		3923302		3527
864		3709		3927912		3567
865		3672		3932505		3564
866		3677		3937118		3510
867		3649		3941727		3544
868		3644		3946311		3566
869		3592		3950913		3560
870		3623		3955516		3548
871		3613		3960116		3562
872		3624		3964722		3527
873		3586		3969322		3525
874		3585		3973938		3537
875		3594		3978541		3535
876		3569		3983131		3540
877		3538		3987723		3536
878		3543		3992326		3544
879		3539		3996910		3549
880		3542		4001519		3540
881		3539		4006137		3521
882		3546		4010725		3541
883		3597		4015331		3547
884		3630		4019939		3518
885		3556		4024551		3517
886		3600		4029156		3522
887		3631		4033765		3532
888		3642		4038371		3555
889		3648		4042974		3541
890		3637		4047592		3530
891		3627		4052200		3531
892		3605		4056788		3525
893		3575		4061372		3521
894		3539		4065956		3514
895		3575		4070552		3514
896		3635		4075144		3492
897		3658		4079758		3506
898		3686		4084373		3535
899		3668		4088982		3492
900		3640		4093586		3518
901		3667		4098198		3559
902		3669		4102809		3554
903		3643		4107415		3525
904		3767		4112013		3542
905		3725		4116623		3540
906		3681		4121207		3521
907		3655		4125793		3522
908		3664		4130393		3547
909		3678		4134997		3519
910		3692		4139605		3535
911		3708		4144222		3556
912		3687		4148800		3515
913		3617		4153370		3558
914		3647		4157974		3500
915		3686		4162582		3516
916		3638		4167195		3511
917		3603		4171801		3526
918		3619		4176407		3522
919		3631		4181013		3505
920		3631		4185613		3525
921		3651		4190226		3516
922		3658		4194823		3541
923		3632		4199414		3533
924		3676		4204002		3508
925		3666		4208596		3527
926		3713		4213184		3513
927		3683		4217784		3533
928		3682		4222393		3539
929		3671		4227025		3504
930		3645		4231626		3536
931		3579		4236210		3535
932		3558		4240816		3534
933		3605		4245401		3497
934		3617		4249996		3508
935		3552		4254574		3516
936		3540		4259151		3522
937		3571		4263731		3556
938		3608		4268314		3528
939		3627		4272904		3514
940		3612		4277504		3525
941		3641		4282116		3533
942		3653		4286708		3514
943		3660		4291303		3534
944		3625		4295897		3537
945		3658		4300487		3534
946		3684		4305081		3502
947		3662		4309692		3510
948		3667		4314304		3544
949		3717		4318919		3538
950		3775		4323534		3543
951		3737		4328150		3541
952		3726		4332774		3543
953		3690		4337372		3485
954		3663		4341997		3523
955		3625		4346613		3517
956		3616		4351206		3557
957		3640		4355810		3556
958		3662		4360431		3504
959		3657		4365042		3553
960		3628		4369676		3506
961		3633		4374274		3539
962		3645		4378877		3506
963		3633		4383482		3548
964		3643		4388110		3510
965		3624		4392727		3550
966		3648		4397374		3535
967		3647		4401992		3552
968		3541		4406595		3532
969		3602		4411197		3523
970		3628		4415772		3554
971		3661		4420376		3557
972		3663		4424988		3528
973		3618		4429576		3537
974		3670		4434182		3517
975		3634		4438801		3540
976		3596		4443416		3499
977		3633		4448016		3504
978		3629		4452599		3521
979		3657		4457207		3534
980		3633		4461829		3553
981		3607		4466426		3551
982		3586		4471008		3527
983		3595		4475605		3529
984		3563		4480204		3548
985		3606		4484803		3528
986		3646		4489401		3489
987		3651		4494011		3554
988		3611		4498619		3535
989		3632		4503221		3520
990		3638		4507816		3527
991		3618		4512439		3499
992		3652		4517054		3534
993		3683		4521666		3527
994		3680		4526296		3549
995		3705		4530903		3528
996		3632		4535502		3545
997		3620		4540114		3542
998		3614		4544729		3520
999		3615		4549328		3537
