# Migration is number of nodes that have changed color.

Round		Edge-Cut		Swaps		Migrations		Skipped
0		10118		4637		3262
1		9964		9264		3296
2		9771		13863		3377
3		9757		18448		3421
4		9672		23012		3492
5		9665		27607		3432
6		9539		32169		3481
7		9433		36736		3439
8		9610		41306		3474
9		9484		45903		3488
10		9437		50455		3516
11		9461		55002		3469
12		9453		59563		3507
13		9362		64106		3468
14		9387		68678		3482
15		9317		73227		3524
16		9272		77744		3478
17		9247		82276		3511
18		9224		86799		3517
19		9246		91302		3515
20		9244		95844		3535
21		9173		100385		3542
22		9202		104928		3506
23		9120		109451		3488
24		9035		113982		3475
25		8964		118456		3480
26		8909		122935		3476
27		8867		127434		3494
28		8814		131940		3510
29		8803		136414		3593
30		8885		140872		3522
31		8830		145325		3481
32		8778		149816		3523
33		8788		154293		3542
34		8733		158759		3498
35		8659		163216		3476
36		8562		167668		3571
37		8554		172116		3507
38		8522		176552		3521
39		8539		180982		3565
40		8538		185452		3522
41		8516		189879		3544
42		8449		194324		3532
43		8416		198744		3489
44		8324		203147		3501
45		8345		207571		3528
46		8354		212013		3530
47		8380		216420		3487
48		8340		220835		3535
49		8305		225281		3528
50		8235		229722		3548
51		8255		234118		3497
52		8213		238558		3525
53		8107		242965		3544
54		8205		247359		3549
55		8146		251761		3518
56		8164		256163		3513
57		8186		260603		3515
58		8113		265055		3512
59		8050		269452		3545
60		8060		273858		3535
61		8065		278300		3519
62		7996		282697		3510
63		7851		287097		3510
64		7818		291469		3524
65		7760		295833		3519
66		7687		300227		3476
67		7557		304574		3527
68		7481		308949		3526
69		7438		313311		3521
70		7517		317688		3540
71		7616		322076		3537
72		7582		326492		3502
73		7528		330862		3504
74		7536		335211		3511
75		7636		339620		3525
76		7567		344024		3515
77		7557		348452		3548
78		7541		352850		3567
79		7554		357259		3558
80		7649		361696		3534
81		7628		366119		3509
82		7641		370496		3538
83		7602		374936		3527
84		7620		379365		3530
85		7582		383803		3578
86		7546		388232		3563
87		7512		392635		3567
88		7469		397043		3549
89		7485		401481		3483
90		7474		405890		3530
91		7442		410304		3528
92		7348		414729		3534
93		7239		419137		3513
94		7195		423577		3488
95		7145		427994		3583
96		7238		432392		3541
97		7286		436823		3589
98		7289		441243		3553
99		7242		445665		3524
100		7223		450086		3576
101		7247		454503		3532
102		7191		458933		3533
103		7253		463364		3538
104		7170		467790		3511
105		7108		472221		3511
106		7111		476664		3543
107		7143		481099		3506
108		7082		485496		3519
109		7094		489915		3504
110		7045		494313		3466
111		6974		498734		3517
112		6912		503162		3539
113		6987		507565		3508
114		6923		512021		3553
115		6873		516442		3548
116		6945		520893		3508
117		7019		525318		3524
118		7016		529763		3551
119		6969		534242		3550
120		6954		538681		3590
121		6875		543137		3547
122		6878		547568		3527
123		6851		552018		3538
124		6840		556464		3543
125		6881		560932		3519
126		6903		565367		3544
127		6845		569829		3535
128		6806		574246		3548
129		6688		578690		3539
130		6745		583123		3557
131		6626		587565		3562
132		6716		591997		3561
133		6689		596434		3564
134		6638		600869		3540
135		6534		605325		3535
136		6477		609728		3551
137		6495		614153		3542
138		6445		618584		3504
139		6334		623042		3553
140		6285		627456		3548
141		6330		631911		3490
142		6309		636350		3547
143		6241		640746		3579
144		6256		645191		3546
145		6320		649616		3529
146		6384		654112		3543
147		6347		658556		3559
148		6313		663031		3544
149		6318		667491		3517
150		6335		671936		3507
151		6386		676394		3521
152		6339		680832		3558
153		6364		685267		3530
154		6372		689729		3517
155		6385		694202		3553
156		6347		698703		3557
157		6334		703153		3532
158		6278		707602		3546
159		6262		712070		3556
160		6184		716537		3500
161		6128		721035		3560
162		6145		725484		3574
163		6234		729960		3557
164		6253		734454		3528
165		6210		738889		3536
166		6230		743360		3514
167		6211		747820		3491
168		6161		752308		3530
169		6118		756777		3556
170		6107		761270		3563
171		6106		765754		3553
172		6099		770211		3537
173		6122		774701		3537
174		6068		779208		3548
175		6032		783683		3519
176		6009		788142		3541
177		5911		792616		3540
178		5962		797096		3536
179		5970		801556		3528
180		5959		806012		3536
181		5977		810465		3526
182		5959		814926		3550
183		5947		819376		3499
184		5932		823862		3535
185		6005		828381		3504
186		6002		832851		3516
187		5960		837359		3533
188		5924		841848		3558
189		5937		846344		3523
190		5982		850829		3521
191		5955		855302		3488
192		5851		859798		3485
193		5763		864262		3506
194		5823		868733		3474
195		5838		873194		3520
196		5822		877665		3518
197		5814		882121		3516
198		5837		886581		3517
199		5813		891091		3520
200		5841		895558		3500
201		5919		900047		3522
202		5839		904527		3544
203		5790		908998		3502
204		5779		913500		3524
205		5812		917999		3514
206		5766		922486		3537
207		5717		926966		3536
208		5655		931454		3500
209		5675		935937		3507
210		5681		940436		3509
211		5650		944919		3537
212		5711		949421		3526
213		5862		953933		3560
214		5844		958445		3543
215		5818		962944		3551
216		5821		967423		3526
217		5816		971933		3521
218		5804		976444		3525
219		5777		980909		3501
220		5601		985402		3539
221		5615		989880		3555
222		5584		994395		3489
223		5659		998853		3486
224		5578		1003351		3481
225		5534		1007829		3494
226		5567		1012301		3510
227		5595		1016799		3534
228		5500		1021289		3510
229		5505		1025812		3486
230		5473		1030308		3469
231		5524		1034783		3495
232		5563		1039274		3483
233		5568		1043789		3523
234		5498		1048295		3510
235		5503		1052789		3498
236		5516		1057286		3524
237		5474		1061809		3495
238		5477		1066318		3477
239		5530		1070839		3517
240		5554		1075355		3484
241		5496		1079878		3523
242		5574		1084388		3540
243		5495		1088872		3489
244		5462		1093372		3524
245		5485		1097913		3524
246		5415		1102437		3468
247		5432		1106962		3568
248		5445		1111470		3542
249		5403		1115980		3511
250		5401		1120483		3534
251		5327		1125000		3533
252		5303		1129518		3563
253		5220		1134017		3543
254		5145		1138543		3506
255		5097		1143036		3503
256		5123		1147557		3533
257		5175		1152068		3501
258		5252		1156607		3515
259		5210		1161138		3539
260		5191		1165650		3498
261		5186		1170177		3524
262		5175		1174666		3508
263		5228		1179185		3512
264		5265		1183703		3507
265		5202		1188204		3543
266		5216		1192743		3534
267		5165		1197311		3542
268		5099		1201834		3533
269		5137		1206366		3521
270		5143		1210897		3490
271		5138		1215444		3514
272		5109		1219989		3534
273		5095		1224497		3515
274		5167		1229010		3529
275		5185		1233548		3514
276		5230		1238077		3506
277		5210		1242597		3495
278		5195		1247120		3508
279		5194		1251621		3488
280		5229		1256135		3546
281		5164		1260644		3530
282		5270		1265172		3576
283		5251		1269713		3567
284		5224		1274228		3515
285		5145		1278755		3545
286		5158		1283277		3535
287		5059		1287773		3552
288		5077		1292260		3540
289		5085		1296779		3543
290		5077		1301314		3509
291		5049		1305828		3561
292		5072		1310361		3535
293		5088		1314894		3568
294		5073		1319414		3511
295		4978		1323946		3560
296		4944		1328453		3551
297		4986		1332987		3568
298		5039		1337468		3563
299		5010		1341992		3543
300		5050		1346516		3532
301		5043		1351044		3552
302		4981		1355557		3533
303		4970		1360056		3552
304		4984		1364580		3551
305		4940		1369108		3553
306		4893		1373647		3544
307		4894		1378170		3569
308		4856		1382681		3564
309		4862		1387206		3588
310		4829		1391697		3538
311		4851		1396227		3540
312		4833		1400744		3571
313		4796		1405265		3581
314		4774		1409801		3546
315		4779		1414307		3523
316		4814		1418839		3531
317		4818		1423385		3556
318		4792		1427936		3527
319		4758		1432464		3567
320		4732		1436988		3547
321		4707		1441518		3521
322		4752		1446009		3545
323		4777		1450543		3541
324		4683		1455078		3525
325		4737		1459622		3515
326		4691		1464153		3526
327		4669		1468688		3503
328		4655		1473218		3513
329		4685		1477751		3502
330		4610		1482264		3535
331		4667		1486780		3556
332		4628		1491313		3539
333		4671		1495830		3546
334		4633		1500366		3545
335		4654		1504888		3509
336		4682		1509436		3545
337		4660		1513963		3543
338		4629		1518505		3542
339		4594		1523049		3525
340		4656		1527580		3491
341		4619		1532119		3513
342		4648		1536666		3511
343		4635		1541218		3552
344		4593		1545748		3529
345		4571		1550284		3511
346		4560		1554818		3522
347		4598		1559336		3503
348		4540		1563877		3540
349		4569		1568409		3559
350		4604		1572945		3523
351		4604		1577498		3512
352		4590		1582039		3522
353		4606		1586588		3539
354		4598		1591147		3504
355		4598		1595701		3513
356		4595		1600245		3547
357		4491		1604788		3540
358		4459		1609339		3532
359		4463		1613886		3552
360		4460		1618427		3555
361		4435		1622962		3547
362		4402		1627519		3551
363		4395		1632052		3548
364		4359		1636558		3560
365		4375		1641101		3523
366		4370		1645651		3515
367		4320		1650179		3531
368		4374		1654712		3521
369		4334		1659241		3527
370		4324		1663764		3551
371		4304		1668302		3523
372		4313		1672849		3536
373		4278		1677358		3517
374		4363		1681893		3496
375		4417		1686434		3558
376		4390		1690993		3521
377		4411		1695542		3523
378		4387		1700087		3535
379		4348		1704626		3553
380		4361		1709155		3527
381		4371		1713695		3513
382		4417		1718232		3539
383		4417		1722758		3536
384		4410		1727316		3493
385		4456		1731868		3495
386		4439		1736408		3548
387		4425		1740956		3537
388		4498		1745513		3472
389		4474		1750062		3508
390		4436		1754608		3486
391		4419		1759151		3502
392		4454		1763714		3528
393		4390		1768268		3517
394		4385		1772800		3538
395		4393		1777315		3508
396		4403		1781871		3524
397		4322		1786431		3480
398		4289		1790982		3497
399		4336		1795531		3500
400		4353		1800094		3493
401		4344		1804628		3516
402		4297		1809186		3527
403		4294		1813750		3554
404		4278		1818282		3528
405		4306		1822820		3507
406		4342		1827365		3536
407		4320		1831921		3529
408		4333		1836467		3532
409		4365		1841019		3488
410		4296		1845574		3537
411		4258		1850128		3495
412		4364		1854678		3507
413		4341		1859232		3518
414		4348		1863812		3523
415		4373		1868379		3556
416		4405		1872938		3528
417		4421		1877490		3497
418		4336		1882058		3515
419		4304		1886612		3539
420		4325		1891142		3548
421		4294		1895715		3537
422		4367		1900267		3570
423		4384		1904807		3550
424		4319		1909357		3546
425		4306		1913906		3512
426		4362		1918467		3489
427		4354		1923028		3522
428		4374		1927578		3530
429		4358		1932151		3522
430		4341		1936697		3526
431		4340		1941280		3537
432		4353		1945836		3537
433		4385		1950368		3507
434		4333		1954937		3504
435		4352		1959494		3539
436		4366		1964057		3543
437		4361		1968612		3557
438		4355		1973188		3520
439		4342		1977738		3522
440		4362		1982278		3549
441		4327		1986825		3496
442		4358		1991358		3474
443		4356		1995930		3547
444		4325		2000484		3518
445		4308		2005038		3554
446		4323		2009573		3554
447		4364		2014121		3501
448		4342		2018685		3567
449		4316		2023234		3511
450		4326		2027787		3518
451		4279		2032344		3529
452		4303		2036909		3494
453		4252		2041474		3498
454		4245		2046021		3486
455		4257		2050569		3513
456		4286		2055117		3487
457		4351		2059700		3500
458		4369		2064291		3483
459		4326		2068845		3513
460		4396		2073412		3511
461		4400		2077993		3491
462		4346		2082565		3491
463		4331		2087129		3506
464		4294		2091698		3509
465		4328		2096259		3500
466		4286		2100823		3495
467		4299		2105391		3559
468		4330		2109973		3518
469		4309		2114564		3513
470		4332		2119149		3544
471		4403		2123732		3496
472		4349		2128310		3492
473		4326		2132878		3513
474		4366		2137465		3530
475		4351		2142041		3501
476		4286		2146611		3527
477		4273		2151178		3535
478		4233		2155732		3523
479		4187		2160287		3547
480		4210		2164869		3540
481		4250		2169433		3532
482		4218		2173999		3526
483		4234		2178566		3529
484		4254		2183160		3512
485		4243		2187745		3528
486		4325		2192314		3529
487		4268		2196884		3516
488		4270		2201450		3543
489		4269		2206053		3492
490		4265		2210635		3491
491		4214		2215205		3527
492		4203		2219761		3510
493		4163		2224322		3500
494		4106		2228885		3502
495		4067		2233461		3516
496		4148		2238044		3520
497		4138		2242605		3514
498		4156		2247186		3520
499		4091		2251731		3537
500		4127		2256274		3544
501		4166		2260830		3520
502		4182		2265379		3484
503		4171		2269930		3495
504		4198		2274492		3501
505		4143		2279088		3515
506		4107		2283646		3508
507		4101		2288196		3534
508		4132		2292764		3522
509		4135		2297340		3501
510		4158		2301920		3514
511		4099		2306492		3508
512		4183		2311075		3487
513		4209		2315655		3511
514		4175		2320229		3515
515		4113		2324784		3537
516		4089		2329360		3544
517		4113		2333934		3522
518		4082		2338504		3530
519		4110		2343069		3510
520		4072		2347625		3497
521		4070		2352197		3504
522		4069		2356792		3504
523		4104		2361364		3500
524		4052		2365911		3506
525		4089		2370472		3516
526		4155		2375045		3549
527		4143		2379618		3524
528		4123		2384188		3529
529		4124		2388776		3524
530		4128		2393362		3528
531		4175		2397951		3521
532		4178		2402509		3510
533		4177		2407097		3537
534		4133		2411660		3548
535		4135		2416217		3589
536		4149		2420784		3542
537		4169		2425335		3552
538		4157		2429878		3483
539		4209		2434444		3504
540		4117		2439030		3562
541		4124		2443608		3536
542		4107		2448174		3535
543		4070		2452760		3524
544		4029		2457319		3526
545		4015		2461901		3547
546		4060		2466454		3531
547		4071		2471028		3535
548		4059		2475635		3541
549		4030		2480200		3517
550		4067		2484780		3530
551		4078		2489338		3515
552		4109		2493906		3478
553		4140		2498482		3533
554		4120		2503080		3539
555		4149		2507651		3524
556		4134		2512229		3513
557		4157		2516776		3530
558		4120		2521379		3501
559		4068		2525958		3528
560		4052		2530494		3513
561		4095		2535078		3530
562		4049		2539619		3523
563		4049		2544205		3532
564		4077		2548782		3543
565		4052		2553348		3513
566		4087		2557898		3479
567		4108		2562453		3457
568		4143		2567036		3506
569		4081		2571602		3516
570		4104		2576151		3524
571		4173		2580726		3518
572		4086		2585281		3507
573		4078		2589864		3512
574		4020		2594431		3504
575		4066		2598989		3510
576		4057		2603558		3504
577		4080		2608119		3515
578		4060		2612688		3549
579		4054		2617238		3538
580		4074		2621788		3567
581		4046		2626349		3514
582		4049		2630903		3525
583		4099		2635447		3534
584		4057		2640017		3531
585		4051		2644557		3522
586		4055		2649104		3474
587		4091		2653672		3520
588		4136		2658244		3519
589		4055		2662817		3544
590		4036		2667372		3552
591		4052		2671930		3503
592		4067		2676491		3522
593		4073		2681049		3550
594		4014		2685612		3501
595		3997		2690172		3514
596		3956		2694732		3532
597		4045		2699293		3555
598		3975		2703873		3543
599		4031		2708448		3508
600		4006		2713014		3518
601		3970		2717577		3502
602		4009		2722139		3510
603		4040		2726683		3536
604		3964		2731256		3509
605		3926		2735799		3515
606		3933		2740366		3531
607		3987		2744941		3542
608		3989		2749499		3544
609		3985		2754059		3556
610		3991		2758641		3551
611		3987		2763202		3530
612		3990		2767764		3540
613		3987		2772325		3522
614		4041		2776889		3520
615		3984		2781458		3528
616		3961		2786006		3520
617		3979		2790559		3512
618		3999		2795110		3516
619		3917		2799695		3514
620		3883		2804254		3538
621		3883		2808829		3535
622		3855		2813372		3522
623		3929		2817926		3515
624		3912		2822486		3517
625		3883		2827058		3537
626		3833		2831639		3534
627		3840		2836198		3513
628		3864		2840735		3540
629		3884		2845294		3524
630		3880		2849852		3545
631		3918		2854421		3529
632		3928		2858980		3525
633		3894		2863554		3538
634		3920		2868114		3562
635		3953		2872680		3529
636		3929		2877254		3513
637		3925		2881822		3513
638		3918		2886386		3506
639		3884		2890955		3541
640		3859		2895537		3510
641		3911		2900121		3522
642		3934		2904696		3508
643		3892		2909256		3514
644		3925		2913839		3539
645		3866		2918421		3553
646		3808		2922983		3541
647		3791		2927548		3500
648		3743		2932100		3541
649		3756		2936660		3544
650		3724		2941232		3540
651		3770		2945802		3568
652		3808		2950385		3552
653		3794		2954961		3512
654		3771		2959508		3495
655		3843		2964069		3517
656		3842		2968650		3524
657		3865		2973234		3508
658		3889		2977818		3500
659		3914		2982401		3521
660		3956		2986992		3548
661		3904		2991528		3558
662		3952		2996106		3552
663		3928		3000700		3512
664		3930		3005293		3553
665		3891		3009885		3545
666		3934		3014464		3522
667		3882		3019047		3528
668		3914		3023628		3535
669		3956		3028211		3547
670		3962		3032790		3542
671		3995		3037362		3526
672		3963		3041948		3526
673		3927		3046517		3526
674		3898		3051084		3523
675		3866		3055652		3539
676		3881		3060226		3532
677		3897		3064796		3555
678		3932		3069368		3566
679		3836		3073940		3514
680		3817		3078506		3554
681		3797		3083067		3528
682		3810		3087639		3488
683		3782		3092207		3507
684		3731		3096781		3524
685		3788		3101371		3508
686		3783		3105910		3528
687		3798		3110471		3556
688		3825		3115047		3534
689		3901		3119619		3534
690		3831		3124187		3525
691		3901		3128749		3541
692		3928		3133325		3516
693		3950		3137892		3509
694		3905		3142452		3512
695		3865		3147034		3495
696		3841		3151611		3533
697		3817		3156165		3523
698		3840		3160738		3539
699		3818		3165307		3543
700		3788		3169884		3523
701		3839		3174462		3552
702		3906		3179036		3516
703		3915		3183619		3496
704		3874		3188174		3527
705		3861		3192731		3541
706		3918		3197285		3566
707		3947		3201854		3530
708		3935		3206411		3533
709		3957		3210965		3537
710		4024		3215552		3546
711		4016		3220101		3573
712		3991		3224685		3532
713		4021		3229247		3520
714		4020		3233802		3532
715		4010		3238358		3524
716		3971		3242928		3514
717		4023		3247507		3551
718		3998		3252080		3522
719		3983		3256651		3527
720		4021		3261230		3510
721		4010		3265810		3495
722		3995		3270418		3498
723		4016		3275011		3496
724		3997		3279596		3562
725		3961		3284178		3506
726		3918		3288715		3510
727		3955		3293293		3556
728		3978		3297858		3530
729		3951		3302454		3533
730		3972		3307024		3507
731		3949		3311586		3515
732		3937		3316184		3527
733		3916		3320760		3485
734		3885		3325339		3520
735		3877		3329910		3518
736		3862		3334470		3561
737		3865		3339029		3499
738		3907		3343577		3537
739		3837		3348173		3538
740		3847		3352738		3522
741		3847		3357294		3514
742		3864		3361894		3507
743		3849		3366488		3480
744		3828		3371069		3494
745		3808		3375616		3493
746		3798		3380178		3519
747		3771		3384738		3509
748		3816		3389313		3499
749		3861		3393890		3511
750		3794		3398484		3536
751		3785		3403052		3528
752		3761		3407618		3527
753		3751		3412191		3509
754		3720		3416742		3523
755		3816		3421347		3517
756		3845		3425934		3513
757		3848		3430524		3498
758		3819		3435089		3507
759		3781		3439659		3486
760		3752		3444237		3524
761		3779		3448812		3516
762		3739		3453390		3524
763		3726		3457958		3505
764		3707		3462525		3517
765		3801		3467119		3495
766		3725		3471700		3490
767		3733		3476272		3487
768		3829		3480842		3494
769		3867		3485419		3500
770		3751		3489995		3568
771		3735		3494561		3541
772		3747		3499126		3525
773		3722		3503706		3557
774		3775		3508286		3533
775		3760		3512858		3500
776		3833		3517435		3502
777		3833		3522031		3537
778		3815		3526626		3535
779		3813		3531208		3541
780		3789		3535774		3524
781		3806		3540376		3499
782		3773		3544942		3525
783		3737		3549523		3503
784		3759		3554124		3509
785		3750		3558713		3467
786		3694		3563266		3506
787		3747		3567855		3523
788		3736		3572430		3548
789		3780		3577018		3537
790		3766		3581626		3540
791		3772		3586200		3558
792		3722		3590779		3550
793		3779		3595370		3526
794		3724		3599945		3524
795		3721		3604524		3508
796		3699		3609096		3531
797		3778		3613680		3539
798		3794		3618263		3533
799		3819		3622839		3495
800		3750		3627438		3524
801		3750		3632023		3520
802		3792		3636611		3530
803		3800		3641197		3534
804		3827		3645769		3535
805		3735		3650320		3544
806		3741		3654881		3504
807		3748		3659451		3527
808		3767		3664021		3531
809		3741		3668607		3529
810		3747		3673201		3528
811		3778		3677774		3523
812		3720		3682366		3547
813		3718		3686930		3529
814		3760		3691530		3528
815		3805		3696115		3488
816		3761		3700688		3484
817		3727		3705269		3496
818		3781		3709860		3488
819		3804		3714454		3507
820		3858		3719045		3519
821		3841		3723608		3479
822		3852		3728196		3520
823		3887		3732774		3511
824		3831		3737341		3511
825		3874		3741928		3511
826		3868		3746538		3510
827		3863		3751093		3515
828		3846		3755677		3533
829		3876		3760240		3538
830		3894		3764838		3531
831		3849		3769425		3531
832		3888		3774011		3529
833		3789		3778593		3522
834		3816		3783185		3498
835		3733		3787737		3494
836		3714		3792311		3470
837		3667		3796895		3529
838		3775		3801471		3496
839		3777		3806057		3498
840		3801		3810642		3519
841		3795		3815238		3545
842		3769		3819813		3527
843		3790		3824383		3544
844		3799		3828971		3510
845		3745		3833571		3505
846		3783		3838143		3502
847		3733		3842708		3498
848		3732		3847273		3515
849		3729		3851865		3508
850		3690		3856425		3504
851		3738		3861003		3501
852		3775		3865596		3505
853		3799		3870173		3518
854		3808		3874760		3536
855		3798		3879340		3545
856		3814		3883914		3515
857		3814		3888505		3535
858		3802		3893089		3491
859		3754		3897684		3494
860		3790		3902257		3513
861		3791		3906863		3469
862		3745		3911440		3492
863		3779		3916013		3499
864		3836		3920601		3508
865		3853		3925204		3497
866		3788		3929802		3492
867		3780		3934392		3495
868		3748		3938991		3480
869		3773		3943589		3497
870		3832		3948186		3502
871		3822		3952773		3507
872		3854		3957366		3513
873		3805		3961962		3492
874		3847		3966546		3505
875		3847		3971140		3513
876		3835		3975735		3508
877		3847		3980338		3517
878		3854		3984919		3514
879		3912		3989515		3469
880		3924		3994107		3518
881		3885		3998715		3518
882		3854		4003306		3516
883		3842		4007891		3503
884		3869		4012472		3505
885		3905		4017074		3478
886		3848		4021672		3533
887		3831		4026260		3515
888		3891		4030851		3523
889		3879		4035433		3494
890		3908		4040029		3511
891		3943		4044606		3516
892		3956		4049178		3477
893		3986		4053743		3501
894		3936		4058330		3521
895		3865		4062913		3520
896		3917		4067511		3522
897		3913		4072101		3508
898		3877		4076679		3530
899		3968		4081261		3507
900		3925		4085848		3506
901		4007		4090449		3499
902		4000		4095062		3519
903		3990		4099659		3522
904		3893		4104251		3513
905		3950		4108834		3501
906		3940		4113428		3533
907		3924		4118013		3525
908		3897		4122599		3494
909		3909		4127187		3494
910		3914		4131792		3528
911		3850		4136366		3494
912		3833		4140945		3509
913		3791		4145510		3506
914		3768		4150081		3505
915		3743		4154643		3502
916		3741		4159200		3462
917		3728		4163781		3520
918		3751		4168332		3486
919		3761		4172910		3505
920		3705		4177477		3545
921		3711		4182029		3536
922		3794		4186584		3515
923		3782		4191148		3503
924		3786		4195731		3524
925		3783		4200313		3516
926		3813		4204877		3530
927		3803		4209456		3504
928		3809		4214028		3523
929		3794		4218614		3492
930		3830		4223192		3544
931		3811		4227772		3540
932		3825		4232372		3522
933		3872		4236958		3564
934		3828		4241534		3557
935		3857		4246118		3532
936		3896		4250701		3545
937		3894		4255298		3539
938		3881		4259892		3543
939		3883		4264494		3537
940		3851		4269093		3547
941		3854		4273671		3527
942		3872		4278235		3541
943		3852		4282813		3498
944		3859		4287404		3548
945		3859		4291979		3529
946		3836		4296552		3549
947		3755		4301146		3535
948		3825		4305725		3537
949		3783		4310292		3540
950		3855		4314886		3542
951		3808		4319449		3522
952		3834		4324029		3521
953		3859		4328606		3559
954		3858		4333194		3551
955		3853		4337774		3523
956		3839		4342380		3496
957		3783		4346964		3509
958		3758		4351550		3532
959		3767		4356129		3546
960		3721		4360699		3531
961		3709		4365281		3565
962		3703		4369871		3551
963		3740		4374445		3532
964		3714		4379010		3575
965		3727		4383584		3558
966		3750		4388145		3512
967		3758		4392727		3541
968		3825		4397300		3532
969		3833		4401866		3546
970		3805		4406437		3514
971		3756		4411010		3508
972		3799		4415567		3522
973		3767		4420134		3520
974		3774		4424692		3548
975		3751		4429274		3545
976		3768		4433846		3508
977		3788		4438424		3522
978		3836		4443014		3485
979		3810		4447571		3497
980		3798		4452144		3549
981		3885		4456703		3510
982		3884		4461290		3560
983		3878		4465862		3553
984		3887		4470433		3546
985		3968		4475024		3528
986		3941		4479614		3482
987		3887		4484213		3560
988		3965		4488787		3536
989		3933		4493369		3492
990		3921		4497960		3551
991		3876		4502556		3540
992		3822		4507157		3554
993		3796		4511762		3576
994		3838		4516372		3522
995		3764		4520955		3523
996		3800		4525537		3551
997		3790		4530120		3553
998		3788		4534704		3539
999		3770		4539271		3503
