# Migration is number of nodes that have changed color.

Round		Edge-Cut		Swaps		Migrations		Skipped
0		9999		4649		3223
1		9842		9247		3273
2		9818		13812		3369
3		9706		18401		3380
4		9763		23003		3463
5		9736		27613		3518
6		9530		32198		3484
7		9469		36744		3474
8		9536		41311		3522
9		9408		45866		3501
10		9403		50423		3504
11		9347		54976		3479
12		9305		59509		3487
13		9344		64060		3504
14		9270		68617		3467
15		9277		73136		3470
16		9170		77680		3453
17		9164		82223		3522
18		9115		86752		3487
19		9084		91260		3517
20		8985		95782		3480
21		8962		100246		3483
22		8909		104738		3572
23		8914		109247		3515
24		8993		113737		3513
25		8900		118229		3520
26		8911		122735		3505
27		8865		127212		3546
28		8885		131684		3482
29		8869		136194		3523
30		8844		140664		3551
31		8761		145124		3481
32		8756		149594		3502
33		8575		154018		3485
34		8572		158480		3498
35		8562		162927		3511
36		8492		167363		3495
37		8464		171796		3511
38		8431		176248		3531
39		8464		180638		3492
40		8483		185076		3483
41		8497		189533		3521
42		8343		193954		3512
43		8345		198383		3518
44		8267		202831		3507
45		8238		207239		3518
46		8331		211640		3525
47		8315		216079		3461
48		8339		220518		3506
49		8270		224960		3547
50		8271		229383		3481
51		8302		233818		3495
52		8278		238238		3486
53		8302		242696		3515
54		8171		247101		3514
55		8126		251533		3504
56		8108		255941		3490
57		8067		260349		3505
58		8081		264763		3527
59		8024		269170		3514
60		8034		273594		3532
61		8040		277999		3520
62		8001		282402		3547
63		7918		286805		3500
64		7857		291202		3491
65		7846		295608		3492
66		7900		300021		3497
67		7828		304383		3479
68		7899		308796		3533
69		7752		313197		3569
70		7777		317618		3512
71		7685		321997		3501
72		7661		326425		3529
73		7682		330839		3553
74		7610		335233		3526
75		7603		339665		3507
76		7524		344072		3499
77		7435		348482		3533
78		7417		352888		3486
79		7467		357312		3461
80		7459		361771		3514
81		7378		366234		3488
82		7378		370646		3498
83		7329		375096		3534
84		7257		379495		3532
85		7243		383912		3470
86		7282		388336		3515
87		7237		392818		3551
88		7160		397259		3519
89		7119		401705		3494
90		7066		406152		3527
91		7062		410601		3543
92		7029		415034		3518
93		6994		419452		3495
94		6913		423907		3539
95		6880		428332		3528
96		6911		432775		3484
97		6994		437198		3483
98		6997		441641		3442
99		6954		446106		3415
100		6997		450568		3468
101		6947		455042		3482
102		6943		459472		3493
103		6902		463878		3480
104		6887		468333		3495
105		6996		472778		3498
106		6965		477225		3494
107		6927		481673		3499
108		6943		486103		3490
109		6832		490533		3520
110		6822		494976		3504
111		6828		499427		3498
112		6817		503896		3475
113		6803		508366		3465
114		6756		512781		3563
115		6715		517211		3509
116		6758		521669		3497
117		6728		526132		3513
118		6719		530605		3494
119		6693		535065		3529
120		6663		539529		3509
121		6684		543965		3518
122		6633		548420		3522
123		6591		552890		3509
124		6590		557362		3487
125		6621		561860		3481
126		6550		566320		3530
127		6581		570785		3517
128		6558		575249		3484
129		6551		579711		3548
130		6597		584157		3532
131		6595		588613		3522
132		6560		593069		3510
133		6504		597517		3510
134		6474		601987		3522
135		6499		606458		3504
136		6432		610930		3514
137		6435		615368		3547
138		6484		619851		3463
139		6402		624342		3484
140		6345		628817		3513
141		6365		633312		3545
142		6294		637783		3468
143		6275		642261		3479
144		6273		646751		3502
145		6225		651218		3465
146		6231		655701		3502
147		6243		660179		3513
148		6174		664633		3480
149		6148		669108		3514
150		6150		673583		3505
151		6168		678046		3458
152		6160		682537		3471
153		6083		687030		3474
154		6120		691492		3494
155		6075		695960		3492
156		6092		700463		3498
157		6064		704950		3491
158		6095		709459		3483
159		5980		713927		3489
160		5892		718394		3527
161		5839		722875		3514
162		5841		727354		3496
163		5898		731834		3511
164		5907		736333		3486
165		5954		740828		3474
166		5929		745318		3544
167		5902		749784		3525
168		5836		754251		3522
169		5882		758741		3475
170		5775		763247		3488
171		5704		767722		3488
172		5708		772176		3497
173		5764		776655		3519
174		5781		781132		3525
175		5760		785607		3500
176		5798		790099		3530
177		5729		794592		3565
178		5735		799050		3528
179		5691		803499		3558
180		5682		807989		3504
181		5772		812449		3508
182		5804		816911		3511
183		5801		821423		3483
184		5769		825936		3485
185		5757		830402		3536
186		5722		834903		3542
187		5652		839388		3532
188		5677		843874		3491
189		5643		848390		3532
190		5614		852885		3511
191		5716		857398		3527
192		5760		861902		3516
193		5687		866433		3545
194		5624		870895		3555
195		5556		875390		3528
196		5543		879868		3525
197		5589		884372		3521
198		5606		888864		3534
199		5636		893346		3518
200		5629		897851		3537
201		5605		902351		3505
202		5575		906840		3477
203		5570		911367		3514
204		5579		915856		3514
205		5642		920365		3506
206		5571		924873		3473
207		5462		929347		3499
208		5473		933829		3509
209		5455		938313		3522
210		5486		942825		3492
211		5507		947344		3508
212		5499		951867		3496
213		5516		956405		3519
214		5423		960938		3515
215		5434		965430		3524
216		5453		969968		3511
217		5452		974476		3490
218		5411		978971		3509
219		5375		983484		3471
220		5400		988001		3491
221		5394		992496		3483
222		5293		996993		3493
223		5307		1001478		3478
224		5252		1005979		3510
225		5325		1010476		3527
226		5312		1014988		3504
227		5320		1019497		3498
228		5319		1024026		3509
229		5315		1028550		3502
230		5288		1033068		3544
231		5213		1037588		3519
232		5238		1042080		3469
233		5240		1046585		3480
234		5260		1051088		3490
235		5299		1055595		3506
236		5230		1060106		3463
237		5226		1064617		3500
238		5236		1069133		3440
239		5123		1073671		3476
240		5080		1078171		3513
241		5028		1082674		3496
242		5076		1087166		3460
243		5089		1091649		3522
244		5138		1096169		3522
245		5180		1100673		3525
246		5234		1105202		3504
247		5208		1109741		3505
248		5233		1114234		3487
249		5184		1118749		3505
250		5168		1123261		3508
251		5154		1127769		3498
252		5198		1132280		3498
253		5091		1136782		3473
254		5153		1141282		3483
255		5173		1145791		3494
256		5173		1150294		3471
257		5168		1154815		3484
258		5198		1159339		3510
259		5122		1163874		3552
260		5175		1168393		3504
261		5193		1172923		3483
262		5175		1177463		3505
263		5069		1181994		3482
264		5118		1186516		3506
265		5131		1191049		3485
266		5153		1195590		3503
267		5097		1200132		3483
268		5086		1204642		3513
269		5109		1209147		3479
270		5027		1213657		3541
271		5001		1218185		3491
272		4933		1222719		3524
273		4910		1227211		3525
274		4890		1231735		3511
275		4932		1236243		3497
276		4941		1240748		3511
277		4930		1245272		3474
278		4910		1249775		3505
279		4869		1254269		3525
280		4901		1258781		3523
281		4809		1263301		3511
282		4774		1267806		3508
283		4831		1272314		3454
284		4781		1276826		3470
285		4806		1281324		3486
286		4846		1285824		3467
287		4804		1290317		3463
288		4808		1294805		3532
289		4935		1299336		3494
290		4921		1303857		3483
291		4930		1308368		3494
292		4897		1312898		3499
293		4896		1317419		3501
294		4849		1321936		3487
295		4902		1326476		3497
296		4918		1331028		3511
297		4923		1335559		3532
298		4917		1340073		3530
299		4873		1344615		3494
300		4866		1349144		3483
301		4845		1353683		3518
302		4924		1358212		3495
303		4896		1362754		3499
304		4898		1367291		3504
305		4896		1371845		3482
306		4876		1376418		3494
307		4826		1380943		3538
308		4854		1385495		3502
309		4856		1390030		3491
310		4891		1394570		3484
311		4892		1399114		3474
312		4879		1403648		3496
313		4914		1408191		3476
314		4882		1412731		3473
315		4973		1417254		3486
316		4931		1421764		3530
317		4926		1426307		3528
318		4929		1430814		3491
319		4884		1435372		3518
320		4920		1439883		3484
321		4812		1444404		3481
322		4823		1448956		3505
323		4887		1453490		3495
324		4837		1458030		3499
325		4847		1462557		3522
326		4841		1467104		3518
327		4831		1471641		3496
328		4797		1476148		3505
329		4837		1480696		3499
330		4837		1485218		3511
331		4821		1489759		3498
332		4836		1494296		3510
333		4870		1498829		3508
334		4833		1503350		3487
335		4861		1507891		3522
336		4868		1512421		3508
337		4952		1516962		3518
338		4972		1521516		3520
339		5007		1526067		3495
340		5003		1530589		3504
341		4941		1535110		3498
342		4975		1539665		3493
343		4915		1544183		3485
344		4860		1548711		3511
345		4838		1553239		3461
346		4836		1557781		3435
347		4821		1562327		3491
348		4776		1566837		3523
349		4787		1571357		3474
350		4807		1575853		3484
351		4828		1580366		3468
352		4838		1584894		3516
353		4871		1589423		3485
354		4830		1593959		3472
355		4783		1598506		3465
356		4728		1602993		3480
357		4805		1607542		3504
358		4781		1612083		3488
359		4736		1616602		3527
360		4754		1621135		3474
361		4814		1625659		3463
362		4753		1630192		3479
363		4805		1634750		3518
364		4760		1639294		3507
365		4804		1643823		3499
366		4831		1648368		3516
367		4841		1652906		3486
368		4840		1657433		3471
369		4893		1661975		3468
370		4869		1666537		3534
371		4855		1671087		3488
372		4801		1675632		3511
373		4739		1680192		3480
374		4745		1684724		3506
375		4748		1689276		3479
376		4724		1693808		3474
377		4725		1698364		3492
378		4718		1702905		3474
379		4774		1707445		3474
380		4726		1711979		3466
381		4734		1716524		3492
382		4764		1721084		3529
383		4754		1725625		3487
384		4731		1730172		3502
385		4803		1734729		3471
386		4787		1739290		3511
387		4758		1743819		3527
388		4801		1748339		3495
389		4813		1752865		3509
390		4745		1757389		3494
391		4757		1761932		3499
392		4729		1766458		3525
393		4731		1770996		3488
394		4775		1775529		3483
395		4825		1780061		3494
396		4852		1784606		3499
397		4839		1789130		3479
398		4853		1793706		3509
399		4868		1798263		3514
400		4849		1802809		3505
401		4823		1807364		3490
402		4718		1811914		3497
403		4742		1816453		3510
404		4671		1820977		3514
405		4696		1825494		3490
406		4652		1830002		3543
407		4701		1834508		3479
408		4734		1839051		3515
409		4736		1843608		3493
410		4773		1848153		3499
411		4866		1852678		3521
412		4796		1857225		3469
413		4762		1861738		3485
414		4821		1866280		3511
415		4769		1870821		3525
416		4739		1875354		3502
417		4667		1879884		3450
418		4738		1884400		3492
419		4755		1888942		3522
420		4666		1893485		3498
421		4684		1898034		3510
422		4674		1902561		3519
423		4675		1907106		3495
424		4659		1911649		3506
425		4705		1916182		3496
426		4675		1920726		3476
427		4688		1925284		3500
428		4669		1929833		3469
429		4724		1934382		3463
430		4691		1938935		3488
431		4667		1943474		3499
432		4573		1947995		3501
433		4553		1952526		3498
434		4597		1957066		3518
435		4646		1961611		3520
436		4611		1966166		3531
437		4591		1970717		3528
438		4543		1975279		3482
439		4554		1979837		3492
440		4636		1984385		3511
441		4600		1988924		3468
442		4583		1993487		3516
443		4592		1998046		3499
444		4606		2002608		3492
445		4573		2007156		3516
446		4640		2011687		3495
447		4631		2016246		3488
448		4641		2020801		3505
449		4602		2025334		3499
450		4596		2029846		3519
451		4659		2034405		3521
452		4662		2038977		3503
453		4599		2043518		3519
454		4656		2048050		3486
455		4598		2052611		3485
456		4561		2057174		3540
457		4518		2061714		3507
458		4495		2066240		3531
459		4529		2070799		3512
460		4486		2075360		3515
461		4470		2079912		3500
462		4477		2084481		3510
463		4454		2089034		3520
464		4477		2093595		3532
465		4543		2098142		3499
466		4550		2102724		3488
467		4517		2107284		3501
468		4456		2111842		3512
469		4511		2116377		3508
470		4471		2120922		3496
471		4447		2125465		3507
472		4393		2130019		3510
473		4351		2134590		3498
474		4318		2139124		3502
475		4312		2143674		3490
476		4241		2148226		3487
477		4284		2152772		3494
478		4321		2157334		3496
479		4318		2161901		3512
480		4341		2166492		3499
481		4312		2171043		3467
482		4246		2175594		3489
483		4264		2180165		3481
484		4258		2184721		3497
485		4203		2189281		3514
486		4226		2193842		3484
487		4293		2198383		3476
488		4204		2202901		3516
489		4263		2207458		3484
490		4265		2212044		3495
491		4288		2216617		3536
492		4303		2221186		3563
493		4247		2225714		3529
494		4303		2230257		3540
495		4309		2234815		3524
496		4294		2239365		3499
497		4312		2243917		3520
498		4287		2248471		3510
499		4274		2253028		3504
500		4253		2257584		3484
501		4314		2262167		3523
502		4329		2266727		3532
503		4343		2271282		3504
504		4345		2275852		3507
505		4322		2280407		3514
506		4343		2284989		3522
507		4299		2289555		3497
508		4299		2294121		3512
509		4289		2298668		3535
510		4324		2303200		3488
511		4371		2307760		3490
512		4319		2312324		3515
513		4318		2316891		3501
514		4306		2321447		3497
515		4278		2326019		3533
516		4316		2330569		3495
517		4281		2335145		3519
518		4298		2339703		3486
519		4229		2344247		3487
520		4283		2348786		3485
521		4249		2353333		3527
522		4226		2357873		3495
523		4180		2362417		3504
524		4243		2366931		3537
525		4294		2371483		3513
526		4312		2376037		3500
527		4352		2380611		3521
528		4331		2385170		3502
529		4304		2389732		3512
530		4327		2394306		3522
531		4368		2398879		3540
532		4313		2403453		3492
533		4342		2408001		3485
534		4302		2412570		3524
535		4333		2417143		3500
536		4307		2421734		3511
537		4233		2426287		3506
538		4278		2430849		3520
539		4312		2435414		3486
540		4260		2439972		3501
541		4239		2444525		3496
542		4234		2449098		3520
543		4223		2453638		3520
544		4222		2458204		3520
545		4222		2462777		3550
546		4172		2467338		3501
547		4171		2471917		3522
548		4131		2476460		3502
549		4124		2481041		3498
550		4131		2485602		3519
551		4128		2490152		3520
552		4177		2494732		3485
553		4221		2499309		3518
554		4224		2503900		3524
555		4154		2508451		3537
556		4126		2513039		3494
557		4079		2517602		3527
558		4099		2522166		3518
559		4055		2526724		3501
560		4080		2531267		3526
561		4129		2535829		3529
562		4136		2540408		3555
563		4201		2544975		3533
564		4145		2549550		3494
565		4157		2554122		3502
566		4167		2558679		3518
567		4190		2563258		3538
568		4262		2567820		3530
569		4262		2572382		3510
570		4261		2576945		3514
571		4266		2581511		3503
572		4262		2586086		3524
573		4217		2590665		3558
574		4320		2595237		3533
575		4242		2599791		3529
576		4183		2604347		3521
577		4289		2608900		3518
578		4234		2613463		3521
579		4288		2618024		3562
580		4285		2622577		3507
581		4254		2627113		3517
582		4284		2631688		3527
583		4337		2636249		3506
584		4360		2640818		3546
585		4348		2645397		3505
586		4409		2649964		3545
587		4435		2654525		3498
588		4443		2659102		3511
589		4394		2663686		3519
590		4400		2668259		3528
591		4346		2672805		3492
592		4389		2677383		3519
593		4376		2681953		3533
594		4388		2686532		3551
595		4396		2691084		3501
596		4392		2695662		3531
597		4332		2700236		3506
598		4346		2704800		3495
599		4274		2709365		3497
600		4308		2713925		3531
601		4312		2718485		3559
602		4276		2723042		3501
603		4268		2727613		3499
604		4289		2732155		3516
605		4323		2736692		3509
606		4322		2741238		3535
607		4351		2745801		3505
608		4305		2750373		3534
609		4284		2754953		3504
610		4252		2759506		3484
611		4201		2764076		3521
612		4233		2768627		3549
613		4230		2773189		3517
614		4177		2777761		3518
615		4219		2782358		3526
616		4197		2786915		3570
617		4186		2791492		3526
618		4222		2796067		3556
619		4233		2800643		3538
620		4252		2805223		3546
621		4223		2809802		3521
622		4202		2814360		3531
623		4236		2818919		3501
624		4248		2823491		3533
625		4338		2828069		3481
626		4351		2832620		3493
627		4328		2837205		3517
628		4287		2841776		3507
629		4290		2846332		3506
630		4349		2850885		3508
631		4335		2855424		3546
632		4407		2859970		3526
633		4264		2864545		3541
634		4305		2869118		3512
635		4316		2873691		3499
636		4248		2878230		3489
637		4319		2882799		3529
638		4308		2887346		3507
639		4184		2891926		3515
640		4178		2896500		3521
641		4198		2901050		3493
642		4231		2905603		3513
643		4230		2910172		3506
644		4260		2914754		3505
645		4228		2919308		3539
646		4168		2923858		3548
647		4252		2928393		3532
648		4222		2932937		3523
649		4276		2937490		3504
650		4250		2942034		3506
651		4280		2946563		3513
652		4272		2951131		3495
653		4271		2955688		3501
654		4168		2960215		3491
655		4193		2964724		3486
656		4195		2969255		3480
657		4154		2973818		3500
658		4183		2978364		3503
659		4249		2982918		3501
660		4275		2987505		3530
661		4207		2992085		3510
662		4133		2996634		3520
663		4159		3001180		3517
664		4157		3005764		3533
665		4128		3010318		3570
666		4144		3014854		3553
667		4125		3019407		3544
668		4170		3023945		3542
669		4157		3028498		3530
670		4182		3033070		3548
671		4142		3037618		3516
672		4211		3042175		3531
673		4203		3046740		3494
674		4254		3051301		3547
675		4210		3055868		3509
676		4236		3060432		3535
677		4173		3064979		3521
678		4149		3069540		3487
679		4164		3074095		3514
680		4073		3078652		3501
681		4107		3083222		3497
682		4094		3087782		3531
683		4078		3092334		3503
684		4132		3096888		3532
685		4143		3101466		3494
686		4152		3106041		3489
687		4170		3110620		3498
688		4120		3115175		3503
689		4167		3119742		3499
690		4139		3124327		3498
691		4119		3128896		3510
692		4093		3133457		3470
693		4067		3138010		3511
694		4097		3142580		3519
695		4077		3147120		3500
696		3979		3151689		3501
697		4045		3156245		3509
698		4118		3160805		3499
699		4117		3165369		3521
700		4138		3169945		3503
701		4085		3174514		3490
702		4134		3179072		3496
703		4101		3183624		3498
704		4077		3188191		3543
705		4101		3192753		3545
706		4144		3197327		3485
707		4169		3201893		3511
708		4146		3206445		3510
709		4179		3211018		3522
710		4150		3215576		3521
711		4127		3220127		3558
712		4175		3224684		3501
713		4238		3229254		3518
714		4218		3233855		3486
715		4203		3238431		3512
716		4261		3242991		3526
717		4253		3247556		3547
718		4237		3252108		3520
719		4226		3256686		3526
720		4230		3261253		3526
721		4186		3265818		3483
722		4153		3270359		3464
723		4184		3274920		3513
724		4171		3279476		3531
725		4107		3284052		3530
726		4148		3288594		3507
727		4175		3293144		3536
728		4140		3297724		3497
729		4191		3302304		3509
730		4187		3306875		3518
731		4103		3311421		3488
732		4118		3315984		3484
733		4157		3320547		3493
734		4165		3325122		3509
735		4168		3329682		3506
736		4196		3334247		3509
737		4190		3338804		3526
738		4122		3343365		3533
739		4110		3347931		3538
740		4114		3352482		3499
741		4068		3357040		3540
742		4095		3361610		3539
743		4068		3366174		3520
744		4090		3370745		3545
745		4068		3375327		3499
746		4076		3379902		3537
747		3999		3384431		3517
748		3967		3388963		3528
749		4032		3393516		3573
750		4037		3398052		3523
751		4025		3402594		3512
752		4034		3407141		3533
753		4095		3411713		3534
754		4035		3416295		3489
755		4027		3420880		3509
756		4022		3425463		3508
757		4015		3430005		3512
758		4055		3434575		3529
759		4127		3439153		3531
760		4056		3443743		3519
761		4083		3448316		3557
762		4142		3452888		3532
763		4106		3457467		3541
764		4152		3462044		3523
765		4179		3466625		3546
766		4123		3471198		3537
767		4150		3475777		3525
768		4115		3480379		3540
769		4095		3484958		3534
770		4089		3489537		3547
771		4129		3494113		3537
772		4090		3498687		3495
773		4065		3503266		3485
774		4051		3507838		3502
775		4119		3512407		3508
776		4127		3516973		3469
777		4094		3521546		3512
778		4124		3526092		3524
779		4157		3530662		3517
780		4139		3535247		3500
781		4167		3539784		3509
782		4124		3544358		3497
783		4136		3548925		3507
784		4062		3553501		3537
785		4048		3558063		3488
786		4087		3562606		3544
787		4028		3567157		3536
788		4052		3571728		3525
789		4114		3576312		3508
790		4045		3580872		3512
791		4029		3585440		3515
792		4051		3590002		3590
793		4076		3594588		3541
794		4074		3599166		3515
795		4031		3603733		3515
796		4036		3608279		3518
797		4027		3612835		3530
798		4042		3617345		3526
799		4092		3621912		3538
800		4073		3626480		3562
801		4029		3631039		3499
802		4011		3635594		3525
803		4042		3640161		3550
804		4087		3644736		3543
805		4050		3649297		3524
806		4115		3653853		3524
807		4130		3658420		3508
808		4134		3663003		3542
809		4187		3667554		3498
810		4194		3672106		3526
811		4196		3676658		3537
812		4177		3681207		3530
813		4171		3685780		3545
814		4185		3690342		3532
815		4221		3694907		3538
816		4187		3699489		3516
817		4229		3704052		3512
818		4215		3708641		3499
819		4202		3713215		3538
820		4114		3717769		3474
821		4174		3722345		3509
822		4144		3726922		3511
823		4153		3731466		3530
824		4226		3736013		3496
825		4218		3740610		3498
826		4159		3745190		3502
827		4165		3749752		3480
828		4236		3754329		3496
829		4160		3758869		3552
830		4127		3763427		3530
831		4189		3768008		3535
832		4168		3772571		3501
833		4233		3777131		3492
834		4218		3781704		3520
835		4277		3786278		3499
836		4282		3790863		3522
837		4329		3795406		3529
838		4288		3799972		3500
839		4354		3804566		3522
840		4261		3809141		3511
841		4269		3813711		3531
842		4247		3818273		3526
843		4294		3822861		3548
844		4210		3827443		3498
845		4212		3832005		3537
846		4254		3836560		3527
847		4219		3841119		3574
848		4184		3845662		3517
849		4192		3850218		3505
850		4176		3854777		3475
851		4178		3859351		3526
852		4146		3863929		3521
853		4155		3868518		3501
854		4127		3873081		3517
855		4075		3877669		3537
856		4029		3882224		3522
857		4019		3886791		3519
858		4006		3891357		3495
859		4005		3895919		3512
860		4038		3900481		3527
861		4010		3905042		3482
862		3988		3909623		3483
863		4032		3914194		3499
864		4004		3918748		3540
865		4077		3923316		3527
866		4046		3927879		3519
867		4109		3932454		3480
868		4094		3937028		3481
869		4097		3941589		3524
870		4097		3946152		3530
871		4077		3950736		3524
872		4126		3955302		3523
873		4126		3959879		3502
874		4052		3964453		3486
875		4053		3969023		3475
876		3987		3973594		3512
877		3950		3978164		3517
878		4006		3982723		3519
879		4031		3987300		3522
880		4066		3991857		3512
881		4020		3996421		3498
882		4002		4000960		3548
883		4000		4005531		3514
884		3931		4010098		3551
885		3955		4014646		3542
886		3903		4019190		3559
887		3927		4023750		3527
888		3944		4028312		3543
889		3951		4032877		3522
890		3969		4037424		3536
891		3955		4042012		3534
892		3936		4046588		3539
893		3956		4051141		3549
894		3996		4055694		3530
895		3998		4060262		3548
896		4055		4064861		3517
897		4044		4069429		3524
898		4037		4074006		3530
899		4059		4078581		3522
900		4028		4083164		3498
901		4012		4087725		3535
902		4037		4092303		3536
903		4071		4096864		3505
904		4059		4101429		3519
905		4003		4105994		3505
906		4042		4110553		3506
907		4085		4115140		3541
908		4073		4119698		3505
909		4085		4124273		3506
910		4051		4128830		3533
911		4085		4133408		3519
912		4125		4137978		3504
913		4063		4142548		3492
914		4059		4147099		3514
915		4119		4151672		3522
916		4085		4156256		3547
917		4091		4160818		3523
918		4094		4165385		3536
919		4069		4169960		3507
920		4112		4174530		3536
921		4145		4179116		3543
922		4114		4183688		3484
923		4040		4188258		3521
924		4068		4192830		3494
925		4046		4197388		3515
926		4089		4201965		3512
927		4096		4206536		3492
928		4093		4211120		3533
929		4143		4215695		3567
930		4184		4220272		3549
931		4169		4224873		3536
932		4158		4229463		3525
933		4222		4234031		3520
934		4185		4238612		3536
935		4073		4243208		3509
936		4077		4247788		3548
937		4083		4252365		3519
938		4045		4256938		3532
939		4118		4261507		3498
940		4041		4266078		3529
941		4113		4270632		3537
942		4101		4275203		3494
943		4098		4279770		3534
944		4155		4284356		3534
945		4093		4288936		3532
946		4159		4293526		3508
947		4104		4298108		3552
948		4044		4302663		3514
949		4134		4307246		3527
950		4148		4311807		3534
951		4153		4316361		3529
952		4201		4320936		3529
953		4191		4325480		3516
954		4240		4330068		3510
955		4246		4334625		3509
956		4245		4339193		3537
957		4237		4343773		3580
958		4206		4348330		3543
959		4225		4352897		3512
960		4229		4357457		3540
961		4235		4362026		3526
962		4250		4366586		3500
963		4234		4371136		3535
964		4155		4375705		3509
965		4194		4380290		3526
966		4153		4384868		3532
967		4147		4389423		3538
968		4191		4393997		3524
969		4174		4398575		3522
970		4205		4403129		3524
971		4164		4407708		3515
972		4125		4412273		3522
973		4136		4416828		3522
974		4079		4421381		3522
975		4049		4425942		3501
976		4062		4430501		3548
977		4040		4435051		3505
978		4108		4439626		3507
979		4081		4444199		3509
980		4104		4448785		3495
981		4157		4453354		3535
982		4130		4457925		3517
983		4158		4462484		3536
984		4184		4467068		3533
985		4228		4471661		3521
986		4182		4476250		3508
987		4073		4480801		3517
988		4093		4485357		3519
989		4098		4489929		3533
990		4137		4494514		3533
991		4060		4499088		3536
992		4068		4503651		3541
993		4088		4508233		3497
994		4074		4512815		3530
995		4094		4517398		3521
996		4106		4521957		3531
997		4109		4526526		3530
998		4103		4531051		3513
999		4169		4535630		3515
