# Migration is number of nodes that have changed color.

Round		Edge-Cut		Swaps		Migrations		Skipped
0		10042		4641		3180
1		9847		9236		3322
2		9912		13843		3337
3		9780		18426		3416
4		9682		23021		3469
5		9604		27613		3471
6		9646		32181		3353
7		9539		36743		3433
8		9527		41324		3403
9		9530		45885		3457
10		9471		50441		3472
11		9441		55007		3487
12		9589		59587		3475
13		9526		64163		3519
14		9348		68729		3471
15		9282		73265		3532
16		9300		77810		3535
17		9291		82345		3523
18		9281		86893		3505
19		9306		91447		3514
20		9253		95996		3500
21		9221		100530		3532
22		9186		105059		3529
23		9172		109598		3501
24		9243		114142		3475
25		9160		118665		3507
26		9233		123196		3515
27		9195		127743		3517
28		9085		132278		3537
29		9069		136786		3540
30		9030		141305		3509
31		8949		145829		3502
32		8960		150344		3510
33		8896		154870		3485
34		8828		159363		3527
35		8765		163839		3538
36		8775		168317		3532
37		8809		172812		3560
38		8800		177330		3538
39		8916		181836		3545
40		8887		186377		3486
41		8727		190876		3529
42		8768		195364		3505
43		8735		199848		3516
44		8843		204359		3531
45		8846		208867		3568
46		8802		213376		3575
47		8846		217881		3499
48		8748		222373		3492
49		8676		226850		3535
50		8630		231369		3491
51		8613		235857		3530
52		8530		240311		3490
53		8546		244785		3557
54		8542		249270		3577
55		8549		253756		3465
56		8473		258228		3590
57		8572		262716		3542
58		8558		267218		3568
59		8489		271688		3567
60		8437		276155		3511
61		8436		280632		3546
62		8424		285109		3495
63		8340		289566		3534
64		8329		294027		3493
65		8343		298487		3506
66		8258		302942		3539
67		8316		307430		3543
68		8290		311839		3538
69		8204		316327		3543
70		8241		320795		3528
71		8249		325241		3550
72		8225		329702		3576
73		8188		334164		3529
74		8226		338621		3500
75		8094		343075		3573
76		8096		347517		3534
77		8042		351956		3583
78		7931		356391		3518
79		7932		360831		3548
80		7889		365285		3512
81		7956		369714		3513
82		8033		374172		3515
83		8065		378648		3519
84		7948		383147		3543
85		7811		387606		3516
86		7859		392061		3526
87		7801		396523		3527
88		7683		400952		3500
89		7769		405409		3501
90		7779		409863		3507
91		7820		414334		3525
92		7789		418799		3481
93		7757		423260		3475
94		7757		427670		3535
95		7799		432129		3545
96		7723		436577		3553
97		7681		441045		3555
98		7708		445468		3503
99		7648		449919		3543
100		7617		454356		3569
101		7496		458773		3523
102		7565		463247		3514
103		7537		467700		3539
104		7495		472144		3541
105		7512		476571		3523
106		7481		481035		3559
107		7429		485448		3539
108		7501		489901		3565
109		7438		494349		3546
110		7456		498803		3530
111		7394		503258		3526
112		7374		507722		3558
113		7270		512148		3561
114		7282		516561		3507
115		7321		520995		3554
116		7366		525466		3569
117		7466		529911		3489
118		7338		534351		3495
119		7325		538816		3524
120		7292		543232		3577
121		7174		547658		3520
122		7143		552069		3515
123		7179		556526		3500
124		7176		560946		3536
125		7251		565405		3541
126		7208		569864		3479
127		7197		574330		3498
128		7191		578774		3497
129		7179		583220		3523
130		7184		587653		3465
131		7123		592099		3531
132		7105		596555		3502
133		7148		601029		3560
134		7216		605469		3536
135		7150		609926		3491
136		7148		614379		3546
137		7177		618820		3495
138		7090		623259		3536
139		6967		627688		3496
140		7007		632131		3520
141		7003		636578		3532
142		7017		641027		3533
143		7025		645473		3527
144		7019		649919		3534
145		6963		654377		3534
146		6958		658812		3547
147		6996		663283		3527
148		6969		667745		3529
149		6932		672226		3560
150		6919		676709		3568
151		6965		681168		3520
152		7039		685635		3559
153		7082		690098		3548
154		7073		694538		3563
155		7041		699019		3531
156		7020		703480		3520
157		6924		707928		3515
158		6817		712387		3549
159		6825		716814		3511
160		6778		721250		3557
161		6810		725685		3544
162		6771		730128		3534
163		6762		734580		3502
164		6765		739029		3503
165		6758		743502		3544
166		6732		747937		3556
167		6741		752397		3585
168		6789		756878		3557
169		6686		761346		3535
170		6654		765798		3543
171		6546		770247		3520
172		6549		774682		3510
173		6547		779122		3532
174		6564		783563		3512
175		6617		787999		3551
176		6642		792467		3477
177		6682		796922		3540
178		6612		801428		3532
179		6597		805868		3531
180		6573		810329		3523
181		6572		814788		3556
182		6521		819249		3555
183		6513		823688		3528
184		6385		828130		3540
185		6416		832597		3542
186		6415		837063		3548
187		6452		841546		3586
188		6447		846018		3556
189		6433		850510		3534
190		6400		854990		3511
191		6309		859469		3565
192		6294		863940		3560
193		6387		868429		3548
194		6315		872921		3559
195		6249		877404		3533
196		6241		881891		3540
197		6145		886345		3548
198		6037		890807		3522
199		6024		895278		3512
200		6071		899752		3543
201		6097		904215		3546
202		6053		908669		3566
203		6074		913149		3525
204		6023		917609		3510
205		6089		922097		3538
206		6171		926601		3574
207		6089		931115		3615
208		6065		935606		3590
209		6035		940093		3544
210		6021		944584		3569
211		5967		949058		3588
212		5934		953530		3554
213		5948		958036		3539
214		5932		962523		3528
215		5903		967033		3550
216		5899		971501		3554
217		5881		976001		3525
218		5829		980518		3552
219		5950		985039		3585
220		5941		989520		3544
221		5841		994007		3559
222		5837		998492		3559
223		5830		1002985		3572
224		5802		1007487		3508
225		5741		1011976		3559
226		5807		1016447		3545
227		5771		1020950		3555
228		5665		1025434		3529
229		5683		1029897		3528
230		5718		1034386		3526
231		5737		1038893		3511
232		5737		1043378		3565
233		5701		1047875		3537
234		5629		1052360		3530
235		5595		1056855		3516
236		5629		1061346		3527
237		5695		1065850		3511
238		5723		1070349		3559
239		5760		1074854		3528
240		5742		1079372		3520
241		5757		1083869		3522
242		5773		1088400		3543
243		5700		1092868		3514
244		5680		1097378		3575
245		5688		1101916		3541
246		5637		1106408		3516
247		5719		1110889		3525
248		5696		1115382		3543
249		5663		1119889		3522
250		5705		1124401		3501
251		5736		1128921		3541
252		5689		1133426		3542
253		5657		1137920		3514
254		5601		1142421		3502
255		5583		1146913		3506
256		5546		1151391		3520
257		5517		1155889		3544
258		5562		1160374		3548
259		5474		1164855		3547
260		5476		1169332		3531
261		5417		1173847		3558
262		5429		1178324		3575
263		5404		1182827		3553
264		5465		1187322		3586
265		5412		1191801		3606
266		5369		1196297		3564
267		5320		1200774		3550
268		5337		1205240		3533
269		5343		1209716		3525
270		5257		1214200		3542
271		5329		1218697		3535
272		5379		1223177		3537
273		5331		1227704		3530
274		5342		1232208		3507
275		5310		1236715		3509
276		5368		1241217		3526
277		5434		1245741		3527
278		5397		1250266		3513
279		5396		1254797		3522
280		5398		1259322		3539
281		5376		1263821		3521
282		5308		1268342		3534
283		5197		1272831		3496
284		5213		1277340		3511
285		5197		1281826		3533
286		5166		1286329		3523
287		5189		1290832		3514
288		5119		1295336		3552
289		5104		1299862		3532
290		5145		1304371		3535
291		5153		1308889		3561
292		5182		1313411		3504
293		5171		1317936		3535
294		5118		1322455		3496
295		5156		1326983		3515
296		5153		1331509		3530
297		5067		1336043		3532
298		5052		1340543		3560
299		5061		1345043		3503
300		5054		1349538		3497
301		5069		1354029		3553
302		5030		1358521		3565
303		5054		1363039		3524
304		5043		1367548		3554
305		5005		1372065		3534
306		5017		1376580		3514
307		5003		1381067		3543
308		5090		1385594		3533
309		5107		1390110		3543
310		5087		1394624		3541
311		5099		1399172		3577
312		5108		1403708		3540
313		5092		1408212		3535
314		5106		1412746		3537
315		5040		1417262		3568
316		5050		1421803		3553
317		5057		1426300		3603
318		5050		1430815		3548
319		5130		1435329		3515
320		5117		1439850		3523
321		5010		1444375		3537
322		4995		1448883		3486
323		5014		1453386		3537
324		4956		1457893		3525
325		4955		1462422		3526
326		4948		1466935		3574
327		4963		1471470		3556
328		4949		1476007		3545
329		4904		1480542		3556
330		4959		1485064		3542
331		5016		1489581		3518
332		4996		1494124		3561
333		4992		1498645		3550
334		4874		1503180		3516
335		4868		1507693		3530
336		4822		1512201		3562
337		4790		1516712		3559
338		4843		1521225		3559
339		4884		1525764		3581
340		4871		1530296		3558
341		4819		1534848		3551
342		4898		1539394		3577
343		4898		1543927		3570
344		4847		1548477		3539
345		4886		1553020		3548
346		4944		1557541		3540
347		4967		1562081		3552
348		4853		1566618		3534
349		4863		1571136		3564
350		4882		1575654		3529
351		4878		1580201		3551
352		4901		1584726		3563
353		4881		1589277		3546
354		4904		1593840		3524
355		4879		1598357		3536
356		4789		1602878		3537
357		4787		1607419		3507
358		4780		1611926		3571
359		4759		1616438		3530
360		4699		1620974		3530
361		4680		1625502		3570
362		4702		1630062		3564
363		4692		1634602		3538
364		4669		1639147		3569
365		4627		1643683		3544
366		4644		1648236		3537
367		4652		1652784		3575
368		4648		1657350		3592
369		4653		1661909		3527
370		4639		1666435		3576
371		4644		1670985		3578
372		4661		1675515		3552
373		4737		1680051		3542
374		4627		1684586		3539
375		4637		1689145		3508
376		4631		1693678		3543
377		4681		1698230		3507
378		4647		1702765		3535
379		4680		1707326		3510
380		4607		1711859		3545
381		4616		1716386		3557
382		4579		1720924		3575
383		4578		1725435		3523
384		4597		1729979		3541
385		4576		1734525		3515
386		4628		1739064		3522
387		4575		1743613		3518
388		4594		1748182		3560
389		4594		1752738		3516
390		4570		1757249		3515
391		4562		1761801		3542
392		4599		1766364		3521
393		4534		1770932		3564
394		4547		1775463		3535
395		4514		1780015		3560
396		4540		1784540		3508
397		4525		1789072		3497
398		4513		1793595		3545
399		4488		1798132		3513
400		4492		1802679		3544
401		4517		1807229		3550
402		4430		1811767		3540
403		4425		1816311		3496
404		4481		1820817		3530
405		4509		1825366		3507
406		4475		1829918		3529
407		4457		1834470		3495
408		4434		1839037		3518
409		4467		1843590		3535
410		4459		1848150		3559
411		4398		1852710		3541
412		4461		1857236		3543
413		4426		1861761		3529
414		4468		1866302		3535
415		4618		1870864		3519
416		4633		1875436		3567
417		4566		1880004		3565
418		4543		1884560		3533
419		4555		1889096		3599
420		4605		1893649		3587
421		4615		1898190		3592
422		4605		1902756		3549
423		4544		1907309		3584
424		4522		1911854		3545
425		4505		1916404		3582
426		4443		1920930		3543
427		4485		1925485		3535
428		4448		1930030		3512
429		4438		1934563		3565
430		4388		1939117		3539
431		4388		1943672		3553
432		4339		1948200		3538
433		4420		1952749		3548
434		4386		1957321		3567
435		4360		1961845		3553
436		4407		1966391		3541
437		4354		1970936		3556
438		4321		1975457		3568
439		4252		1979980		3553
440		4322		1984538		3563
441		4356		1989101		3558
442		4338		1993658		3513
443		4274		1998188		3493
444		4278		2002728		3542
445		4240		2007286		3490
446		4278		2011839		3554
447		4253		2016388		3534
448		4297		2020919		3533
449		4234		2025483		3493
450		4253		2030027		3537
451		4319		2034591		3508
452		4298		2039171		3548
453		4248		2043739		3519
454		4266		2048300		3513
455		4176		2052835		3525
456		4136		2057374		3532
457		4173		2061897		3551
458		4169		2066432		3529
459		4253		2070960		3523
460		4196		2075501		3506
461		4171		2080040		3528
462		4138		2084568		3531
463		4117		2089105		3526
464		4171		2093656		3531
465		4151		2098197		3584
466		4182		2102758		3512
467		4166		2107295		3523
468		4195		2111857		3535
469		4185		2116411		3548
470		4195		2120960		3540
471		4164		2125526		3541
472		4189		2130094		3535
473		4129		2134642		3519
474		4151		2139229		3508
475		4190		2143800		3550
476		4159		2148352		3524
477		4160		2152923		3558
478		4123		2157472		3533
479		4097		2162016		3515
480		4171		2166584		3563
481		4172		2171139		3548
482		4125		2175708		3555
483		4119		2180282		3574
484		4088		2184857		3533
485		4069		2189419		3545
486		4086		2193974		3544
487		4062		2198539		3513
488		4107		2203087		3542
489		4135		2207655		3539
490		4070		2212212		3550
491		4077		2216753		3554
492		4086		2221311		3537
493		4060		2225885		3557
494		4164		2230437		3568
495		4222		2234992		3548
496		4213		2239570		3519
497		4159		2244155		3511
498		4141		2248735		3557
499		4198		2253290		3562
500		4182		2257867		3563
501		4271		2262417		3578
502		4278		2266980		3573
503		4298		2271538		3554
504		4261		2276106		3562
505		4223		2280686		3559
506		4236		2285260		3527
507		4219		2289844		3555
508		4183		2294400		3558
509		4184		2298972		3527
510		4147		2303545		3560
511		4074		2308103		3578
512		4152		2312680		3527
513		4152		2317254		3535
514		4167		2321826		3549
515		4181		2326389		3552
516		4118		2330958		3561
517		4150		2335505		3526
518		4146		2340067		3539
519		4135		2344619		3568
520		4061		2349209		3565
521		4034		2353765		3524
522		4017		2358337		3508
523		4030		2362915		3518
524		4024		2367473		3537
525		4050		2372013		3529
526		4079		2376565		3519
527		4108		2381135		3538
528		4153		2385714		3520
529		4156		2390291		3533
530		4148		2394871		3532
531		4136		2399423		3487
532		4161		2403986		3506
533		4173		2408568		3503
534		4211		2413132		3519
535		4149		2417703		3546
536		4175		2422268		3532
537		4167		2426805		3541
538		4123		2431376		3560
539		4211		2435951		3541
540		4245		2440518		3543
541		4195		2445058		3585
542		4164		2449611		3529
543		4171		2454190		3533
544		4185		2458734		3542
545		4183		2463291		3557
546		4101		2467863		3549
547		4085		2472421		3562
548		4052		2476973		3535
549		4097		2481572		3536
550		4110		2486146		3572
551		4055		2490724		3541
552		4060		2495300		3583
553		4078		2499891		3543
554		4105		2504458		3532
555		4095		2509037		3544
556		4065		2513617		3555
557		4021		2518203		3535
558		4006		2522763		3519
559		4040		2527313		3557
560		3966		2531885		3558
561		3947		2536452		3535
562		3954		2541011		3514
563		3936		2545604		3530
564		3880		2550171		3558
565		3884		2554732		3542
566		3830		2559290		3550
567		3860		2563849		3543
568		3880		2568448		3533
569		3852		2573024		3520
570		3851		2577599		3544
571		3900		2582186		3549
572		3910		2586763		3519
573		3940		2591321		3572
574		3821		2595896		3544
575		3840		2600447		3548
576		3812		2605057		3547
577		3779		2609628		3548
578		3723		2614206		3562
579		3805		2618808		3544
580		3784		2623382		3517
581		3742		2627963		3556
582		3796		2632542		3539
583		3758		2637134		3566
584		3743		2641703		3545
585		3756		2646282		3519
586		3781		2650861		3518
587		3754		2655450		3512
588		3811		2660018		3508
589		3789		2664632		3521
590		3783		2669238		3508
591		3830		2673832		3505
592		3801		2678410		3505
593		3743		2683007		3540
594		3763		2687587		3567
595		3767		2692168		3520
596		3737		2696764		3530
597		3697		2701359		3557
598		3708		2705946		3568
599		3722		2710539		3593
600		3666		2715131		3537
601		3680		2719724		3555
602		3714		2724322		3527
603		3693		2728929		3533
604		3673		2733493		3532
605		3705		2738089		3546
606		3703		2742687		3502
607		3698		2747285		3546
608		3701		2751907		3537
609		3682		2756503		3513
610		3689		2761093		3521
611		3686		2765689		3552
612		3731		2770306		3551
613		3686		2774900		3551
614		3723		2779489		3541
615		3697		2784077		3503
616		3661		2788659		3516
617		3641		2793261		3540
618		3708		2797836		3548
619		3629		2802440		3566
620		3662		2807026		3559
621		3605		2811622		3543
622		3598		2816220		3554
623		3637		2820833		3527
624		3609		2825425		3550
625		3584		2830018		3561
626		3611		2834623		3527
627		3622		2839224		3531
628		3568		2843819		3533
629		3608		2848423		3545
630		3604		2853019		3522
631		3661		2857609		3524
632		3649		2862181		3507
633		3670		2866801		3514
634		3693		2871389		3535
635		3722		2875990		3529
636		3679		2880588		3535
637		3637		2885173		3531
638		3678		2889774		3547
639		3707		2894361		3539
640		3742		2898966		3535
641		3753		2903557		3547
642		3722		2908165		3560
643		3652		2912749		3548
644		3709		2917357		3542
645		3656		2921962		3560
646		3634		2926560		3566
647		3625		2931162		3520
648		3651		2935750		3534
649		3601		2940350		3516
650		3601		2944955		3529
651		3584		2949534		3522
652		3619		2954145		3533
653		3600		2958755		3545
654		3589		2963345		3560
655		3564		2967939		3516
656		3576		2972533		3537
657		3554		2977124		3514
658		3608		2981723		3537
659		3635		2986333		3550
660		3625		2990933		3570
661		3603		2995534		3557
662		3617		3000153		3545
663		3638		3004752		3533
664		3639		3009363		3541
665		3661		3013966		3541
666		3607		3018582		3527
667		3528		3023172		3565
668		3555		3027761		3538
669		3525		3032365		3499
670		3549		3036968		3528
671		3566		3041555		3524
672		3545		3046153		3522
673		3535		3050759		3540
674		3572		3055361		3526
675		3578		3059956		3493
676		3552		3064536		3546
677		3541		3069131		3535
678		3582		3073735		3543
679		3561		3078355		3525
680		3573		3082941		3545
681		3583		3087544		3546
682		3562		3092134		3528
683		3549		3096742		3519
684		3501		3101325		3531
685		3531		3105938		3532
686		3521		3110553		3516
687		3521		3115156		3539
688		3537		3119782		3553
689		3501		3124377		3504
690		3533		3128991		3499
691		3584		3133583		3505
692		3566		3138179		3534
693		3641		3142778		3548
694		3655		3147367		3509
695		3592		3151961		3556
696		3591		3156574		3564
697		3590		3161176		3527
698		3530		3165748		3547
699		3508		3170331		3517
700		3527		3174918		3527
701		3495		3179492		3520
702		3490		3184093		3537
703		3524		3188693		3523
704		3537		3193287		3533
705		3545		3197887		3534
706		3515		3202498		3524
707		3565		3207077		3537
708		3543		3211676		3500
709		3520		3216264		3540
710		3585		3220845		3516
711		3555		3225449		3522
712		3590		3230051		3525
713		3594		3234642		3516
714		3571		3239229		3554
715		3542		3243811		3512
716		3481		3248409		3521
717		3523		3252984		3526
718		3589		3257599		3516
719		3537		3262208		3548
720		3548		3266804		3514
721		3537		3271401		3504
722		3562		3275998		3522
723		3612		3280614		3534
724		3591		3285229		3553
725		3585		3289841		3543
726		3530		3294428		3531
727		3543		3299018		3526
728		3565		3303608		3533
729		3587		3308210		3524
730		3540		3312818		3557
731		3508		3317419		3534
732		3459		3322002		3521
733		3485		3326572		3519
734		3484		3331164		3539
735		3492		3335745		3530
736		3478		3340324		3513
737		3488		3344902		3536
738		3493		3349510		3543
739		3452		3354079		3521
740		3427		3358691		3526
741		3504		3363275		3520
742		3451		3367851		3543
743		3495		3372441		3541
744		3532		3377048		3523
745		3574		3381667		3495
746		3572		3386265		3529
747		3523		3390845		3571
748		3523		3395460		3517
749		3525		3400078		3535
750		3561		3404668		3503
751		3491		3409277		3558
752		3508		3413878		3508
753		3432		3418458		3527
754		3428		3423059		3524
755		3451		3427635		3529
756		3525		3432233		3546
757		3544		3436834		3517
758		3492		3441425		3554
759		3494		3446026		3549
760		3468		3450623		3535
761		3499		3455214		3574
762		3524		3459823		3532
763		3478		3464417		3569
764		3421		3468985		3528
765		3483		3473569		3539
766		3488		3478163		3520
767		3528		3482766		3542
768		3496		3487383		3522
769		3499		3492013		3535
770		3493		3496594		3504
771		3380		3501209		3502
772		3422		3505787		3543
773		3523		3510386		3551
774		3522		3515002		3509
775		3507		3519625		3504
776		3517		3524235		3506
777		3542		3528837		3518
778		3479		3533458		3546
779		3410		3538073		3529
780		3432		3542677		3513
781		3436		3547283		3528
782		3460		3551895		3514
783		3454		3556510		3517
784		3484		3561107		3523
785		3496		3565723		3513
786		3495		3570316		3502
787		3463		3574946		3521
788		3442		3579525		3543
789		3428		3584116		3524
790		3464		3588712		3521
791		3475		3593313		3516
792		3461		3597907		3513
793		3530		3602508		3485
794		3485		3607115		3508
795		3476		3611721		3530
796		3452		3616340		3486
797		3433		3620948		3500
798		3399		3625572		3533
799		3366		3630166		3495
800		3380		3634765		3520
801		3392		3639346		3518
802		3453		3643952		3535
803		3416		3648547		3554
804		3422		3653137		3514
805		3473		3657751		3528
806		3500		3662376		3524
807		3459		3666984		3533
808		3449		3671593		3519
809		3482		3676186		3555
810		3428		3680786		3539
811		3439		3685389		3515
812		3422		3689986		3547
813		3389		3694574		3524
814		3362		3699176		3529
815		3347		3703777		3508
816		3351		3708382		3523
817		3374		3712981		3520
818		3405		3717575		3503
819		3386		3722170		3513
820		3389		3726783		3501
821		3488		3731387		3508
822		3485		3735991		3518
823		3453		3740582		3518
824		3365		3745190		3537
825		3365		3749774		3515
826		3380		3754380		3518
827		3397		3758968		3503
828		3346		3763572		3518
829		3359		3768154		3482
830		3303		3772744		3503
831		3298		3777340		3501
832		3268		3781933		3515
833		3268		3786520		3528
834		3332		3791111		3502
835		3360		3795722		3516
836		3311		3800334		3506
837		3300		3804937		3534
838		3263		3809543		3522
839		3292		3814146		3536
840		3288		3818753		3512
841		3327		3823343		3514
842		3388		3827942		3550
843		3328		3832568		3517
844		3321		3837162		3500
845		3330		3841766		3519
846		3339		3846389		3540
847		3313		3850986		3544
848		3303		3855600		3509
849		3399		3860204		3537
850		3372		3864807		3503
851		3347		3869417		3523
852		3332		3874043		3513
853		3337		3878648		3537
854		3285		3883269		3523
855		3280		3887869		3517
856		3293		3892471		3525
857		3317		3897087		3515
858		3269		3901680		3528
859		3245		3906278		3518
860		3277		3910875		3499
861		3286		3915476		3525
862		3336		3920077		3556
863		3314		3924671		3526
864		3300		3929280		3530
865		3343		3933919		3541
866		3289		3938539		3510
867		3301		3943148		3499
868		3225		3947764		3488
869		3203		3952385		3517
870		3227		3957022		3513
871		3209		3961621		3501
872		3196		3966241		3501
873		3206		3970860		3524
874		3220		3975480		3512
875		3202		3980085		3522
876		3176		3984711		3558
877		3166		3989325		3529
878		3201		3993940		3526
879		3161		3998550		3540
880		3174		4003177		3541
881		3184		4007788		3514
882		3175		4012388		3488
883		3178		4017014		3514
884		3159		4021624		3517
885		3179		4026239		3509
886		3226		4030841		3514
887		3177		4035448		3497
888		3200		4040061		3527
889		3241		4044692		3541
890		3252		4049322		3531
891		3222		4053937		3539
892		3211		4058550		3552
893		3238		4063164		3498
894		3234		4067775		3532
895		3284		4072393		3515
896		3283		4077004		3519
897		3268		4081616		3519
898		3284		4086228		3508
899		3238		4090836		3519
900		3260		4095442		3511
901		3251		4100055		3524
902		3296		4104661		3493
903		3308		4109263		3518
904		3283		4113853		3539
905		3274		4118457		3500
906		3318		4123062		3529
907		3320		4127682		3520
908		3270		4132297		3514
909		3302		4136902		3523
910		3246		4141523		3507
911		3222		4146133		3524
912		3292		4150746		3558
913		3276		4155361		3516
914		3270		4159970		3530
915		3340		4164583		3534
916		3377		4169199		3514
917		3288		4173813		3502
918		3316		4178432		3513
919		3293		4183066		3526
920		3332		4187686		3529
921		3270		4192293		3489
922		3275		4196922		3505
923		3275		4201555		3494
924		3244		4206165		3518
925		3252		4210772		3523
926		3277		4215385		3489
927		3229		4219990		3493
928		3272		4224612		3509
929		3278		4229225		3517
930		3309		4233848		3531
931		3240		4238465		3488
932		3259		4243086		3517
933		3214		4247708		3510
934		3217		4252317		3533
935		3262		4256927		3541
936		3325		4261540		3525
937		3312		4266154		3504
938		3291		4270756		3533
939		3285		4275366		3545
940		3273		4279976		3543
941		3277		4284573		3530
942		3330		4289191		3539
943		3285		4293787		3528
944		3309		4298397		3522
945		3280		4303014		3516
946		3326		4307635		3515
947		3324		4312243		3513
948		3353		4316874		3510
949		3315		4321472		3503
950		3282		4326091		3499
951		3305		4330686		3516
952		3339		4335295		3508
953		3290		4339902		3516
954		3315		4344512		3535
955		3314		4349114		3518
956		3301		4353714		3518
957		3306		4358322		3491
958		3292		4362920		3498
959		3312		4367532		3501
960		3332		4372139		3546
961		3339		4376757		3510
962		3392		4381395		3483
963		3334		4386011		3473
964		3308		4390620		3501
965		3329		4395241		3512
966		3319		4399852		3511
967		3376		4404461		3492
968		3361		4409081		3521
969		3371		4413693		3489
970		3353		4418307		3512
971		3329		4422921		3532
972		3320		4427527		3541
973		3361		4432132		3540
974		3309		4436730		3558
975		3321		4441314		3532
976		3377		4445901		3522
977		3369		4450524		3485
978		3390		4455120		3492
979		3430		4459728		3522
980		3498		4464335		3546
981		3432		4468955		3529
982		3441		4473556		3565
983		3419		4478167		3497
984		3423		4482779		3503
985		3339		4487377		3525
986		3323		4491979		3517
987		3326		4496578		3538
988		3343		4501186		3546
989		3332		4505797		3508
990		3253		4510391		3517
991		3243		4514985		3543
992		3255		4519576		3516
993		3226		4524179		3538
994		3243		4528772		3500
995		3254		4533353		3521
996		3237		4537937		3497
997		3275		4542533		3507
998		3219		4547152		3555
999		3223		4551758		3527
