# Migration is number of nodes that have changed color.

Round		Edge-Cut		Swaps		Migrations		Skipped
0		10046		4619		3170
1		9805		9216		3297
2		9555		13759		3352
3		9574		18321		3375
4		9553		22889		3447
5		9462		27446		3448
6		9367		31995		3509
7		9373		36544		3469
8		9199		41055		3503
9		9114		45550		3482
10		9135		50047		3422
11		9129		54505		3526
12		9207		59002		3498
13		9145		63536		3491
14		9108		67975		3471
15		9033		72474		3497
16		9020		76958		3455
17		9076		81459		3487
18		9090		85940		3524
19		9029		90428		3466
20		8845		94909		3477
21		8839		99359		3538
22		8822		103795		3488
23		8743		108241		3514
24		8751		112659		3494
25		8810		117142		3480
26		8694		121618		3504
27		8695		126054		3532
28		8658		130505		3552
29		8656		134935		3551
30		8559		139354		3508
31		8686		143793		3500
32		8524		148228		3466
33		8473		152645		3519
34		8465		157075		3509
35		8357		161457		3494
36		8346		165806		3547
37		8415		170240		3508
38		8263		174658		3533
39		8231		179039		3541
40		8159		183421		3542
41		8187		187823		3513
42		8085		192217		3527
43		8013		196633		3519
44		7919		201048		3470
45		7871		205392		3493
46		7853		209809		3515
47		7939		214221		3524
48		7889		218653		3502
49		7825		223049		3478
50		7834		227467		3481
51		7791		231864		3485
52		7780		236214		3503
53		7708		240639		3470
54		7707		245025		3469
55		7702		249422		3470
56		7695		253804		3477
57		7737		258224		3480
58		7614		262645		3501
59		7668		267047		3503
60		7683		271456		3479
61		7698		275892		3518
62		7641		280310		3489
63		7610		284742		3545
64		7564		289162		3500
65		7540		293594		3518
66		7621		298029		3504
67		7531		302471		3502
68		7478		306866		3518
69		7488		311280		3492
70		7442		315683		3536
71		7492		320072		3482
72		7545		324496		3496
73		7499		328939		3505
74		7484		333375		3526
75		7461		337819		3549
76		7509		342233		3504
77		7473		346688		3528
78		7375		351140		3483
79		7322		355566		3486
80		7252		359996		3499
81		7149		364386		3547
82		7212		368781		3537
83		7277		373205		3536
84		7269		377644		3558
85		7329		382109		3560
86		7265		386553		3540
87		7250		391002		3529
88		7291		395407		3525
89		7173		399848		3509
90		7279		404309		3547
91		7242		408751		3527
92		7180		413223		3536
93		7083		417670		3531
94		7027		422084		3543
95		7032		426488		3518
96		7007		430915		3532
97		6969		435345		3534
98		6973		439757		3542
99		6941		444203		3507
100		6941		448641		3497
101		7009		453074		3539
102		7069		457512		3518
103		6939		461928		3543
104		6897		466375		3538
105		6933		470786		3547
106		6963		475232		3509
107		6940		479640		3528
108		6929		484079		3519
109		6978		488535		3502
110		7024		492959		3569
111		6901		497409		3530
112		6950		501852		3560
113		7026		506303		3532
114		6988		510747		3530
115		6892		515188		3530
116		6836		519643		3560
117		6872		524079		3563
118		6740		528517		3561
119		6649		532987		3592
120		6527		537418		3553
121		6576		541833		3526
122		6571		546244		3535
123		6629		550702		3537
124		6641		555135		3531
125		6633		559564		3493
126		6561		564020		3526
127		6504		568472		3517
128		6438		572926		3531
129		6458		577358		3471
130		6479		581824		3507
131		6383		586309		3499
132		6400		590746		3523
133		6403		595210		3529
134		6355		599688		3508
135		6426		604136		3526
136		6425		608579		3547
137		6392		613052		3558
138		6449		617500		3509
139		6377		621952		3530
140		6355		626385		3544
141		6285		630822		3537
142		6299		635273		3536
143		6297		639712		3507
144		6249		644160		3471
145		6239		648641		3469
146		6323		653113		3490
147		6290		657614		3519
148		6241		662089		3551
149		6261		666558		3510
150		6210		671042		3521
151		6204		675531		3528
152		6253		680006		3489
153		6104		684452		3498
154		6132		688902		3548
155		6151		693368		3553
156		6091		697854		3546
157		6174		702304		3535
158		6143		706768		3553
159		6159		711240		3525
160		6093		715681		3477
161		6136		720156		3531
162		6170		724651		3502
163		6155		729115		3517
164		6121		733610		3492
165		6096		738119		3531
166		6110		742615		3530
167		6103		747119		3509
168		6106		751630		3519
169		6041		756118		3512
170		6061		760594		3526
171		6054		765104		3505
172		6022		769604		3506
173		5980		774101		3504
174		5959		778585		3530
175		5991		783079		3508
176		5903		787576		3499
177		5855		792066		3506
178		5841		796537		3501
179		5863		801030		3473
180		5729		805524		3522
181		5728		809964		3517
182		5785		814439		3492
183		5759		818929		3512
184		5806		823439		3516
185		5791		827965		3485
186		5797		832472		3508
187		5814		836979		3522
188		5706		841459		3484
189		5651		845938		3506
190		5751		850407		3510
191		5683		854890		3551
192		5674		859375		3494
193		5633		863834		3506
194		5644		868325		3548
195		5625		872803		3524
196		5718		877317		3525
197		5725		881795		3517
198		5722		886279		3504
199		5807		890776		3527
200		5739		895277		3522
201		5784		899752		3523
202		5745		904245		3486
203		5777		908746		3492
204		5764		913270		3483
205		5681		917774		3515
206		5715		922287		3520
207		5723		926794		3501
208		5772		931301		3534
209		5735		935822		3541
210		5766		940347		3505
211		5712		944875		3512
212		5762		949425		3513
213		5728		953951		3511
214		5641		958465		3514
215		5616		962985		3512
216		5495		967483		3487
217		5604		971996		3522
218		5619		976528		3527
219		5611		981023		3503
220		5550		985546		3437
221		5574		990056		3522
222		5585		994579		3504
223		5608		999107		3528
224		5532		1003638		3507
225		5524		1008129		3505
226		5605		1012670		3519
227		5566		1017180		3549
228		5467		1021719		3528
229		5449		1026206		3510
230		5484		1030707		3543
231		5391		1035222		3536
232		5377		1039729		3486
233		5348		1044242		3508
234		5380		1048733		3515
235		5386		1053253		3481
236		5385		1057783		3485
237		5377		1062281		3508
238		5316		1066770		3540
239		5377		1071268		3518
240		5377		1075775		3504
241		5318		1080281		3490
242		5383		1084808		3487
243		5397		1089297		3558
244		5375		1093818		3531
245		5410		1098322		3513
246		5361		1102813		3535
247		5344		1107328		3523
248		5266		1111788		3500
249		5274		1116230		3487
250		5307		1120740		3490
251		5317		1125236		3499
252		5340		1129738		3485
253		5329		1134236		3500
254		5332		1138746		3472
255		5255		1143262		3550
256		5231		1147743		3507
257		5296		1152293		3521
258		5302		1156832		3515
259		5231		1161339		3562
260		5237		1165857		3538
261		5228		1170348		3536
262		5212		1174884		3554
263		5166		1179398		3546
264		5143		1183918		3505
265		5105		1188424		3509
266		5142		1192961		3558
267		5093		1197496		3514
268		5184		1202024		3507
269		5121		1206552		3528
270		5134		1211089		3492
271		5113		1215598		3524
272		5054		1220111		3558
273		5073		1224639		3565
274		5124		1229189		3534
275		5114		1233731		3526
276		5120		1238256		3508
277		5047		1242760		3525
278		5028		1247252		3505
279		5042		1251764		3530
280		5009		1256278		3550
281		5070		1260803		3569
282		5063		1265342		3546
283		5075		1269873		3537
284		5057		1274412		3520
285		5009		1278950		3497
286		4994		1283488		3502
287		4934		1287992		3527
288		4925		1292507		3503
289		4933		1297028		3470
290		4949		1301563		3489
291		4961		1306096		3481
292		4990		1310622		3510
293		5009		1315153		3492
294		4996		1319720		3496
295		5061		1324233		3487
296		5081		1328781		3505
297		5121		1333319		3492
298		5013		1337864		3493
299		4940		1342392		3479
300		4949		1346926		3486
301		4927		1351465		3521
302		4927		1355990		3523
303		4931		1360526		3495
304		4978		1365053		3510
305		4944		1369588		3490
306		4943		1374162		3482
307		4971		1378678		3487
308		4905		1383218		3500
309		4838		1387750		3527
310		4817		1392286		3482
311		4807		1396797		3491
312		4757		1401330		3502
313		4750		1405859		3511
314		4813		1410415		3531
315		4752		1414959		3496
316		4709		1419473		3489
317		4649		1424015		3490
318		4614		1428523		3503
319		4660		1433053		3539
320		4720		1437600		3506
321		4605		1442107		3521
322		4558		1446616		3493
323		4575		1451133		3519
324		4635		1455660		3498
325		4649		1460218		3530
326		4692		1464750		3476
327		4643		1469284		3475
328		4624		1473815		3489
329		4624		1478370		3476
330		4540		1482912		3464
331		4593		1487435		3470
332		4573		1491955		3510
333		4584		1496488		3524
334		4566		1501008		3481
335		4588		1505552		3489
336		4571		1510084		3496
337		4568		1514626		3477
338		4569		1519176		3521
339		4567		1523713		3538
340		4572		1528257		3521
341		4519		1532817		3497
342		4480		1537373		3528
343		4482		1541910		3530
344		4533		1546449		3493
345		4442		1551013		3511
346		4510		1555583		3515
347		4527		1560111		3493
348		4540		1564672		3475
349		4531		1569228		3508
350		4484		1573752		3509
351		4488		1578309		3478
352		4512		1582846		3485
353		4480		1587393		3479
354		4441		1591914		3514
355		4394		1596457		3505
356		4470		1600977		3508
357		4457		1605550		3531
358		4466		1610090		3508
359		4481		1614654		3475
360		4521		1619222		3517
361		4489		1623756		3488
362		4466		1628302		3537
363		4390		1632858		3566
364		4371		1637408		3529
365		4381		1641973		3500
366		4389		1646525		3524
367		4439		1651060		3495
368		4366		1655590		3548
369		4405		1660132		3497
370		4418		1664662		3534
371		4387		1669180		3547
372		4454		1673721		3533
373		4457		1678286		3532
374		4455		1682842		3571
375		4472		1687371		3514
376		4465		1691918		3512
377		4431		1696446		3496
378		4442		1700990		3495
379		4369		1705557		3496
380		4427		1710107		3494
381		4425		1714657		3520
382		4395		1719209		3508
383		4361		1723741		3534
384		4420		1728257		3517
385		4452		1732801		3527
386		4479		1737338		3526
387		4525		1741899		3537
388		4465		1746464		3502
389		4480		1751019		3519
390		4527		1755559		3515
391		4519		1760108		3516
392		4486		1764632		3507
393		4514		1769190		3535
394		4459		1773732		3538
395		4477		1778304		3534
396		4453		1782842		3552
397		4493		1787387		3546
398		4558		1791962		3508
399		4555		1796526		3514
400		4485		1801086		3478
401		4547		1805657		3494
402		4566		1810228		3542
403		4526		1814780		3544
404		4519		1819354		3554
405		4510		1823895		3545
406		4508		1828447		3500
407		4514		1832994		3526
408		4448		1837539		3536
409		4417		1842085		3532
410		4492		1846648		3516
411		4456		1851231		3510
412		4440		1855790		3514
413		4451		1860351		3502
414		4438		1864893		3484
415		4411		1869458		3470
416		4382		1874016		3515
417		4307		1878571		3527
418		4305		1883114		3513
419		4365		1887646		3535
420		4347		1892199		3548
421		4293		1896751		3515
422		4323		1901301		3497
423		4320		1905868		3499
424		4355		1910425		3514
425		4364		1914978		3550
426		4373		1919504		3539
427		4427		1924055		3525
428		4349		1928619		3524
429		4377		1933181		3520
430		4355		1937733		3514
431		4312		1942287		3508
432		4378		1946873		3499
433		4388		1951423		3522
434		4354		1955989		3507
435		4399		1960560		3499
436		4393		1965100		3513
437		4379		1969651		3549
438		4363		1974213		3503
439		4403		1978748		3507
440		4335		1983278		3518
441		4413		1987842		3515
442		4315		1992439		3523
443		4315		1997001		3529
444		4310		2001544		3509
445		4288		2006121		3495
446		4274		2010687		3528
447		4220		2015240		3543
448		4303		2019831		3534
449		4209		2024419		3537
450		4193		2028985		3535
451		4201		2033514		3493
452		4162		2038055		3525
453		4193		2042634		3497
454		4198		2047194		3549
455		4180		2051782		3557
456		4190		2056358		3531
457		4187		2060903		3493
458		4117		2065497		3487
459		4115		2070051		3503
460		4131		2074602		3525
461		4150		2079174		3485
462		4166		2083737		3524
463		4091		2088295		3510
464		4177		2092891		3510
465		4155		2097454		3476
466		4167		2102031		3477
467		4154		2106607		3533
468		4156		2111177		3526
469		4155		2115758		3497
470		4165		2120326		3501
471		4131		2124896		3538
472		4182		2129432		3500
473		4197		2133991		3492
474		4157		2138578		3532
475		4194		2143155		3529
476		4211		2147730		3528
477		4225		2152321		3521
478		4217		2156898		3500
479		4153		2161490		3508
480		4174		2166068		3499
481		4146		2170633		3548
482		4178		2175177		3517
483		4165		2179750		3530
484		4195		2184341		3569
485		4157		2188904		3524
486		4167		2193492		3491
487		4132		2198056		3507
488		4083		2202616		3525
489		4123		2207152		3516
490		4087		2211711		3544
491		3988		2216261		3522
492		3984		2220823		3516
493		3980		2225377		3496
494		3994		2229930		3521
495		3986		2234498		3544
496		3989		2239064		3542
497		4053		2243621		3548
498		4066		2248197		3518
499		4071		2252761		3508
500		4032		2257345		3529
501		4032		2261927		3567
502		4013		2266480		3504
503		4049		2271055		3500
504		4064		2275630		3517
505		4006		2280221		3507
506		3969		2284780		3494
507		3964		2289354		3486
508		3961		2293932		3525
509		3954		2298504		3544
510		3882		2303096		3504
511		3914		2307654		3539
512		3841		2312232		3506
513		3877		2316786		3502
514		3851		2321358		3486
515		3887		2325938		3495
516		3898		2330511		3517
517		3889		2335091		3494
518		3931		2339671		3494
519		3901		2344244		3542
520		3880		2348829		3502
521		3842		2353408		3535
522		3890		2357985		3521
523		3898		2362554		3496
524		3897		2367135		3497
525		3893		2371708		3509
526		3906		2376283		3508
527		3863		2380842		3510
528		3909		2385381		3488
529		3893		2389950		3498
530		3929		2394521		3529
531		3919		2399098		3501
532		3818		2403678		3520
533		3835		2408242		3523
534		3876		2412819		3522
535		3841		2417380		3490
536		3769		2421940		3513
537		3815		2426489		3518
538		3829		2431055		3509
539		3821		2435631		3494
540		3824		2440203		3524
541		3901		2444778		3492
542		3826		2449359		3539
543		3815		2453935		3517
544		3783		2458533		3478
545		3780		2463098		3514
546		3808		2467689		3489
547		3784		2472244		3502
548		3792		2476820		3492
549		3793		2481398		3519
550		3800		2485976		3506
551		3756		2490571		3524
552		3736		2495155		3490
553		3754		2499730		3511
554		3779		2504306		3537
555		3775		2508870		3536
556		3799		2513457		3513
557		3767		2518041		3485
558		3771		2522634		3514
559		3831		2527216		3500
560		3791		2531818		3487
561		3863		2536404		3502
562		3856		2541011		3500
563		3787		2545594		3514
564		3778		2550177		3502
565		3778		2554746		3528
566		3777		2559329		3531
567		3752		2563912		3485
568		3790		2568481		3510
569		3752		2573065		3518
570		3755		2577631		3539
571		3756		2582193		3488
572		3767		2586755		3504
573		3766		2591326		3506
574		3765		2595913		3515
575		3774		2600487		3497
576		3795		2605075		3525
577		3783		2609647		3514
578		3786		2614223		3534
579		3791		2618816		3524
580		3779		2623410		3508
581		3759		2627989		3537
582		3719		2632575		3508
583		3750		2637154		3508
584		3809		2641747		3516
585		3783		2646347		3510
586		3703		2650927		3527
587		3742		2655517		3532
588		3759		2660113		3551
589		3747		2664708		3524
590		3757		2669293		3513
591		3805		2673891		3521
592		3831		2678480		3517
593		3824		2683061		3523
594		3862		2687634		3504
595		3852		2692197		3532
596		3869		2696777		3557
597		3875		2701393		3527
598		3939		2706000		3543
599		3907		2710586		3537
600		3885		2715177		3488
601		3902		2719768		3486
602		3894		2724344		3484
603		3875		2728917		3485
604		3884		2733495		3525
605		3815		2738088		3496
606		3811		2742656		3506
607		3779		2747236		3489
608		3763		2751804		3498
609		3698		2756365		3492
610		3711		2760934		3484
611		3720		2765523		3509
612		3772		2770091		3516
613		3767		2774659		3475
614		3754		2779264		3511
615		3727		2783831		3487
616		3781		2788416		3482
617		3761		2792992		3496
618		3750		2797579		3543
619		3766		2802153		3497
620		3715		2806743		3500
621		3745		2811309		3520
622		3744		2815876		3477
623		3710		2820435		3515
624		3768		2825022		3503
625		3730		2829597		3512
626		3723		2834175		3524
627		3730		2838751		3511
628		3754		2843342		3502
629		3707		2847909		3506
630		3689		2852494		3510
631		3750		2857090		3507
632		3775		2861662		3514
633		3723		2866240		3496
634		3698		2870811		3486
635		3706		2875401		3507
636		3726		2879971		3482
637		3722		2884556		3469
638		3729		2889149		3461
639		3761		2893727		3512
640		3739		2898316		3504
641		3797		2902891		3539
642		3849		2907487		3541
643		3858		2912076		3505
644		3786		2916653		3515
645		3830		2921233		3505
646		3855		2925790		3538
647		3854		2930383		3511
648		3861		2934960		3537
649		3798		2939535		3498
650		3820		2944087		3487
651		3824		2948679		3479
652		3808		2953241		3454
653		3791		2957789		3530
654		3806		2962381		3486
655		3834		2966954		3492
656		3856		2971521		3477
657		3845		2976106		3495
658		3876		2980699		3519
659		3876		2985296		3520
660		3896		2989887		3522
661		3894		2994461		3539
662		3844		2999048		3487
663		3833		3003603		3501
664		3910		3008174		3516
665		3879		3012762		3510
666		3827		3017319		3502
667		3847		3021905		3469
668		3852		3026466		3490
669		3878		3031065		3475
670		3888		3035658		3526
671		3885		3040229		3493
672		3878		3044813		3507
673		3918		3049388		3558
674		3862		3053953		3495
675		3916		3058529		3510
676		3905		3063108		3509
677		3974		3067706		3476
678		3977		3072313		3506
679		4011		3076916		3524
680		4002		3081502		3513
681		3974		3086097		3481
682		3902		3090704		3487
683		3939		3095291		3513
684		3934		3099889		3520
685		3954		3104487		3529
686		3916		3109088		3525
687		3878		3113665		3479
688		3895		3118269		3505
689		3900		3122855		3528
690		3886		3127423		3530
691		3865		3132003		3522
692		3933		3136593		3535
693		3957		3141177		3496
694		3940		3145775		3494
695		3975		3150360		3552
696		3958		3154971		3541
697		3975		3159562		3507
698		3923		3164156		3553
699		3922		3168747		3515
700		3928		3173343		3506
701		3958		3177942		3510
702		3885		3182541		3529
703		3909		3187138		3501
704		3864		3191719		3506
705		3843		3196300		3508
706		3906		3200852		3487
707		3975		3205437		3500
708		3911		3210015		3501
709		3921		3214594		3507
710		3891		3219185		3503
711		3881		3223756		3517
712		3902		3228339		3494
713		3854		3232928		3468
714		3867		3237528		3507
715		3911		3242128		3518
716		3889		3246726		3518
717		3904		3251322		3539
718		3951		3255921		3514
719		3964		3260535		3507
720		3915		3265135		3499
721		3893		3269722		3516
722		3927		3274305		3523
723		3895		3278888		3509
724		3790		3283491		3472
725		3767		3288106		3491
726		3817		3292687		3478
727		3844		3297278		3502
728		3869		3301866		3498
729		3842		3306475		3516
730		3797		3311067		3501
731		3819		3315654		3516
732		3828		3320232		3524
733		3806		3324816		3524
734		3801		3329405		3553
735		3766		3333996		3505
736		3754		3338581		3501
737		3693		3343169		3504
738		3694		3347752		3490
739		3774		3352344		3489
740		3782		3356937		3515
741		3778		3361537		3490
742		3783		3366120		3485
743		3758		3370713		3485
744		3716		3375300		3467
745		3712		3379873		3487
746		3736		3384459		3549
747		3760		3389060		3524
748		3832		3393665		3468
749		3791		3398268		3513
750		3863		3402850		3485
751		3875		3407462		3507
752		3839		3412071		3513
753		3771		3416668		3503
754		3755		3421260		3514
755		3767		3425849		3515
756		3695		3430441		3532
757		3716		3435033		3504
758		3730		3439630		3513
759		3761		3444223		3503
760		3771		3448807		3486
761		3766		3453391		3509
762		3750		3457959		3495
763		3740		3462549		3474
764		3728		3467134		3505
765		3802		3471731		3518
766		3788		3476347		3484
767		3747		3480959		3472
768		3774		3485541		3470
769		3791		3490129		3463
770		3744		3494721		3528
771		3769		3499272		3498
772		3755		3503861		3504
773		3779		3508459		3509
774		3772		3513066		3503
775		3799		3517675		3499
776		3787		3522285		3486
777		3752		3526889		3488
778		3792		3531494		3510
779		3805		3536083		3468
780		3836		3540681		3473
781		3852		3545261		3507
782		3825		3549841		3490
783		3819		3554412		3475
784		3883		3559001		3469
785		3861		3563585		3492
786		3860		3568187		3497
787		3876		3572779		3477
788		3896		3577382		3515
789		3844		3581946		3527
790		3866		3586535		3510
791		3802		3591119		3500
792		3849		3595691		3520
793		3819		3600284		3499
794		3798		3604875		3494
795		3799		3609443		3477
796		3748		3614008		3516
797		3798		3618589		3494
798		3844		3623181		3479
799		3848		3627792		3496
800		3804		3632390		3511
801		3834		3636969		3507
802		3828		3641563		3490
803		3884		3646145		3493
804		3807		3650737		3510
805		3788		3655329		3535
806		3720		3659926		3509
807		3754		3664508		3511
808		3763		3669098		3489
809		3766		3673685		3505
810		3788		3678270		3537
811		3766		3682846		3511
812		3759		3687448		3547
813		3813		3692026		3529
814		3778		3696628		3533
815		3752		3701234		3502
816		3779		3705808		3489
817		3745		3710410		3505
818		3742		3714993		3490
819		3763		3719566		3508
820		3737		3724162		3485
821		3728		3728729		3485
822		3697		3733315		3498
823		3722		3737891		3510
824		3734		3742499		3518
825		3700		3747073		3510
826		3714		3751651		3492
827		3773		3756254		3526
828		3713		3760831		3505
829		3658		3765404		3518
830		3690		3769996		3509
831		3664		3774589		3476
832		3680		3779192		3517
833		3656		3783788		3514
834		3629		3788362		3501
835		3613		3792955		3506
836		3662		3797570		3509
837		3665		3802160		3522
838		3681		3806746		3509
839		3678		3811355		3485
840		3712		3815963		3485
841		3688		3820553		3505
842		3620		3825157		3499
843		3651		3829731		3506
844		3630		3834299		3531
845		3574		3838867		3543
846		3582		3843453		3524
847		3567		3848041		3530
848		3620		3852629		3527
849		3617		3857218		3495
850		3641		3861836		3522
851		3608		3866423		3528
852		3611		3870998		3495
853		3649		3875580		3499
854		3607		3880194		3517
855		3644		3884786		3529
856		3632		3889381		3498
857		3620		3893966		3527
858		3641		3898555		3497
859		3571		3903139		3531
860		3543		3907727		3504
861		3527		3912322		3498
862		3585		3916917		3490
863		3584		3921508		3507
864		3551		3926095		3511
865		3529		3930667		3510
866		3565		3935257		3492
867		3653		3939851		3496
868		3654		3944472		3471
869		3665		3949074		3534
870		3609		3953659		3513
871		3583		3958265		3513
872		3578		3962878		3492
873		3505		3967472		3486
874		3540		3972069		3496
875		3535		3976671		3472
876		3526		3981263		3486
877		3523		3985871		3501
878		3527		3990485		3464
879		3532		3995085		3473
880		3529		3999678		3492
881		3480		4004267		3496
882		3527		4008870		3511
883		3585		4013481		3492
884		3502		4018089		3492
885		3595		4022704		3515
886		3525		4027303		3495
887		3545		4031926		3539
888		3591		4036537		3495
889		3538		4041150		3513
890		3572		4045743		3513
891		3565		4050359		3469
892		3560		4054957		3476
893		3557		4059548		3500
894		3534		4064131		3507
895		3503		4068720		3484
896		3533		4073315		3537
897		3530		4077926		3521
898		3537		4082537		3483
899		3523		4087132		3496
900		3525		4091734		3497
901		3529		4096320		3510
902		3497		4100925		3495
903		3568		4105526		3516
904		3591		4110112		3508
905		3553		4114720		3506
906		3619		4119313		3507
907		3628		4123921		3538
908		3663		4128507		3515
909		3627		4133092		3484
910		3607		4137691		3478
911		3669		4142294		3483
912		3660		4146915		3501
913		3664		4151521		3506
914		3631		4156120		3501
915		3624		4160729		3496
916		3625		4165317		3458
917		3678		4169916		3499
918		3701		4174556		3505
919		3698		4179176		3471
920		3642		4183799		3533
921		3740		4188398		3513
922		3631		4193015		3499
923		3614		4197611		3459
924		3598		4202214		3511
925		3605		4206805		3510
926		3599		4211383		3503
927		3603		4215987		3521
928		3598		4220548		3490
929		3563		4225135		3477
930		3593		4229714		3512
931		3496		4234305		3507
932		3495		4238908		3493
933		3533		4243489		3490
934		3528		4248092		3487
935		3488		4252691		3502
936		3517		4257277		3487
937		3537		4261892		3499
938		3586		4266493		3485
939		3589		4271097		3478
940		3565		4275708		3515
941		3595		4280325		3543
942		3595		4284950		3521
943		3546		4289547		3513
944		3583		4294139		3486
945		3567		4298738		3499
946		3562		4303332		3504
947		3554		4307942		3498
948		3515		4312544		3500
949		3567		4317128		3517
950		3543		4321739		3485
951		3495		4326338		3496
952		3500		4330946		3486
953		3550		4335547		3489
954		3546		4340161		3486
955		3556		4344774		3492
956		3526		4349377		3494
957		3520		4353972		3483
958		3532		4358575		3500
959		3516		4363194		3472
960		3521		4367799		3452
961		3492		4372417		3523
962		3529		4377040		3504
963		3513		4381654		3455
964		3508		4386267		3496
965		3583		4390884		3490
966		3519		4395502		3502
967		3492		4400091		3476
968		3478		4404713		3504
969		3447		4409321		3520
970		3444		4413950		3539
971		3417		4418562		3499
972		3390		4423158		3526
973		3358		4427770		3529
974		3389		4432391		3511
975		3414		4436982		3491
976		3450		4441589		3503
977		3454		4446177		3519
978		3439		4450792		3528
979		3421		4455396		3484
980		3485		4460016		3515
981		3453		4464626		3499
982		3431		4469223		3495
983		3411		4473829		3506
984		3471		4478435		3487
985		3457		4483039		3503
986		3459		4487656		3541
987		3434		4492272		3507
988		3426		4496868		3524
989		3467		4501482		3489
990		3495		4506082		3505
991		3491		4510678		3506
992		3535		4515302		3496
993		3535		4519919		3465
994		3567		4524542		3489
995		3495		4529136		3488
996		3565		4533741		3527
997		3557		4538363		3512
998		3508		4542976		3475
999		3536		4547582		3490
