# Migration is number of nodes that have changed color.

Round		Edge-Cut		Swaps		Migrations		Skipped
0		10127		4651		3251
1		9953		9259		3339
2		9895		13864		3421
3		9829		18471		3447
4		9779		23056		3432
5		9652		27644		3438
6		9702		32250		3480
7		9659		36854		3447
8		9605		41468		3492
9		9674		46056		3517
10		9641		50644		3549
11		9612		55240		3526
12		9571		59830		3474
13		9575		64426		3487
14		9536		69031		3551
15		9521		73583		3501
16		9464		78148		3567
17		9501		82705		3553
18		9482		87287		3493
19		9546		91850		3556
20		9502		96446		3512
21		9499		101036		3509
22		9461		105624		3539
23		9600		110234		3509
24		9637		114820		3499
25		9545		119416		3468
26		9539		124002		3494
27		9549		128575		3490
28		9442		133130		3503
29		9418		137703		3503
30		9421		142282		3550
31		9380		146861		3509
32		9368		151440		3469
33		9414		156033		3528
34		9411		160603		3496
35		9486		165180		3511
36		9403		169728		3532
37		9493		174291		3544
38		9437		178871		3568
39		9357		183439		3571
40		9441		188000		3525
41		9371		192562		3521
42		9248		197127		3544
43		9243		201682		3564
44		9221		206242		3496
45		9211		210798		3487
46		9226		215355		3526
47		9214		219903		3534
48		9146		224429		3552
49		9132		228993		3541
50		9156		233569		3549
51		9055		238108		3544
52		9031		242638		3561
53		8919		247172		3553
54		9014		251737		3549
55		9031		256278		3531
56		9063		260831		3549
57		8979		265404		3533
58		9007		269938		3532
59		9156		274471		3530
60		9088		279033		3493
61		9015		283556		3532
62		8999		288096		3520
63		9024		292657		3570
64		8985		297170		3540
65		8931		301730		3518
66		8890		306235		3484
67		8866		310748		3536
68		8903		315254		3525
69		8939		319784		3558
70		8898		324319		3502
71		9026		328878		3543
72		9007		333408		3518
73		9023		337947		3521
74		8981		342488		3501
75		8881		347022		3532
76		8793		351543		3573
77		8910		356060		3498
78		8890		360581		3524
79		8799		365115		3562
80		8773		369629		3509
81		8747		374145		3537
82		8841		378666		3548
83		8829		383210		3570
84		8742		387727		3512
85		8625		392241		3554
86		8686		396728		3538
87		8655		401226		3539
88		8604		405740		3502
89		8677		410243		3517
90		8637		414768		3551
91		8613		419274		3555
92		8538		423777		3558
93		8456		428302		3538
94		8448		432771		3577
95		8419		437255		3594
96		8482		441745		3483
97		8473		446254		3495
98		8418		450774		3569
99		8358		455266		3527
100		8333		459739		3524
101		8361		464231		3555
102		8349		468733		3533
103		8377		473247		3503
104		8380		477716		3553
105		8431		482213		3530
106		8413		486726		3548
107		8351		491209		3549
108		8405		495682		3531
109		8386		500159		3535
110		8430		504659		3501
111		8408		509162		3556
112		8437		513644		3536
113		8319		518119		3574
114		8368		522599		3540
115		8289		527114		3538
116		8175		531594		3603
117		8231		536071		3549
118		8079		540542		3560
119		8113		545027		3496
120		8076		549508		3509
121		8197		554014		3449
122		8113		558494		3539
123		8185		563013		3508
124		8072		567503		3542
125		8106		571975		3538
126		8086		576450		3520
127		8064		580933		3530
128		8110		585432		3559
129		7910		589916		3520
130		8039		594414		3483
131		8000		598902		3492
132		7910		603366		3501
133		7892		607846		3529
134		7917		612336		3529
135		8033		616829		3500
136		7972		621310		3484
137		7939		625800		3551
138		8024		630252		3522
139		7933		634762		3532
140		7933		639265		3540
141		7917		643771		3549
142		7806		648228		3518
143		7776		652701		3499
144		7699		657163		3503
145		7679		661651		3527
146		7720		666151		3535
147		7641		670678		3521
148		7658		675184		3546
149		7668		679683		3576
150		7628		684196		3542
151		7582		688683		3539
152		7509		693151		3539
153		7520		697620		3535
154		7440		702081		3519
155		7467		706543		3510
156		7490		710999		3472
157		7547		715454		3488
158		7528		719891		3529
159		7487		724354		3528
160		7473		728817		3518
161		7470		733277		3539
162		7516		737749		3508
163		7410		742234		3541
164		7319		746711		3570
165		7409		751211		3489
166		7454		755699		3547
167		7409		760175		3522
168		7443		764670		3540
169		7406		769155		3521
170		7333		773612		3509
171		7311		778093		3524
172		7274		782566		3518
173		7300		787054		3531
174		7309		791513		3510
175		7327		796002		3562
176		7265		800503		3526
177		7340		804988		3550
178		7343		809485		3553
179		7389		813953		3540
180		7328		818455		3489
181		7240		822958		3469
182		7242		827433		3519
183		7256		831918		3511
184		7284		836405		3542
185		7230		840909		3513
186		7258		845367		3528
187		7165		849828		3499
188		7165		854271		3536
189		7152		858744		3495
190		7194		863233		3547
191		7150		867718		3525
192		7103		872206		3541
193		7120		876702		3525
194		7109		881211		3508
195		6983		885694		3494
196		6919		890173		3528
197		7067		894667		3519
198		7036		899136		3522
199		7030		903652		3514
200		7008		908141		3495
201		6921		912633		3508
202		6836		917098		3518
203		6838		921557		3551
204		6827		926017		3501
205		6815		930486		3496
206		6849		934989		3510
207		6873		939453		3519
208		6864		943957		3509
209		6803		948463		3539
210		6758		952962		3523
211		6721		957455		3512
212		6707		961958		3541
213		6640		966467		3504
214		6624		970954		3525
215		6675		975461		3529
216		6620		979967		3499
217		6637		984438		3508
218		6641		988927		3493
219		6687		993443		3479
220		6629		997938		3492
221		6629		1002447		3538
222		6585		1006928		3497
223		6618		1011421		3522
224		6614		1015923		3514
225		6596		1020421		3532
226		6568		1024915		3539
227		6528		1029415		3487
228		6468		1033903		3534
229		6455		1038409		3465
230		6417		1042895		3508
231		6352		1047377		3514
232		6347		1051871		3497
233		6380		1056386		3542
234		6268		1060884		3513
235		6218		1065351		3540
236		6117		1069859		3482
237		6095		1074353		3499
238		6049		1078825		3492
239		6018		1083297		3525
240		6048		1087813		3542
241		6123		1092307		3555
242		6063		1096792		3522
243		6067		1101294		3519
244		5973		1105790		3496
245		5954		1110289		3546
246		5989		1114777		3506
247		6045		1119305		3489
248		5995		1123823		3539
249		6004		1128329		3507
250		5983		1132833		3477
251		6052		1137327		3521
252		6068		1141825		3516
253		6126		1146359		3521
254		6017		1150876		3506
255		5965		1155370		3500
256		5990		1159858		3518
257		5995		1164394		3540
258		5954		1168909		3533
259		5979		1173379		3528
260		5941		1177885		3536
261		5944		1182364		3513
262		5890		1186862		3552
263		5942		1191374		3540
264		5845		1195882		3560
265		5752		1200381		3509
266		5724		1204856		3520
267		5734		1209364		3537
268		5733		1213869		3568
269		5800		1218401		3530
270		5709		1222933		3535
271		5698		1227426		3514
272		5642		1231930		3534
273		5707		1236447		3500
274		5764		1240962		3529
275		5741		1245471		3511
276		5689		1249982		3497
277		5665		1254520		3497
278		5718		1259026		3523
279		5680		1263556		3537
280		5711		1268078		3534
281		5702		1272606		3512
282		5629		1277151		3511
283		5640		1281685		3530
284		5605		1286191		3515
285		5523		1290726		3539
286		5544		1295263		3553
287		5505		1299783		3560
288		5488		1304284		3536
289		5445		1308837		3533
290		5402		1313366		3548
291		5304		1317902		3533
292		5305		1322421		3548
293		5280		1326966		3539
294		5376		1331505		3525
295		5363		1336057		3479
296		5395		1340566		3509
297		5349		1345075		3523
298		5338		1349615		3539
299		5226		1354157		3521
300		5177		1358685		3546
301		5205		1363236		3508
302		5137		1367793		3510
303		5129		1372325		3541
304		5080		1376846		3524
305		5107		1381363		3566
306		5154		1385917		3552
307		5097		1390441		3540
308		5051		1394990		3542
309		5051		1399524		3521
310		4900		1404047		3497
311		4907		1408573		3568
312		4904		1413093		3521
313		4898		1417618		3550
314		4899		1422173		3555
315		4853		1426701		3524
316		4849		1431253		3503
317		4868		1435782		3529
318		4816		1440319		3511
319		4862		1444847		3530
320		4899		1449396		3520
321		4913		1453938		3542
322		4857		1458483		3533
323		4867		1463023		3543
324		4880		1467545		3529
325		4848		1472095		3544
326		4845		1476671		3547
327		4767		1481179		3519
328		4731		1485720		3528
329		4799		1490278		3500
330		4683		1494806		3496
331		4649		1499330		3548
332		4620		1503855		3524
333		4714		1508420		3564
334		4709		1512977		3533
335		4734		1517530		3542
336		4666		1522061		3519
337		4667		1526600		3529
338		4691		1531146		3534
339		4600		1535698		3526
340		4612		1540223		3516
341		4631		1544776		3545
342		4621		1549339		3508
343		4623		1553906		3534
344		4540		1558443		3526
345		4562		1562987		3548
346		4499		1567555		3545
347		4483		1572081		3525
348		4461		1576604		3517
349		4527		1581160		3508
350		4518		1585704		3534
351		4535		1590241		3570
352		4482		1594789		3572
353		4475		1599342		3548
354		4485		1603902		3542
355		4501		1608444		3518
356		4428		1612952		3528
357		4385		1617504		3541
358		4413		1622035		3503
359		4388		1626556		3516
360		4357		1631084		3524
361		4455		1635633		3520
362		4468		1640162		3551
363		4515		1644721		3532
364		4515		1649271		3547
365		4501		1653829		3524
366		4467		1658385		3503
367		4490		1662927		3523
368		4496		1667483		3527
369		4524		1672065		3550
370		4512		1676610		3545
371		4500		1681194		3523
372		4504		1685781		3523
373		4495		1690354		3543
374		4489		1694896		3520
375		4485		1699452		3549
376		4578		1704027		3549
377		4522		1708585		3536
378		4516		1713143		3542
379		4482		1717706		3529
380		4532		1722258		3542
381		4570		1726811		3549
382		4537		1731387		3562
383		4522		1735955		3540
384		4467		1740525		3544
385		4507		1745097		3536
386		4514		1749660		3533
387		4444		1754222		3534
388		4450		1758791		3518
389		4502		1763349		3535
390		4410		1767911		3536
391		4430		1772484		3515
392		4459		1777054		3544
393		4466		1781619		3534
394		4488		1786183		3551
395		4451		1790737		3537
396		4457		1795301		3531
397		4404		1799844		3570
398		4474		1804395		3580
399		4459		1808964		3507
400		4444		1813535		3552
401		4472		1818097		3536
402		4482		1822641		3551
403		4448		1827195		3512
404		4424		1831742		3540
405		4392		1836307		3535
406		4392		1840878		3560
407		4388		1845457		3535
408		4454		1850041		3553
409		4428		1854605		3593
410		4384		1859172		3535
411		4290		1863722		3545
412		4324		1868281		3508
413		4321		1872835		3559
414		4322		1877389		3567
415		4360		1881938		3511
416		4420		1886491		3510
417		4376		1891051		3537
418		4372		1895598		3529
419		4338		1900170		3525
420		4395		1904740		3520
421		4397		1909325		3516
422		4400		1913902		3542
423		4352		1918456		3537
424		4322		1923029		3530
425		4303		1927596		3554
426		4313		1932184		3523
427		4319		1936757		3529
428		4325		1941318		3516
429		4323		1945888		3497
430		4346		1950449		3546
431		4305		1955012		3533
432		4256		1959584		3550
433		4270		1964126		3547
434		4175		1968703		3531
435		4261		1973277		3535
436		4255		1977860		3570
437		4264		1982440		3538
438		4261		1987007		3517
439		4282		1991575		3531
440		4223		1996153		3511
441		4290		2000737		3560
442		4237		2005299		3526
443		4267		2009844		3532
444		4199		2014427		3557
445		4132		2018980		3564
446		4165		2023543		3557
447		4204		2028119		3537
448		4228		2032716		3534
449		4155		2037288		3514
450		4248		2041875		3536
451		4214		2046447		3543
452		4189		2051004		3528
453		4176		2055585		3510
454		4119		2060180		3537
455		4091		2064749		3538
456		4113		2069339		3544
457		4147		2073927		3547
458		4123		2078500		3556
459		4098		2083071		3540
460		4076		2087638		3529
461		4127		2092201		3540
462		4167		2096788		3529
463		4107		2101361		3531
464		4068		2105941		3523
465		4064		2110497		3549
466		4047		2115051		3508
467		4069		2119616		3582
468		4052		2124173		3534
469		4061		2128733		3543
470		4092		2133293		3532
471		4130		2137869		3552
472		4162		2142436		3539
473		4166		2147014		3519
474		4106		2151604		3570
475		4099		2156171		3541
476		4095		2160746		3541
477		4111		2165331		3531
478		4150		2169917		3505
479		4168		2174511		3537
480		4159		2179117		3540
481		4148		2183701		3546
482		4134		2188269		3540
483		4126		2192850		3530
484		4144		2197437		3513
485		4085		2202002		3537
486		4055		2206573		3525
487		4110		2211149		3534
488		4069		2215706		3532
489		4033		2220261		3534
490		4103		2224816		3525
491		4161		2229398		3529
492		4102		2233976		3516
493		4073		2238553		3535
494		4044		2243127		3519
495		4097		2247692		3530
496		4056		2252285		3508
497		4041		2256860		3526
498		4121		2261420		3510
499		4193		2265996		3552
500		4150		2270581		3517
501		4138		2275141		3540
502		4162		2279725		3544
503		4116		2284314		3537
504		4104		2288895		3541
505		4110		2293487		3552
506		4143		2298051		3534
507		4194		2302630		3533
508		4118		2307184		3563
509		4192		2311754		3547
510		4158		2316339		3530
511		4127		2320911		3563
512		4177		2325483		3580
513		4127		2330067		3560
514		4132		2334635		3560
515		4173		2339221		3554
516		4244		2343794		3542
517		4166		2348373		3539
518		4089		2352959		3534
519		4073		2357544		3520
520		4075		2362109		3572
521		4131		2366672		3556
522		4141		2371225		3545
523		4067		2375777		3547
524		4012		2380319		3575
525		4071		2384881		3503
526		4024		2389433		3545
527		3998		2394006		3519
528		4059		2398598		3532
529		4046		2403165		3548
530		4090		2407740		3556
531		4074		2412330		3543
532		4056		2416909		3525
533		4085		2421505		3577
534		4049		2426075		3527
535		3992		2430644		3573
536		4000		2435187		3565
537		4042		2439767		3548
538		4086		2444359		3588
539		4035		2448938		3571
540		4013		2453496		3522
541		4062		2458053		3548
542		4099		2462615		3533
543		4087		2467211		3584
544		4106		2471797		3573
545		4075		2476380		3573
546		4064		2480967		3567
547		4030		2485554		3540
548		4032		2490138		3538
549		4002		2494718		3550
550		4016		2499275		3555
551		3977		2503859		3568
552		3957		2508436		3549
553		3953		2513021		3530
554		3952		2517590		3531
555		4000		2522167		3560
556		3946		2526755		3522
557		3859		2531330		3538
558		3868		2535897		3574
559		3861		2540477		3525
560		3831		2545042		3525
561		3856		2549629		3521
562		3823		2554188		3552
563		3797		2558761		3562
564		3769		2563334		3582
565		3814		2567910		3561
566		3824		2572473		3567
567		3859		2577038		3577
568		3809		2581616		3542
569		3841		2586186		3545
570		3884		2590776		3537
571		3874		2595379		3552
572		3880		2599965		3542
573		3845		2604559		3566
574		3838		2609156		3542
575		3936		2613745		3541
576		3923		2618317		3538
577		3909		2622913		3552
578		3916		2627490		3560
579		3946		2632044		3547
580		3940		2636633		3540
581		3925		2641215		3560
582		3890		2645792		3570
583		3904		2650376		3552
584		3906		2654952		3559
585		3855		2659515		3568
586		3911		2664088		3567
587		3931		2668647		3571
588		3964		2673230		3543
589		3939		2677796		3537
590		3950		2682341		3558
591		3957		2686923		3573
592		3995		2691513		3576
593		3949		2696092		3548
594		4013		2700666		3585
595		4022		2705246		3584
596		3968		2709831		3532
597		3978		2714409		3602
598		3966		2718998		3540
599		3973		2723597		3575
600		3926		2728183		3583
601		3906		2732770		3539
602		3908		2737380		3546
603		3941		2741963		3533
604		3922		2746535		3537
605		3942		2751127		3559
606		3946		2755709		3527
607		3970		2760309		3529
608		3999		2764896		3506
609		3932		2769463		3526
610		3939		2774031		3552
611		3903		2778597		3546
612		3946		2783178		3531
613		3869		2787738		3550
614		3851		2792296		3568
615		3870		2796868		3585
616		3881		2801449		3582
617		3844		2806019		3551
618		3844		2810597		3529
619		3891		2815159		3543
620		3921		2819736		3546
621		3870		2824300		3547
622		3839		2828869		3542
623		3816		2833452		3524
624		3861		2838059		3560
625		3855		2842615		3534
626		3868		2847175		3573
627		3856		2851733		3532
628		3869		2856316		3551
629		3903		2860912		3540
630		3863		2865482		3542
631		3884		2870052		3516
632		3876		2874615		3533
633		3847		2879159		3561
634		3831		2883730		3565
635		3870		2888320		3554
636		3867		2892867		3555
637		3885		2897460		3518
638		3857		2902017		3561
639		3856		2906579		3535
640		3910		2911154		3543
641		3841		2915740		3550
642		3821		2920333		3536
643		3809		2924894		3568
644		3756		2929487		3562
645		3756		2934068		3548
646		3749		2938653		3578
647		3787		2943239		3553
648		3766		2947819		3551
649		3753		2952398		3555
650		3777		2956977		3558
651		3794		2961554		3539
652		3741		2966138		3535
653		3770		2970719		3558
654		3768		2975327		3549
655		3735		2979915		3541
656		3800		2984476		3553
657		3769		2989055		3505
658		3776		2993651		3530
659		3782		2998219		3536
660		3735		3002814		3514
661		3746		3007412		3532
662		3693		3012008		3555
663		3732		3016590		3566
664		3707		3021174		3534
665		3723		3025759		3510
666		3694		3030342		3552
667		3651		3034936		3543
668		3701		3039525		3506
669		3763		3044122		3525
670		3770		3048709		3556
671		3759		3053302		3560
672		3719		3057888		3521
673		3695		3062471		3548
674		3728		3067072		3559
675		3694		3071652		3534
676		3678		3076272		3537
677		3665		3080858		3550
678		3635		3085470		3584
679		3662		3090065		3539
680		3636		3094654		3517
681		3673		3099245		3557
682		3644		3103859		3543
683		3622		3108432		3540
684		3617		3113010		3543
685		3694		3117614		3558
686		3670		3122200		3542
687		3673		3126789		3530
688		3690		3131369		3516
689		3633		3135956		3530
690		3612		3140532		3529
691		3605		3145124		3583
692		3653		3149717		3542
693		3636		3154292		3512
694		3701		3158875		3513
695		3685		3163470		3560
696		3701		3168066		3531
697		3675		3172659		3521
698		3674		3177220		3552
699		3633		3181793		3516
700		3589		3186358		3501
701		3676		3190943		3505
702		3674		3195527		3520
703		3644		3200106		3537
704		3602		3204664		3546
705		3670		3209225		3547
706		3686		3213807		3527
707		3686		3218372		3527
708		3729		3222935		3538
709		3716		3227520		3547
710		3688		3232084		3535
711		3720		3236661		3539
712		3767		3241254		3527
713		3717		3245838		3529
714		3731		3250448		3543
715		3763		3255033		3526
716		3795		3259625		3545
717		3793		3264219		3555
718		3722		3268830		3524
719		3755		3273409		3506
720		3768		3277987		3580
721		3732		3282568		3564
722		3756		3287168		3563
723		3746		3291768		3549
724		3700		3296347		3536
725		3746		3300956		3560
726		3732		3305554		3566
727		3775		3310166		3557
728		3736		3314782		3521
729		3726		3319363		3537
730		3667		3323935		3538
731		3652		3328526		3515
732		3649		3333127		3541
733		3599		3337706		3529
734		3704		3342275		3542
735		3620		3346841		3554
736		3611		3351400		3543
737		3617		3355991		3524
738		3614		3360573		3535
739		3679		3365163		3547
740		3639		3369768		3514
741		3675		3374345		3511
742		3688		3378941		3540
743		3691		3383528		3538
744		3652		3388118		3534
745		3655		3392686		3536
746		3639		3397268		3514
747		3674		3401851		3540
748		3668		3406422		3564
749		3631		3411022		3580
750		3683		3415606		3550
751		3666		3420173		3561
752		3676		3424752		3581
753		3716		3429342		3552
754		3710		3433925		3541
755		3752		3438531		3552
756		3766		3443131		3526
757		3729		3447701		3516
758		3678		3452292		3564
759		3629		3456888		3577
760		3583		3461475		3534
761		3613		3466069		3521
762		3559		3470666		3548
763		3562		3475250		3513
764		3558		3479838		3545
765		3521		3484440		3541
766		3552		3489027		3522
767		3517		3493620		3496
768		3508		3498210		3501
769		3488		3502813		3523
770		3519		3507395		3551
771		3575		3511975		3528
772		3544		3516555		3513
773		3492		3521148		3535
774		3527		3525728		3555
775		3526		3530334		3555
776		3631		3534927		3528
777		3584		3539520		3540
778		3554		3544132		3564
779		3552		3548704		3532
780		3552		3553294		3545
781		3531		3557879		3573
782		3597		3562460		3528
783		3601		3567042		3528
784		3591		3571636		3547
785		3543		3576226		3528
786		3551		3580822		3502
787		3544		3585418		3550
788		3548		3590018		3541
789		3578		3594602		3530
790		3560		3599194		3543
791		3567		3603791		3550
792		3575		3608364		3530
793		3548		3612958		3506
794		3571		3617556		3526
795		3521		3622141		3521
796		3509		3626742		3521
797		3539		3631317		3540
798		3579		3635884		3527
799		3569		3640466		3553
800		3613		3645058		3567
801		3668		3649651		3538
802		3671		3654218		3522
803		3674		3658810		3539
804		3719		3663384		3503
805		3735		3667959		3535
806		3696		3672541		3526
807		3718		3677157		3537
808		3649		3681737		3544
809		3653		3686312		3534
810		3621		3690893		3544
811		3662		3695455		3505
812		3639		3700037		3544
813		3641		3704619		3499
814		3617		3709212		3520
815		3596		3713799		3534
816		3618		3718380		3542
817		3615		3722954		3541
818		3619		3727524		3553
819		3570		3732124		3535
820		3654		3736718		3538
821		3678		3741324		3525
822		3644		3745920		3517
823		3604		3750505		3550
824		3590		3755102		3595
825		3576		3759678		3527
826		3510		3764273		3536
827		3516		3768850		3546
828		3495		3773428		3541
829		3497		3778017		3547
830		3584		3782602		3558
831		3512		3787177		3536
832		3539		3791757		3524
833		3505		3796346		3552
834		3567		3800927		3513
835		3582		3805520		3531
836		3561		3810125		3564
837		3575		3814710		3528
838		3577		3819308		3514
839		3605		3823911		3523
840		3609		3828493		3555
841		3601		3833084		3536
842		3589		3837674		3550
843		3569		3842251		3544
844		3559		3846845		3548
845		3634		3851451		3528
846		3648		3856081		3527
847		3617		3860669		3549
848		3616		3865254		3562
849		3659		3869858		3554
850		3641		3874460		3537
851		3603		3879056		3539
852		3587		3883646		3543
853		3545		3888237		3538
854		3573		3892816		3550
855		3608		3897417		3543
856		3568		3902014		3522
857		3543		3906627		3526
858		3553		3911220		3514
859		3568		3915841		3553
860		3623		3920425		3523
861		3617		3925035		3530
862		3572		3929650		3542
863		3562		3934242		3518
864		3585		3938837		3507
865		3621		3943429		3550
866		3611		3948029		3523
867		3605		3952627		3530
868		3629		3957207		3506
869		3649		3961813		3564
870		3710		3966420		3536
871		3687		3971034		3548
872		3615		3975633		3539
873		3605		3980224		3544
874		3609		3984819		3551
875		3645		3989427		3528
876		3679		3994033		3560
877		3706		3998639		3528
878		3678		4003230		3548
879		3661		4007815		3545
880		3703		4012400		3547
881		3694		4016990		3561
882		3727		4021589		3531
883		3774		4026174		3561
884		3788		4030768		3538
885		3766		4035355		3551
886		3801		4039937		3574
887		3778		4044536		3567
888		3771		4049110		3541
889		3834		4053701		3560
890		3842		4058301		3545
891		3835		4062909		3517
892		3785		4067494		3534
893		3804		4072091		3539
894		3827		4076678		3520
895		3802		4081270		3535
896		3756		4085854		3547
897		3805		4090422		3530
898		3808		4094986		3569
899		3848		4099562		3535
900		3821		4104164		3541
901		3928		4108759		3543
902		3859		4113358		3538
903		3878		4117955		3544
904		3874		4122556		3519
905		3825		4127138		3533
906		3803		4131742		3547
907		3776		4136317		3573
908		3839		4140930		3585
909		3816		4145520		3561
910		3808		4150098		3569
911		3830		4154691		3521
912		3808		4159275		3569
913		3784		4163848		3552
914		3793		4168433		3544
915		3849		4173024		3531
916		3903		4177616		3565
917		3859		4182220		3548
918		3869		4186808		3551
919		3892		4191395		3552
920		3917		4195980		3572
921		3872		4200571		3546
922		3760		4205138		3533
923		3828		4209718		3500
924		3845		4214292		3550
925		3792		4218855		3510
926		3805		4223423		3541
927		3842		4228002		3546
928		3843		4232590		3544
929		3856		4237186		3539
930		3808		4241766		3551
931		3831		4246342		3529
932		3793		4250947		3549
933		3717		4255530		3531
934		3797		4260106		3526
935		3807		4264700		3549
936		3801		4269280		3571
937		3776		4273879		3529
938		3780		4278471		3532
939		3845		4283055		3559
940		3812		4287666		3528
941		3855		4292275		3525
942		3828		4296884		3540
943		3811		4301455		3497
944		3875		4306043		3520
945		3820		4310627		3507
946		3834		4315224		3547
947		3872		4319829		3527
948		3857		4324434		3539
949		3835		4329038		3537
950		3840		4333642		3564
951		3880		4338236		3539
952		3858		4342829		3530
953		3786		4347412		3528
954		3825		4351998		3562
955		3870		4356586		3539
956		3844		4361177		3554
957		3788		4365776		3556
958		3745		4370372		3574
959		3822		4374963		3524
960		3843		4379559		3518
961		3879		4384174		3518
962		3850		4388787		3546
963		3817		4393378		3553
964		3779		4397982		3554
965		3787		4402566		3573
966		3787		4407140		3563
967		3829		4411714		3553
968		3760		4416319		3574
969		3740		4420902		3544
970		3739		4425502		3562
971		3764		4430095		3548
972		3786		4434692		3516
973		3859		4439296		3544
974		3869		4443879		3539
975		3878		4448464		3519
976		3888		4453094		3540
977		3873		4457699		3539
978		3805		4462313		3563
979		3786		4466926		3527
980		3762		4471522		3547
981		3763		4476119		3549
982		3726		4480728		3547
983		3698		4485328		3568
984		3737		4489901		3544
985		3687		4494475		3540
986		3673		4499056		3546
987		3666		4503654		3543
988		3689		4508244		3522
989		3693		4512840		3531
990		3681		4517439		3544
991		3684		4522030		3546
992		3706		4526639		3541
993		3744		4531276		3508
994		3705		4535885		3533
995		3704		4540495		3552
996		3692		4545105		3542
997		3722		4549692		3515
998		3764		4554268		3537
999		3715		4558865		3539
