# Migration is number of nodes that have changed color.

Round		Edge-Cut		Swaps		Migrations		Skipped
0		10062		4626		3217
1		9874		9251		3289
2		9717		13850		3338
3		9674		18425		3383
4		9637		22999		3403
5		9643		27554		3492
6		9650		32116		3468
7		9616		36690		3491
8		9534		41259		3515
9		9571		45840		3448
10		9436		50386		3495
11		9462		54922		3548
12		9407		59456		3503
13		9280		64007		3556
14		9283		68516		3525
15		9328		73056		3524
16		9213		77582		3507
17		9168		82101		3538
18		9268		86610		3493
19		9227		91155		3506
20		9069		95631		3519
21		9116		100134		3476
22		9138		104648		3522
23		9029		109175		3503
24		8928		113663		3494
25		8940		118165		3534
26		8883		122628		3479
27		8864		127103		3490
28		8832		131591		3523
29		8773		136090		3521
30		8704		140561		3474
31		8739		144999		3538
32		8647		149449		3513
33		8651		153902		3491
34		8592		158352		3532
35		8578		162813		3493
36		8621		167272		3520
37		8491		171743		3509
38		8377		176175		3518
39		8339		180595		3480
40		8258		185042		3511
41		8230		189471		3509
42		8211		193885		3512
43		8255		198306		3535
44		8227		202737		3502
45		8256		207166		3530
46		8223		211599		3548
47		8205		216020		3513
48		8211		220468		3525
49		8133		224916		3486
50		8242		229328		3523
51		8118		233736		3485
52		8102		238144		3502
53		8065		242590		3482
54		8090		246984		3515
55		8003		251390		3535
56		7957		255778		3471
57		7982		260227		3525
58		8027		264646		3542
59		7984		269100		3507
60		7908		273571		3522
61		7871		277974		3528
62		7865		282398		3489
63		7819		286813		3480
64		7834		291237		3531
65		7722		295657		3565
66		7687		300087		3503
67		7659		304499		3519
68		7706		308901		3528
69		7618		313339		3535
70		7554		317754		3479
71		7603		322171		3520
72		7597		326594		3557
73		7472		331011		3545
74		7463		335413		3520
75		7504		339815		3547
76		7421		344234		3552
77		7435		348629		3526
78		7436		353041		3556
79		7446		357427		3568
80		7508		361873		3558
81		7486		366281		3504
82		7459		370703		3579
83		7415		375128		3502
84		7424		379561		3536
85		7438		383939		3494
86		7441		388357		3515
87		7432		392733		3529
88		7413		397166		3498
89		7358		401564		3518
90		7324		405982		3517
91		7370		410372		3574
92		7383		414786		3503
93		7327		419237		3541
94		7254		423662		3531
95		7410		428097		3533
96		7297		432540		3509
97		7307		436983		3505
98		7228		441415		3517
99		7181		445851		3545
100		7196		450280		3524
101		7133		454705		3455
102		7094		459097		3513
103		7050		463506		3492
104		7063		467939		3515
105		7101		472355		3450
106		7068		476786		3501
107		7025		481227		3486
108		7028		485676		3529
109		7006		490083		3536
110		6989		494505		3477
111		7000		498953		3503
112		6983		503395		3481
113		6956		507849		3501
114		6884		512320		3487
115		6853		516783		3470
116		6733		521248		3505
117		6784		525707		3463
118		6729		530156		3509
119		6798		534613		3482
120		6767		539071		3485
121		6799		543519		3519
122		6739		547971		3499
123		6698		552432		3492
124		6681		556887		3504
125		6643		561341		3538
126		6590		565770		3509
127		6544		570200		3549
128		6475		574649		3453
129		6491		579111		3504
130		6447		583559		3508
131		6403		588006		3496
132		6257		592426		3507
133		6291		596838		3500
134		6275		601255		3482
135		6220		605682		3490
136		6259		610128		3564
137		6215		614609		3486
138		6162		619065		3469
139		6161		623511		3505
140		6163		627946		3503
141		6198		632412		3501
142		6212		636879		3517
143		6258		641324		3472
144		6251		645806		3501
145		6197		650277		3559
146		6187		654734		3552
147		6089		659186		3499
148		6049		663640		3461
149		6069		668080		3513
150		6070		672504		3479
151		6172		676934		3493
152		6156		681394		3478
153		6105		685846		3520
154		6034		690322		3492
155		6089		694801		3519
156		6196		699309		3431
157		6158		703802		3523
158		6102		708267		3518
159		6107		712724		3489
160		6022		717183		3517
161		6006		721643		3487
162		6033		726116		3516
163		5938		730608		3490
164		5952		735095		3523
165		6017		739567		3512
166		6058		744043		3519
167		5984		748528		3523
168		5895		753023		3494
169		5954		757476		3487
170		5903		761957		3500
171		5884		766424		3476
172		5851		770909		3521
173		5894		775383		3537
174		5910		779871		3496
175		5886		784320		3473
176		5942		788800		3499
177		5859		793268		3521
178		5854		797708		3530
179		5878		802162		3541
180		5840		806616		3571
181		5837		811062		3538
182		5783		815557		3549
183		5854		820017		3484
184		5892		824484		3508
185		5864		828963		3543
186		5903		833437		3535
187		5859		837917		3529
188		5781		842402		3488
189		5756		846853		3512
190		5760		851353		3541
191		5758		855824		3540
192		5730		860306		3557
193		5764		864773		3561
194		5773		869234		3547
195		5711		873739		3550
196		5599		878181		3572
197		5626		882643		3561
198		5592		887097		3518
199		5621		891587		3514
200		5625		896071		3537
201		5578		900563		3544
202		5592		905020		3561
203		5486		909515		3546
204		5505		914002		3548
205		5533		918471		3524
206		5552		922956		3536
207		5560		927445		3505
208		5636		931945		3535
209		5580		936447		3492
210		5426		940945		3529
211		5547		945448		3505
212		5576		949956		3490
213		5524		954465		3507
214		5485		958967		3486
215		5475		963457		3501
216		5490		967941		3524
217		5411		972431		3531
218		5384		976902		3498
219		5445		981412		3538
220		5369		985909		3537
221		5384		990392		3524
222		5439		994892		3564
223		5455		999405		3491
224		5413		1003912		3507
225		5453		1008390		3525
226		5497		1012890		3528
227		5521		1017392		3518
228		5479		1021883		3534
229		5458		1026384		3491
230		5494		1030889		3526
231		5514		1035396		3542
232		5550		1039891		3554
233		5539		1044403		3550
234		5506		1048915		3549
235		5453		1053400		3549
236		5391		1057904		3546
237		5420		1062402		3510
238		5469		1066910		3511
239		5450		1071406		3521
240		5512		1075909		3548
241		5529		1080442		3551
242		5561		1084970		3537
243		5542		1089469		3546
244		5451		1093978		3505
245		5487		1098475		3533
246		5531		1103002		3545
247		5493		1107537		3510
248		5484		1112054		3559
249		5449		1116570		3495
250		5416		1121054		3501
251		5406		1125518		3552
252		5420		1129973		3520
253		5424		1134463		3510
254		5348		1138926		3519
255		5351		1143388		3533
256		5378		1147865		3521
257		5325		1152345		3531
258		5384		1156843		3464
259		5411		1161341		3500
260		5438		1165833		3500
261		5429		1170318		3495
262		5488		1174812		3542
263		5508		1179328		3505
264		5370		1183854		3521
265		5304		1188341		3513
266		5298		1192857		3482
267		5335		1197384		3517
268		5309		1201887		3518
269		5254		1206401		3493
270		5269		1210882		3503
271		5309		1215358		3472
272		5348		1219873		3492
273		5255		1224371		3496
274		5302		1228876		3518
275		5296		1233390		3544
276		5250		1237912		3549
277		5229		1242408		3527
278		5273		1246900		3470
279		5276		1251426		3501
280		5302		1255974		3521
281		5250		1260477		3511
282		5286		1264983		3533
283		5235		1269491		3505
284		5206		1273983		3527
285		5137		1278469		3556
286		5063		1282976		3535
287		5105		1287471		3505
288		5132		1292003		3517
289		5109		1296505		3506
290		5085		1301003		3469
291		5084		1305507		3475
292		5076		1310034		3531
293		5093		1314571		3519
294		5070		1319095		3483
295		5070		1323606		3511
296		5020		1328134		3519
297		5040		1332642		3560
298		5047		1337162		3507
299		5006		1341696		3505
300		5035		1346217		3488
301		5030		1350743		3485
302		5023		1355266		3473
303		4996		1359790		3488
304		5040		1364313		3511
305		4991		1368861		3514
306		4892		1373373		3517
307		4994		1377900		3508
308		4915		1382438		3538
309		4924		1386936		3529
310		4913		1391439		3514
311		4945		1395957		3499
312		4931		1400454		3511
313		4923		1404974		3535
314		4902		1409505		3529
315		4909		1414001		3540
316		4831		1418483		3529
317		4831		1423015		3529
318		4807		1427539		3504
319		4851		1432041		3500
320		4851		1436561		3529
321		4836		1441051		3522
322		4770		1445551		3530
323		4815		1450069		3478
324		4788		1454591		3489
325		4818		1459110		3515
326		4794		1463645		3516
327		4793		1468186		3540
328		4807		1472744		3527
329		4773		1477263		3478
330		4820		1481775		3496
331		4872		1486325		3476
332		4874		1490883		3523
333		4806		1495443		3505
334		4818		1499980		3521
335		4723		1504505		3495
336		4745		1509023		3501
337		4737		1513549		3532
338		4781		1518077		3508
339		4848		1522607		3511
340		4813		1527147		3501
341		4864		1531694		3502
342		4896		1536251		3539
343		4822		1540797		3509
344		4847		1545332		3515
345		4915		1549869		3501
346		4835		1554421		3525
347		4837		1558947		3496
348		4841		1563485		3512
349		4793		1568014		3517
350		4797		1572559		3502
351		4773		1577074		3521
352		4755		1581594		3567
353		4779		1586139		3543
354		4739		1590668		3501
355		4777		1595195		3522
356		4703		1599726		3468
357		4704		1604239		3478
358		4679		1608790		3482
359		4668		1613306		3493
360		4664		1617841		3503
361		4588		1622386		3485
362		4682		1626938		3525
363		4695		1631484		3534
364		4669		1636038		3532
365		4725		1640580		3480
366		4704		1645134		3510
367		4630		1649678		3497
368		4656		1654228		3482
369		4663		1658763		3517
370		4676		1663302		3543
371		4684		1667822		3547
372		4703		1672364		3513
373		4754		1676920		3497
374		4727		1681467		3538
375		4656		1686012		3512
376		4601		1690542		3490
377		4606		1695060		3527
378		4646		1699596		3521
379		4712		1704157		3497
380		4707		1708731		3501
381		4691		1713295		3490
382		4723		1717837		3477
383		4689		1722375		3460
384		4670		1726908		3517
385		4687		1731445		3489
386		4619		1735991		3499
387		4718		1740516		3464
388		4725		1745063		3493
389		4654		1749612		3506
390		4672		1754160		3493
391		4698		1758698		3517
392		4742		1763220		3532
393		4717		1767773		3464
394		4693		1772305		3498
395		4680		1776834		3502
396		4677		1781345		3517
397		4667		1785890		3483
398		4666		1790422		3517
399		4615		1794946		3498
400		4701		1799471		3494
401		4692		1804008		3488
402		4706		1808558		3505
403		4728		1813131		3543
404		4692		1817671		3528
405		4769		1822230		3508
406		4721		1826780		3508
407		4680		1831305		3518
408		4671		1835847		3525
409		4677		1840377		3541
410		4652		1844939		3500
411		4656		1849503		3537
412		4583		1854058		3488
413		4593		1858590		3512
414		4686		1863127		3500
415		4696		1867690		3534
416		4651		1872247		3523
417		4644		1876799		3506
418		4609		1881349		3507
419		4608		1885864		3548
420		4618		1890406		3512
421		4587		1894947		3521
422		4562		1899509		3506
423		4562		1904062		3464
424		4574		1908619		3492
425		4518		1913166		3482
426		4539		1917696		3510
427		4542		1922241		3498
428		4551		1926803		3520
429		4613		1931352		3471
430		4518		1935913		3493
431		4519		1940472		3502
432		4508		1945037		3482
433		4519		1949590		3504
434		4525		1954111		3510
435		4493		1958673		3530
436		4443		1963237		3523
437		4473		1967776		3502
438		4502		1972311		3529
439		4446		1976887		3549
440		4419		1981434		3524
441		4512		1985994		3531
442		4533		1990561		3523
443		4525		1995121		3526
444		4541		1999676		3512
445		4577		2004243		3511
446		4559		2008796		3499
447		4538		2013354		3479
448		4591		2017917		3508
449		4561		2022475		3489
450		4506		2027032		3519
451		4501		2031593		3500
452		4558		2036136		3493
453		4529		2040696		3517
454		4447		2045229		3547
455		4528		2049795		3521
456		4573		2054353		3513
457		4474		2058897		3507
458		4475		2063461		3520
459		4454		2068021		3485
460		4397		2072587		3483
461		4453		2077131		3487
462		4485		2081699		3507
463		4449		2086255		3530
464		4444		2090791		3520
465		4438		2095359		3489
466		4397		2099906		3514
467		4415		2104448		3477
468		4390		2108995		3478
469		4359		2113533		3519
470		4300		2118079		3485
471		4367		2122634		3483
472		4395		2127193		3501
473		4410		2131747		3489
474		4461		2136303		3516
475		4423		2140860		3525
476		4428		2145418		3505
477		4368		2149984		3518
478		4348		2154512		3494
479		4341		2159079		3492
480		4348		2163647		3474
481		4426		2168200		3483
482		4431		2172768		3514
483		4434		2177335		3502
484		4365		2181894		3489
485		4411		2186482		3555
486		4377		2191054		3514
487		4352		2195607		3539
488		4394		2200170		3508
489		4393		2204754		3530
490		4344		2209297		3542
491		4356		2213869		3522
492		4360		2218439		3530
493		4381		2223016		3500
494		4340		2227577		3541
495		4311		2232127		3527
496		4288		2236687		3544
497		4340		2241252		3504
498		4363		2245816		3539
499		4355		2250386		3506
500		4381		2254961		3576
501		4441		2259534		3525
502		4384		2264087		3519
503		4374		2268662		3496
504		4343		2273220		3524
505		4367		2277794		3490
506		4388		2282380		3482
507		4412		2286939		3528
508		4414		2291512		3506
509		4434		2296091		3523
510		4409		2300657		3535
511		4401		2305234		3537
512		4431		2309793		3513
513		4407		2314375		3521
514		4389		2318942		3587
515		4415		2323503		3518
516		4414		2328084		3535
517		4392		2332645		3537
518		4347		2337236		3534
519		4354		2341819		3527
520		4329		2346366		3512
521		4331		2350943		3512
522		4304		2355507		3512
523		4325		2360108		3528
524		4354		2364680		3541
525		4318		2369250		3521
526		4348		2373821		3541
527		4362		2378386		3512
528		4387		2382966		3533
529		4428		2387534		3530
530		4408		2392125		3513
531		4352		2396713		3493
532		4371		2401282		3526
533		4386		2405860		3528
534		4330		2410435		3551
535		4334		2415005		3531
536		4363		2419567		3504
537		4327		2424138		3512
538		4293		2428707		3507
539		4308		2433251		3527
540		4310		2437780		3551
541		4241		2442331		3545
542		4177		2446871		3518
543		4207		2451448		3526
544		4238		2455985		3512
545		4218		2460554		3522
546		4156		2465096		3539
547		4148		2469665		3550
548		4230		2474236		3522
549		4192		2478823		3543
550		4157		2483388		3528
551		4178		2487955		3514
552		4204		2492530		3476
553		4240		2497112		3494
554		4223		2501688		3521
555		4255		2506265		3513
556		4225		2510826		3534
557		4244		2515397		3531
558		4244		2519956		3501
559		4241		2524512		3498
560		4118		2529087		3512
561		4132		2533657		3509
562		4124		2538212		3519
563		4118		2542770		3507
564		4107		2547312		3542
565		4104		2551882		3506
566		4137		2556466		3477
567		4144		2561041		3485
568		4119		2565606		3522
569		4043		2570174		3513
570		4060		2574734		3526
571		4132		2579292		3512
572		4113		2583855		3500
573		4121		2588395		3518
574		4203		2592970		3464
575		4173		2597533		3510
576		4101		2602127		3494
577		4159		2606707		3527
578		4114		2611284		3519
579		4161		2615831		3500
580		4047		2620423		3529
581		4076		2624980		3507
582		4132		2629554		3511
583		4141		2634122		3534
584		4095		2638694		3557
585		4118		2643277		3499
586		4168		2647851		3511
587		4168		2652415		3551
588		4114		2656991		3507
589		4078		2661536		3520
590		4088		2666100		3547
591		4120		2670674		3547
592		4040		2675245		3549
593		3978		2679793		3574
594		4031		2684343		3514
595		4039		2688901		3576
596		4064		2693452		3529
597		4058		2698026		3551
598		4016		2702616		3538
599		4081		2707196		3546
600		4012		2711757		3526
601		3994		2716315		3565
602		3984		2720872		3521
603		4045		2725435		3527
604		4016		2730010		3533
605		4024		2734586		3511
606		4068		2739179		3498
607		4079		2743741		3545
608		4083		2748309		3580
609		4145		2752901		3546
610		4109		2757449		3555
611		4134		2762007		3577
612		4097		2766585		3566
613		4096		2771138		3532
614		4134		2775718		3516
615		4152		2780278		3528
616		4190		2784853		3528
617		4183		2789440		3496
618		4206		2794028		3501
619		4155		2798602		3516
620		4120		2803182		3524
621		4080		2807769		3541
622		4118		2812338		3540
623		4135		2816910		3517
624		4117		2821489		3530
625		4126		2826072		3533
626		4056		2830664		3543
627		4098		2835247		3527
628		4142		2839847		3525
629		4167		2844455		3516
630		4171		2849039		3538
631		4180		2853626		3538
632		4141		2858196		3547
633		4188		2862785		3543
634		4189		2867378		3545
635		4142		2871968		3540
636		4129		2876530		3505
637		4215		2881127		3521
638		4185		2885709		3513
639		4137		2890292		3508
640		4124		2894888		3495
641		4094		2899445		3531
642		4087		2904034		3516
643		4121		2908624		3531
644		4060		2913210		3512
645		4072		2917769		3549
646		4097		2922366		3540
647		4033		2926951		3537
648		4052		2931517		3544
649		4053		2936075		3488
650		4041		2940648		3532
651		4052		2945229		3537
652		4050		2949816		3527
653		4020		2954405		3502
654		4052		2958989		3512
655		4031		2963559		3566
656		4014		2968122		3500
657		4012		2972686		3524
658		4033		2977242		3553
659		4025		2981811		3535
660		4014		2986393		3529
661		4061		2990980		3526
662		4090		2995569		3504
663		4083		3000158		3499
664		4011		3004759		3542
665		4021		3009345		3525
666		4046		3013924		3523
667		4092		3018514		3524
668		4103		3023108		3516
669		4011		3027674		3500
670		3979		3032250		3513
671		3968		3036837		3507
672		3984		3041418		3499
673		3978		3045990		3564
674		4032		3050591		3510
675		4003		3055205		3538
676		4021		3059789		3544
677		4070		3064372		3516
678		4018		3068959		3524
679		4089		3073545		3517
680		4045		3078140		3508
681		3992		3082715		3517
682		4016		3087295		3509
683		4023		3091872		3543
684		3988		3096440		3521
685		4002		3101008		3533
686		3992		3105593		3539
687		3947		3110161		3490
688		3957		3114756		3552
689		3933		3119335		3518
690		3984		3123895		3533
691		3904		3128467		3524
692		3992		3133011		3516
693		3927		3137572		3538
694		3925		3142122		3530
695		3904		3146706		3506
696		3963		3151263		3540
697		3954		3155865		3550
698		3976		3160453		3583
699		3977		3165041		3566
700		4014		3169625		3534
701		4019		3174210		3547
702		3966		3178792		3524
703		3939		3183378		3522
704		3993		3187960		3516
705		3997		3192553		3511
706		4021		3197166		3524
707		4034		3201748		3538
708		4061		3206326		3545
709		4074		3210906		3489
710		4082		3215504		3522
711		4088		3220092		3531
712		4087		3224688		3541
713		4075		3229265		3524
714		4082		3233831		3541
715		4063		3238414		3529
716		4040		3242996		3549
717		3997		3247568		3534
718		3917		3252145		3557
719		3883		3256736		3540
720		3791		3261293		3533
721		3847		3265854		3552
722		3786		3270423		3569
723		3802		3274993		3549
724		3828		3279578		3526
725		3877		3284166		3554
726		3859		3288755		3537
727		3851		3293346		3574
728		3841		3297925		3544
729		3840		3302484		3518
730		3848		3307080		3552
731		3847		3311663		3549
732		3911		3316246		3528
733		3855		3320840		3524
734		3865		3325420		3552
735		3899		3330013		3547
736		3915		3334593		3516
737		3952		3339176		3550
738		3928		3343751		3554
739		3972		3348319		3517
740		3967		3352904		3547
741		4002		3357488		3527
742		3992		3362092		3527
743		4033		3366667		3521
744		4049		3371245		3541
745		4076		3375854		3519
746		4063		3380460		3499
747		3996		3385041		3543
748		4043		3389640		3508
749		4043		3394257		3526
750		4021		3398852		3516
751		3985		3403440		3536
752		3958		3408020		3544
753		3986		3412612		3514
754		3962		3417186		3536
755		3875		3421782		3520
756		3954		3426355		3548
757		3955		3430932		3508
758		3995		3435526		3508
759		4030		3440133		3547
760		4053		3444731		3511
761		4037		3449332		3517
762		4034		3453942		3547
763		3928		3458541		3510
764		3871		3463121		3519
765		3933		3467691		3539
766		3929		3472258		3601
767		3929		3476835		3537
768		3910		3481414		3534
769		3970		3485999		3541
770		4020		3490587		3568
771		3968		3495171		3542
772		4003		3499773		3547
773		4020		3504351		3544
774		4010		3508941		3545
775		4017		3513528		3539
776		3983		3518108		3511
777		4005		3522683		3537
778		3995		3527270		3534
779		4018		3531860		3560
780		3949		3536437		3530
781		3971		3541010		3528
782		3951		3545620		3521
783		3911		3550209		3552
784		3922		3554787		3531
785		3910		3559384		3514
786		3890		3563970		3518
787		3829		3568568		3543
788		3820		3573164		3515
789		3889		3577779		3527
790		3890		3582373		3536
791		3915		3586964		3535
792		3907		3591538		3514
793		3869		3596122		3514
794		3805		3600711		3505
795		3883		3605301		3529
796		3842		3609884		3548
797		3801		3614474		3522
798		3759		3619067		3536
799		3806		3623639		3532
800		3785		3628230		3542
801		3818		3632812		3549
802		3802		3637412		3527
803		3804		3641995		3551
804		3719		3646595		3573
805		3742		3651183		3526
806		3766		3655780		3549
807		3746		3660367		3493
808		3774		3664946		3521
809		3768		3669545		3538
810		3751		3674142		3545
811		3813		3678755		3523
812		3792		3683354		3526
813		3818		3687946		3531
814		3778		3692544		3509
815		3794		3697154		3518
816		3763		3701751		3522
817		3737		3706347		3526
818		3713		3710949		3516
819		3690		3715539		3528
820		3734		3720135		3501
821		3751		3724731		3508
822		3739		3729342		3528
823		3780		3733946		3528
824		3779		3738540		3525
825		3753		3743135		3543
826		3709		3747742		3523
827		3728		3752343		3540
828		3675		3756943		3542
829		3657		3761541		3527
830		3668		3766131		3550
831		3721		3770730		3520
832		3779		3775338		3536
833		3776		3779946		3508
834		3773		3784531		3524
835		3734		3789118		3520
836		3762		3793691		3516
837		3734		3798286		3503
838		3727		3802884		3529
839		3720		3807476		3539
840		3725		3812072		3538
841		3656		3816669		3511
842		3642		3821252		3488
843		3666		3825849		3537
844		3686		3830456		3512
845		3723		3835042		3503
846		3721		3839643		3542
847		3677		3844246		3519
848		3694		3848842		3540
849		3725		3853459		3527
850		3698		3858068		3534
851		3675		3862666		3570
852		3640		3867263		3596
853		3719		3871882		3550
854		3732		3876482		3550
855		3672		3881067		3548
856		3675		3885661		3539
857		3735		3890241		3539
858		3724		3894852		3522
859		3715		3899450		3502
860		3717		3904048		3530
861		3719		3908637		3513
862		3732		3913245		3516
863		3738		3917845		3545
864		3753		3922442		3514
865		3803		3927048		3524
866		3761		3931670		3512
867		3716		3936268		3530
868		3736		3940867		3497
869		3642		3945454		3496
870		3698		3950042		3520
871		3716		3954617		3527
872		3752		3959228		3519
873		3754		3963830		3520
874		3761		3968409		3508
875		3758		3973007		3537
876		3773		3977597		3542
877		3731		3982187		3529
878		3650		3986774		3528
879		3580		3991358		3510
880		3619		3995931		3506
881		3620		4000518		3512
882		3644		4005118		3503
883		3622		4009709		3514
884		3621		4014275		3525
885		3633		4018835		3505
886		3635		4023412		3513
887		3686		4028003		3521
888		3699		4032621		3539
889		3673		4037222		3542
890		3660		4041833		3553
891		3678		4046444		3512
892		3620		4051049		3502
893		3586		4055636		3553
894		3610		4060236		3488
895		3604		4064837		3518
896		3604		4069432		3499
897		3571		4074027		3499
898		3585		4078618		3535
899		3630		4083233		3485
900		3600		4087833		3495
901		3652		4092418		3483
902		3638		4097032		3503
903		3622		4101631		3508
904		3629		4106235		3504
905		3592		4110852		3515
906		3629		4115439		3487
907		3596		4120043		3509
908		3594		4124658		3529
909		3560		4129254		3540
910		3572		4133848		3567
911		3575		4138453		3560
912		3569		4143071		3556
913		3605		4147673		3560
914		3658		4152272		3560
915		3636		4156881		3528
916		3588		4161505		3559
917		3607		4166102		3520
918		3579		4170721		3555
919		3613		4175353		3509
920		3644		4179963		3535
921		3651		4184585		3539
922		3607		4189204		3531
923		3626		4193805		3525
924		3608		4198392		3517
925		3579		4202992		3501
926		3559		4207593		3521
927		3595		4212221		3509
928		3587		4216826		3554
929		3598		4221453		3512
930		3522		4226070		3521
931		3509		4230672		3533
932		3517		4235282		3518
933		3530		4239892		3510
934		3498		4244483		3523
935		3485		4249086		3510
936		3510		4253673		3529
937		3510		4258271		3521
938		3501		4262868		3533
939		3530		4267479		3515
940		3503		4272079		3542
941		3504		4276690		3522
942		3476		4281320		3530
943		3453		4285905		3548
944		3466		4290511		3518
945		3461		4295124		3563
946		3547		4299726		3520
947		3502		4304350		3526
948		3539		4308960		3517
949		3524		4313564		3524
950		3539		4318172		3504
951		3555		4322775		3514
952		3565		4327360		3537
953		3533		4331974		3513
954		3543		4336561		3516
955		3566		4341156		3514
956		3573		4345746		3519
957		3607		4350341		3534
958		3631		4354940		3528
959		3633		4359531		3542
960		3647		4364123		3529
961		3639		4368732		3500
962		3662		4373316		3519
963		3606		4377917		3522
964		3634		4382510		3512
965		3586		4387109		3521
966		3609		4391693		3518
967		3567		4396273		3528
968		3591		4400841		3551
969		3573		4405445		3514
970		3559		4410052		3523
971		3572		4414648		3521
972		3601		4419231		3540
973		3625		4423835		3526
974		3562		4428439		3544
975		3574		4433038		3515
976		3557		4437650		3528
977		3549		4442268		3539
978		3537		4446867		3537
979		3563		4451461		3524
980		3540		4456065		3520
981		3521		4460635		3537
982		3468		4465216		3529
983		3456		4469779		3532
984		3462		4474358		3532
985		3405		4478935		3556
986		3389		4483522		3529
987		3432		4488125		3526
988		3417		4492708		3545
989		3421		4497308		3540
990		3462		4501882		3554
991		3522		4506488		3544
992		3537		4511092		3506
993		3496		4515673		3523
994		3493		4520281		3532
995		3471		4524867		3538
996		3459		4529459		3582
997		3473		4534056		3535
998		3534		4538654		3520
999		3478		4543253		3561
