# Migration is number of nodes that have changed color.

Round		Edge-Cut		Swaps		Migrations		Skipped
0		10102		4634		3293
1		9940		9232		3294
2		9795		13814		3379
3		9705		18409		3455
4		9635		23006		3441
5		9668		27574		3395
6		9627		32147		3435
7		9595		36708		3420
8		9583		41257		3513
9		9491		45823		3519
10		9377		50354		3458
11		9349		54872		3501
12		9227		59400		3480
13		9097		63867		3530
14		9106		68353		3509
15		9019		72826		3536
16		8969		77283		3525
17		8935		81722		3484
18		8816		86185		3489
19		8825		90627		3506
20		8738		95087		3496
21		8658		99517		3491
22		8583		103947		3509
23		8488		108377		3540
24		8484		112809		3512
25		8540		117207		3533
26		8502		121608		3518
27		8435		126033		3518
28		8475		130439		3524
29		8321		134850		3513
30		8259		139221		3436
31		8275		143628		3522
32		8283		148020		3472
33		8183		152398		3461
34		8148		156828		3482
35		8145		161207		3469
36		8109		165609		3478
37		8108		170000		3471
38		8099		174426		3492
39		8078		178823		3498
40		8075		183234		3491
41		7953		187636		3527
42		7882		192062		3542
43		7966		196447		3510
44		7951		200852		3471
45		7949		205262		3492
46		7969		209652		3462
47		7812		214056		3449
48		7843		218462		3537
49		7867		222874		3516
50		7921		227315		3510
51		7878		231765		3504
52		7885		236183		3521
53		7798		240580		3469
54		7817		244992		3480
55		7729		249376		3505
56		7792		253805		3547
57		7794		258229		3484
58		7754		262617		3517
59		7727		267022		3506
60		7655		271453		3576
61		7604		275854		3488
62		7566		280272		3462
63		7614		284695		3525
64		7548		289090		3544
65		7598		293485		3492
66		7607		297910		3519
67		7537		302302		3520
68		7515		306693		3531
69		7512		311131		3516
70		7444		315523		3518
71		7426		319955		3501
72		7398		324358		3559
73		7437		328760		3530
74		7409		333154		3494
75		7373		337552		3502
76		7401		341982		3439
77		7393		346376		3488
78		7384		350802		3470
79		7376		355244		3527
80		7311		359678		3500
81		7279		364089		3544
82		7200		368536		3518
83		7110		372948		3494
84		7295		377361		3498
85		7223		381771		3486
86		7187		386202		3462
87		7104		390646		3484
88		7211		395071		3444
89		7140		399501		3509
90		7101		403944		3524
91		7170		408349		3484
92		7145		412766		3474
93		7165		417145		3489
94		7120		421606		3484
95		7084		426024		3510
96		7179		430481		3513
97		7145		434942		3495
98		7135		439394		3460
99		7046		443820		3485
100		7012		448227		3479
101		6985		452669		3452
102		6951		457135		3508
103		6895		461547		3464
104		6823		465954		3485
105		6857		470346		3440
106		6913		474776		3464
107		6905		479217		3442
108		6884		483647		3465
109		6903		488103		3491
110		6852		492560		3480
111		6870		496989		3502
112		6848		501433		3497
113		6888		505903		3505
114		6814		510380		3485
115		6760		514846		3469
116		6742		519287		3468
117		6696		523721		3511
118		6683		528172		3507
119		6694		532618		3527
120		6664		537058		3476
121		6606		541492		3508
122		6655		545910		3443
123		6635		550338		3469
124		6693		554811		3531
125		6677		559293		3506
126		6626		563763		3530
127		6585		568235		3531
128		6585		572714		3514
129		6632		577182		3503
130		6543		581647		3538
131		6559		586116		3512
132		6513		590571		3482
133		6548		595049		3540
134		6511		599511		3473
135		6435		603961		3507
136		6389		608410		3477
137		6366		612873		3491
138		6366		617322		3532
139		6370		621777		3507
140		6352		626235		3505
141		6274		630676		3461
142		6321		635149		3493
143		6270		639604		3479
144		6312		644071		3494
145		6282		648526		3485
146		6290		653000		3469
147		6248		657451		3532
148		6301		661896		3490
149		6215		666350		3500
150		6245		670791		3480
151		6254		675274		3512
152		6251		679704		3485
153		6277		684160		3488
154		6210		688605		3508
155		6220		693073		3497
156		6252		697546		3470
157		6263		702037		3487
158		6265		706513		3518
159		6319		710979		3478
160		6186		715440		3498
161		6189		719937		3492
162		6249		724391		3515
163		6331		728893		3462
164		6177		733367		3499
165		6174		737847		3484
166		6113		742294		3513
167		6145		746790		3489
168		6169		751254		3489
169		6153		755708		3445
170		6088		760211		3484
171		6081		764684		3522
172		6082		769149		3465
173		6046		773653		3512
174		5978		778130		3516
175		6110		782630		3522
176		6033		787130		3540
177		5968		791631		3551
178		5937		796113		3511
179		5962		800562		3496
180		5985		805073		3507
181		5851		809548		3563
182		5884		814019		3554
183		5855		818486		3532
184		5893		822967		3502
185		5845		827442		3522
186		5884		831923		3534
187		5900		836406		3459
188		5849		840901		3490
189		5829		845390		3460
190		5765		849842		3516
191		5670		854327		3537
192		5661		858810		3487
193		5606		863302		3516
194		5645		867791		3527
195		5667		872296		3497
196		5639		876802		3489
197		5665		881319		3483
198		5655		885862		3528
199		5580		890382		3487
200		5553		894866		3505
201		5605		899386		3491
202		5578		903890		3496
203		5525		908397		3533
204		5590		912918		3499
205		5610		917415		3494
206		5612		921925		3514
207		5534		926432		3504
208		5501		930929		3490
209		5475		935446		3539
210		5480		939982		3506
211		5493		944510		3502
212		5497		949020		3498
213		5520		953553		3493
214		5452		958050		3495
215		5504		962551		3479
216		5414		967087		3504
217		5414		971606		3514
218		5427		976132		3489
219		5392		980623		3498
220		5346		985136		3506
221		5274		989644		3517
222		5232		994154		3489
223		5232		998637		3480
224		5226		1003144		3485
225		5295		1007658		3510
226		5224		1012193		3496
227		5214		1016689		3511
228		5217		1021187		3478
229		5244		1025720		3499
230		5304		1030251		3471
231		5303		1034802		3492
232		5215		1039324		3476
233		5201		1043836		3485
234		5276		1048356		3464
235		5175		1052909		3517
236		5136		1057421		3506
237		5114		1061931		3525
238		5152		1066469		3519
239		5166		1071008		3521
240		5189		1075560		3460
241		5152		1080081		3487
242		5228		1084618		3502
243		5142		1089167		3507
244		5155		1093708		3480
245		5036		1098247		3497
246		5086		1102790		3476
247		5033		1107338		3469
248		5018		1111858		3489
249		4942		1116389		3494
250		4958		1120894		3498
251		4964		1125411		3511
252		4971		1129951		3492
253		5046		1134460		3469
254		5066		1139014		3481
255		5056		1143538		3512
256		5059		1148068		3480
257		5028		1152596		3494
258		4973		1157129		3508
259		4954		1161638		3502
260		4940		1166182		3517
261		4907		1170700		3524
262		4882		1175210		3525
263		4863		1179733		3502
264		4862		1184268		3524
265		4889		1188827		3520
266		4871		1193359		3525
267		4850		1197894		3517
268		4871		1202438		3499
269		4828		1206988		3515
270		4810		1211548		3483
271		4807		1216074		3513
272		4731		1220608		3507
273		4699		1225129		3490
274		4666		1229638		3464
275		4713		1234143		3487
276		4779		1238682		3505
277		4762		1243216		3513
278		4714		1247751		3491
279		4698		1252291		3463
280		4686		1256829		3509
281		4738		1261337		3530
282		4759		1265865		3507
283		4790		1270401		3484
284		4783		1274964		3453
285		4798		1279488		3473
286		4815		1284038		3485
287		4763		1288557		3543
288		4774		1293097		3488
289		4744		1297641		3510
290		4767		1302188		3486
291		4798		1306713		3533
292		4818		1311244		3503
293		4732		1315771		3545
294		4685		1320310		3502
295		4666		1324872		3550
296		4685		1329401		3532
297		4704		1333935		3546
298		4726		1338456		3534
299		4743		1342989		3520
300		4747		1347486		3541
301		4815		1352032		3481
302		4821		1356559		3509
303		4792		1361093		3544
304		4816		1365648		3470
305		4857		1370199		3487
306		4776		1374754		3506
307		4771		1379311		3555
308		4711		1383866		3497
309		4750		1388423		3530
310		4756		1392973		3524
311		4706		1397509		3515
312		4646		1402076		3516
313		4681		1406644		3532
314		4726		1411167		3513
315		4697		1415726		3493
316		4711		1420286		3514
317		4677		1424839		3495
318		4602		1429409		3485
319		4512		1433968		3539
320		4531		1438518		3517
321		4532		1443069		3523
322		4532		1447614		3485
323		4494		1452170		3480
324		4523		1456722		3506
325		4517		1461283		3485
326		4484		1465830		3536
327		4486		1470380		3488
328		4493		1474938		3492
329		4547		1479492		3535
330		4552		1484039		3513
331		4542		1488607		3526
332		4546		1493145		3510
333		4514		1497692		3478
334		4582		1502238		3500
335		4519		1506802		3514
336		4488		1511341		3507
337		4510		1515863		3521
338		4470		1520403		3498
339		4411		1524933		3484
340		4394		1529478		3533
341		4446		1534045		3517
342		4436		1538608		3502
343		4474		1543187		3510
344		4511		1547750		3493
345		4486		1552327		3515
346		4429		1556895		3520
347		4444		1561428		3517
348		4431		1565982		3484
349		4434		1570534		3487
350		4416		1575103		3476
351		4405		1579668		3516
352		4384		1584220		3512
353		4377		1588766		3521
354		4366		1593310		3531
355		4368		1597857		3519
356		4436		1602398		3463
357		4482		1606932		3497
358		4444		1611491		3509
359		4528		1616068		3505
360		4521		1620653		3511
361		4527		1625230		3517
362		4480		1629808		3447
363		4404		1634366		3469
364		4423		1638919		3490
365		4408		1643492		3503
366		4395		1648071		3481
367		4378		1652628		3502
368		4363		1657178		3439
369		4357		1661729		3454
370		4312		1666270		3500
371		4294		1670819		3522
372		4335		1675398		3481
373		4336		1679960		3518
374		4377		1684521		3498
375		4360		1689079		3518
376		4446		1693661		3492
377		4468		1698221		3517
378		4444		1702791		3506
379		4456		1707352		3515
380		4431		1711919		3490
381		4421		1716474		3487
382		4403		1721040		3486
383		4339		1725608		3486
384		4354		1730157		3495
385		4364		1734725		3506
386		4350		1739284		3500
387		4356		1743838		3506
388		4334		1748386		3511
389		4382		1752930		3502
390		4329		1757485		3465
391		4350		1762037		3517
392		4279		1766587		3510
393		4302		1771147		3544
394		4256		1775704		3473
395		4249		1780267		3495
396		4267		1784846		3535
397		4269		1789417		3474
398		4220		1793994		3490
399		4264		1798560		3473
400		4240		1803129		3497
401		4261		1807689		3489
402		4230		1812246		3516
403		4286		1816793		3502
404		4225		1821353		3487
405		4227		1825928		3513
406		4215		1830470		3471
407		4222		1835025		3484
408		4248		1839587		3524
409		4282		1844154		3513
410		4185		1848714		3505
411		4185		1853266		3475
412		4168		1857825		3510
413		4206		1862397		3544
414		4246		1866995		3505
415		4270		1871571		3501
416		4285		1876168		3503
417		4213		1880728		3512
418		4259		1885303		3524
419		4270		1889870		3519
420		4237		1894447		3509
421		4247		1899032		3506
422		4232		1903608		3538
423		4193		1908160		3537
424		4216		1912714		3520
425		4184		1917289		3549
426		4174		1921848		3484
427		4125		1926389		3507
428		4121		1930951		3505
429		4168		1935503		3480
430		4152		1940058		3516
431		4139		1944636		3509
432		4181		1949198		3524
433		4104		1953748		3482
434		4106		1958307		3544
435		4177		1962874		3513
436		4174		1967436		3517
437		4164		1972010		3505
438		4183		1976580		3505
439		4208		1981153		3515
440		4242		1985750		3508
441		4246		1990331		3562
442		4265		1994894		3516
443		4270		1999453		3502
444		4239		2004023		3521
445		4262		2008584		3545
446		4247		2013153		3529
447		4238		2017714		3503
448		4239		2022271		3497
449		4200		2026829		3506
450		4293		2031383		3507
451		4312		2035954		3479
452		4302		2040522		3513
453		4268		2045089		3527
454		4285		2049643		3491
455		4347		2054200		3521
456		4310		2058754		3493
457		4307		2063315		3525
458		4316		2067907		3516
459		4286		2072492		3527
460		4238		2077071		3521
461		4231		2081654		3533
462		4241		2086216		3491
463		4247		2090783		3501
464		4272		2095347		3487
465		4281		2099904		3504
466		4298		2104465		3526
467		4285		2109057		3518
468		4222		2113653		3540
469		4239		2118247		3517
470		4198		2122834		3499
471		4150		2127414		3441
472		4073		2131989		3548
473		4076		2136542		3541
474		4139		2141121		3535
475		4119		2145687		3528
476		4121		2150266		3543
477		4118		2154831		3516
478		4112		2159392		3511
479		4072		2163976		3523
480		4122		2168556		3522
481		4118		2173165		3521
482		4153		2177754		3501
483		4175		2182348		3532
484		4159		2186945		3530
485		4118		2191511		3524
486		4176		2196080		3526
487		4177		2200655		3528
488		4154		2205248		3530
489		4162		2209834		3532
490		4127		2214402		3491
491		4033		2218984		3517
492		4087		2223553		3522
493		4111		2228126		3559
494		4107		2232708		3524
495		4125		2237275		3510
496		4111		2241847		3489
497		4119		2246429		3510
498		4166		2251001		3516
499		4131		2255592		3502
500		4096		2260150		3480
501		4189		2264772		3489
502		4217		2269395		3526
503		4427		2274000		3525
504		4393		2278622		3514
505		4408		2283229		3451
506		4399		2287828		3503
507		4422		2292448		3475
508		4441		2297056		3498
509		4386		2301660		3497
510		4363		2306264		3526
511		4381		2310879		3514
512		4348		2315461		3479
513		4329		2320054		3484
514		4407		2324647		3519
515		4450		2329239		3491
516		4403		2333824		3506
517		4397		2338432		3469
518		4361		2343023		3486
519		4360		2347608		3523
520		4258		2352190		3518
521		4265		2356767		3523
522		4268		2361345		3497
523		4310		2365913		3492
524		4317		2370487		3472
525		4294		2375071		3504
526		4287		2379650		3503
527		4317		2384243		3500
528		4332		2388814		3511
529		4442		2393396		3513
530		4337		2397965		3494
531		4275		2402523		3472
532		4279		2407081		3489
533		4334		2411640		3497
534		4310		2416216		3495
535		4262		2420785		3499
536		4304		2425362		3472
537		4263		2429910		3463
538		4256		2434455		3494
539		4258		2439035		3464
540		4269		2443620		3528
541		4247		2448204		3550
542		4234		2452759		3539
543		4164		2457304		3540
544		4146		2461847		3515
545		4201		2466393		3552
546		4156		2470984		3500
547		4171		2475562		3553
548		4168		2480128		3507
549		4133		2484708		3530
550		4191		2489286		3528
551		4148		2493874		3525
552		4169		2498429		3525
553		4166		2503010		3561
554		4195		2507576		3503
555		4162		2512138		3523
556		4136		2516714		3509
557		4143		2521292		3502
558		4199		2525861		3498
559		4116		2530435		3507
560		4111		2535004		3512
561		4077		2539580		3488
562		4086		2544105		3530
563		4082		2548668		3506
564		4070		2553226		3465
565		4081		2557803		3501
566		4093		2562388		3512
567		4187		2566962		3479
568		4106		2571542		3509
569		4163		2576098		3505
570		4133		2580649		3490
571		4114		2585217		3506
572		4085		2589810		3546
573		4096		2594407		3501
574		4062		2598992		3503
575		4120		2603579		3512
576		4163		2608172		3500
577		4121		2612762		3503
578		4068		2617355		3494
579		4006		2621938		3532
580		4063		2626513		3505
581		4121		2631083		3493
582		4135		2635671		3531
583		4162		2640243		3540
584		4150		2644820		3499
585		4146		2649410		3484
586		4123		2653991		3522
587		4118		2658576		3501
588		4085		2663143		3498
589		4053		2667689		3525
590		4055		2672269		3486
591		4051		2676863		3511
592		3992		2681430		3495
593		4060		2686015		3534
594		4083		2690564		3521
595		4202		2695146		3483
596		4147		2699738		3501
597		4083		2704315		3524
598		4106		2708901		3524
599		4110		2713498		3502
600		4128		2718085		3468
601		4092		2722694		3490
602		4073		2727297		3504
603		4033		2731864		3506
604		4019		2736443		3507
605		3960		2741023		3494
606		3913		2745602		3536
607		3874		2750162		3521
608		3917		2754719		3526
609		3924		2759311		3534
610		3915		2763890		3494
611		3904		2768445		3525
612		3885		2773018		3510
613		3863		2777599		3507
614		3891		2782182		3507
615		3825		2786780		3532
616		3894		2791368		3509
617		3896		2795947		3509
618		3856		2800527		3523
619		3832		2805092		3516
620		3895		2809680		3538
621		3861		2814240		3531
622		3866		2818799		3501
623		3838		2823385		3530
624		3798		2827971		3523
625		3794		2832546		3503
626		3835		2837125		3514
627		3875		2841691		3481
628		3883		2846272		3526
629		3834		2850848		3465
630		3805		2855432		3486
631		3768		2860006		3480
632		3821		2864577		3499
633		3797		2869151		3486
634		3874		2873731		3491
635		3844		2878326		3490
636		3896		2882885		3474
637		3925		2887482		3547
638		3884		2892054		3499
639		3898		2896647		3486
640		3877		2901217		3520
641		3909		2905789		3530
642		3825		2910380		3516
643		3831		2914963		3523
644		3808		2919529		3525
645		3850		2924102		3504
646		3842		2928662		3508
647		3813		2933237		3527
648		3849		2937811		3517
649		3792		2942370		3509
650		3821		2946943		3503
651		3865		2951535		3474
652		3880		2956137		3527
653		3923		2960703		3510
654		3918		2965287		3518
655		3955		2969849		3492
656		3954		2974410		3492
657		3924		2979011		3493
658		3906		2983607		3512
659		3879		2988160		3485
660		3897		2992739		3515
661		3966		2997328		3511
662		3947		3001893		3479
663		3970		3006469		3509
664		3967		3011038		3504
665		3907		3015606		3515
666		3931		3020171		3484
667		3938		3024734		3535
668		3924		3029302		3505
669		3924		3033879		3531
670		3918		3038469		3538
671		3924		3043042		3554
672		3921		3047600		3520
673		3906		3052182		3480
674		3838		3056779		3493
675		3791		3061353		3526
676		3830		3065931		3496
677		3853		3070521		3496
678		3880		3075126		3514
679		3937		3079716		3499
680		3891		3084314		3539
681		3883		3088891		3502
682		3885		3093465		3497
683		3864		3098021		3489
684		3912		3102591		3488
685		3919		3107171		3519
686		3891		3111754		3496
687		3896		3116334		3515
688		3873		3120900		3483
689		3810		3125485		3535
690		3770		3130044		3512
691		3820		3134617		3505
692		3830		3139179		3498
693		3847		3143751		3499
694		3908		3148328		3503
695		3851		3152902		3507
696		3827		3157471		3476
697		3845		3162045		3508
698		3843		3166634		3498
699		3795		3171189		3484
700		3825		3175765		3506
701		3811		3180330		3533
702		3836		3184916		3483
703		3864		3189478		3511
704		3836		3194028		3490
705		3881		3198596		3521
706		3872		3203157		3502
707		3924		3207751		3517
708		3982		3212346		3557
709		3915		3216921		3534
710		3864		3221522		3518
711		3914		3226114		3544
712		3928		3230696		3479
713		3875		3235271		3482
714		3829		3239864		3512
715		3841		3244413		3506
716		3906		3249000		3479
717		3897		3253581		3498
718		3901		3258163		3533
719		3922		3262740		3507
720		3873		3267324		3499
721		3910		3271915		3502
722		3944		3276512		3500
723		3922		3281115		3536
724		3958		3285715		3531
725		3938		3290286		3507
726		3862		3294886		3491
727		3863		3299467		3512
728		3804		3304044		3537
729		3923		3308631		3515
730		3829		3313215		3488
731		3829		3317790		3509
732		3797		3322366		3492
733		3771		3326947		3515
734		3840		3331524		3543
735		3818		3336098		3515
736		3858		3340687		3489
737		3832		3345284		3539
738		3833		3349860		3509
739		3840		3354456		3502
740		3904		3359040		3515
741		3855		3363631		3510
742		3842		3368215		3531
743		3878		3372814		3531
744		3930		3377416		3546
745		3906		3382015		3528
746		3887		3386604		3538
747		3905		3391181		3486
748		3874		3395775		3532
749		3925		3400371		3513
750		3880		3404957		3546
751		3909		3409523		3535
752		3928		3414106		3512
753		3896		3418697		3538
754		3827		3423251		3516
755		3905		3427817		3503
756		3921		3432422		3527
757		3908		3437012		3492
758		3891		3441585		3496
759		3935		3446198		3545
760		3927		3450773		3517
761		3870		3455361		3505
762		3857		3459967		3499
763		3877		3464567		3496
764		3921		3469149		3513
765		3888		3473750		3509
766		3829		3478345		3536
767		3891		3482954		3511
768		3869		3487545		3535
769		3877		3492141		3508
770		3853		3496736		3512
771		3903		3501343		3515
772		3871		3505942		3508
773		3882		3510541		3516
774		3821		3515122		3492
775		3809		3519723		3524
776		3802		3524317		3521
777		3819		3528900		3540
778		3793		3533504		3526
779		3781		3538097		3500
780		3759		3542665		3544
781		3820		3547263		3545
782		3846		3551853		3512
783		3847		3556425		3512
784		3823		3561013		3525
785		3824		3565602		3535
786		3772		3570176		3487
787		3785		3574740		3536
788		3760		3579332		3532
789		3701		3583948		3525
790		3679		3588540		3498
791		3708		3593126		3505
792		3667		3597689		3501
793		3681		3602264		3523
794		3649		3606833		3515
795		3685		3611420		3475
796		3704		3616002		3527
797		3689		3620574		3524
798		3707		3625150		3501
799		3744		3629729		3527
800		3818		3634323		3504
801		3801		3638908		3519
802		3814		3643525		3525
803		3838		3648111		3514
804		3840		3652692		3534
805		3820		3657265		3500
806		3825		3661834		3519
807		3831		3666416		3508
808		3861		3671003		3517
809		3819		3675616		3508
810		3802		3680215		3513
811		3832		3684783		3509
812		3835		3689383		3528
813		3809		3693973		3546
814		3874		3698577		3531
815		3894		3703187		3540
816		3886		3707770		3486
817		3880		3712359		3498
818		3836		3716941		3502
819		3853		3721528		3541
820		3854		3726128		3497
821		3877		3730724		3517
822		3855		3735315		3560
823		3860		3739914		3510
824		3855		3744498		3510
825		3875		3749095		3509
826		3885		3753710		3495
827		3844		3758321		3509
828		3820		3762903		3529
829		3823		3767497		3522
830		3792		3772081		3528
831		3790		3776652		3530
832		3820		3781245		3489
833		3885		3785831		3494
834		3878		3790427		3515
835		3894		3795017		3525
836		3881		3799600		3534
837		3893		3804203		3514
838		3926		3808790		3514
839		3918		3813384		3505
840		3907		3817976		3504
841		3868		3822559		3528
842		3868		3827147		3504
843		3853		3831741		3528
844		3876		3836328		3526
845		3844		3840927		3488
846		3871		3845515		3504
847		3828		3850105		3519
848		3888		3854703		3493
849		3881		3859278		3509
850		3888		3863885		3471
851		3888		3868494		3495
852		3863		3873086		3521
853		3880		3877666		3513
854		3871		3882251		3516
855		3915		3886829		3495
856		3879		3891430		3512
857		3898		3896029		3528
858		3877		3900621		3521
859		3858		3905193		3543
860		3909		3909785		3543
861		3930		3914379		3538
862		3883		3918970		3545
863		3864		3923545		3508
864		3850		3928136		3514
865		3884		3932692		3494
866		3884		3937262		3520
867		3900		3941876		3524
868		3916		3946462		3548
869		3869		3951042		3513
870		3886		3955638		3507
871		3923		3960236		3506
872		3884		3964841		3526
873		3825		3969438		3509
874		3849		3974030		3526
875		3835		3978606		3530
876		3814		3983197		3526
877		3843		3987771		3537
878		3861		3992369		3532
879		3837		3996938		3540
880		3795		4001527		3555
881		3820		4006096		3538
882		3868		4010671		3530
883		3895		4015258		3525
884		3902		4019853		3517
885		3852		4024461		3533
886		3825		4029035		3491
887		3780		4033613		3558
888		3806		4038189		3506
889		3798		4042774		3533
890		3870		4047378		3547
891		3875		4051978		3545
892		3810		4056584		3490
893		3773		4061178		3534
894		3817		4065782		3523
895		3814		4070392		3481
896		3802		4074997		3512
897		3821		4079580		3501
898		3747		4084154		3515
899		3737		4088758		3532
900		3734		4093347		3531
901		3761		4097941		3516
902		3750		4102530		3524
903		3720		4107118		3523
904		3771		4111702		3501
905		3776		4116298		3511
906		3756		4120893		3519
907		3759		4125473		3542
908		3742		4130053		3542
909		3704		4134644		3514
910		3744		4139256		3532
911		3787		4143859		3532
912		3746		4148437		3540
913		3711		4153023		3541
914		3705		4157633		3521
915		3699		4162207		3534
916		3735		4166784		3522
917		3733		4171366		3512
918		3698		4175947		3520
919		3740		4180541		3537
920		3696		4185144		3525
921		3775		4189726		3533
922		3734		4194308		3512
923		3737		4198892		3540
924		3707		4203475		3515
925		3695		4208072		3459
926		3642		4212657		3518
927		3674		4217234		3501
928		3714		4221841		3490
929		3685		4226428		3476
930		3705		4231028		3508
931		3735		4235630		3499
932		3716		4240230		3505
933		3684		4244831		3528
934		3696		4249412		3552
935		3647		4254007		3531
936		3636		4258605		3508
937		3601		4263187		3508
938		3631		4267791		3530
939		3582		4272379		3510
940		3602		4276968		3484
941		3578		4281552		3526
942		3558		4286131		3541
943		3578		4290717		3532
944		3618		4295327		3562
945		3646		4299923		3505
946		3593		4304530		3502
947		3624		4309144		3501
948		3635		4313742		3512
949		3667		4318344		3509
950		3656		4322943		3477
951		3611		4327562		3491
952		3581		4332147		3499
953		3579		4336732		3493
954		3626		4341340		3517
955		3596		4345936		3514
956		3612		4350544		3533
957		3597		4355154		3503
958		3560		4359734		3489
959		3580		4364307		3515
960		3553		4368925		3537
961		3497		4373507		3542
962		3506		4378086		3510
963		3556		4382692		3529
964		3571		4387293		3527
965		3546		4391896		3510
966		3539		4396478		3542
967		3563		4401073		3497
968		3480		4405652		3519
969		3533		4410248		3547
970		3556		4414810		3503
971		3554		4419416		3520
972		3646		4424022		3550
973		3571		4428623		3475
974		3594		4433211		3474
975		3551		4437781		3496
976		3519		4442373		3503
977		3570		4446960		3498
978		3551		4451569		3501
979		3654		4456157		3536
980		3614		4460773		3521
981		3643		4465371		3539
982		3675		4469976		3511
983		3625		4474558		3518
984		3655		4479165		3473
985		3725		4483775		3531
986		3727		4488385		3508
987		3768		4493008		3514
988		3738		4497634		3504
989		3785		4502240		3525
990		3764		4506852		3515
991		3684		4511455		3523
992		3683		4516064		3521
993		3642		4520657		3524
994		3683		4525258		3507
995		3587		4529854		3526
996		3625		4534449		3503
997		3671		4539066		3519
998		3671		4543661		3473
999		3646		4548255		3491
