# Migration is number of nodes that have changed color.

Round		Edge-Cut		Swaps		Migrations		Skipped
0		10069		4647		3200
1		9955		9267		3266
2		9805		13882		3349
3		9703		18476		3412
4		9592		23071		3485
5		9625		27624		3468
6		9627		32207		3480
7		9478		36799		3515
8		9565		41364		3510
9		9495		45943		3487
10		9504		50521		3498
11		9491		55080		3507
12		9437		59645		3496
13		9394		64198		3474
14		9475		68745		3499
15		9405		73305		3458
16		9460		77870		3456
17		9333		82425		3448
18		9300		86970		3455
19		9206		91496		3455
20		9191		96020		3463
21		9181		100540		3476
22		9178		105089		3450
23		9225		109639		3488
24		9271		114191		3488
25		9217		118734		3501
26		9104		123260		3522
27		9085		127800		3561
28		8968		132304		3549
29		8958		136818		3531
30		8898		141325		3526
31		8837		145801		3516
32		8898		150283		3560
33		8898		154791		3476
34		8949		159283		3492
35		8850		163782		3525
36		8702		168274		3539
37		8814		172752		3499
38		8855		177226		3569
39		8810		181712		3525
40		8725		186234		3540
41		8627		190707		3465
42		8645		195165		3473
43		8591		199651		3488
44		8650		204112		3531
45		8685		208587		3455
46		8599		213068		3504
47		8678		217542		3488
48		8656		222032		3520
49		8638		226503		3522
50		8593		230975		3514
51		8591		235418		3553
52		8573		239900		3527
53		8618		244356		3545
54		8561		248798		3491
55		8522		253254		3535
56		8574		257725		3534
57		8466		262175		3575
58		8431		266608		3525
59		8449		271036		3536
60		8395		275484		3557
61		8339		279918		3617
62		8355		284346		3562
63		8306		288750		3527
64		8167		293170		3565
65		8152		297623		3552
66		8174		302062		3553
67		8197		306472		3550
68		8081		310886		3596
69		8095		315313		3556
70		8038		319752		3564
71		7960		324170		3590
72		7927		328572		3527
73		7900		332963		3542
74		7854		337388		3533
75		7811		341798		3553
76		7822		346224		3517
77		7738		350636		3582
78		7790		355051		3553
79		7765		359462		3534
80		7748		363858		3514
81		7771		368274		3499
82		7736		372703		3529
83		7767		377122		3551
84		7702		381560		3527
85		7641		386020		3540
86		7547		390468		3561
87		7606		394900		3500
88		7590		399325		3500
89		7593		403743		3526
90		7712		408138		3494
91		7722		412620		3486
92		7569		417064		3520
93		7550		421505		3501
94		7544		425936		3480
95		7534		430373		3462
96		7552		434816		3502
97		7437		439220		3511
98		7563		443617		3481
99		7634		448047		3507
100		7643		452507		3513
101		7554		456957		3542
102		7511		461375		3532
103		7454		465850		3571
104		7461		470286		3524
105		7463		474699		3517
106		7385		479165		3499
107		7369		483595		3502
108		7262		488025		3552
109		7260		492446		3524
110		7192		496888		3517
111		7138		501270		3525
112		7136		505650		3538
113		7152		510103		3591
114		7183		514530		3577
115		7137		518954		3609
116		7154		523395		3543
117		7059		527862		3573
118		6979		532287		3612
119		6962		536712		3540
120		6953		541141		3507
121		7020		545565		3538
122		6983		550005		3504
123		7011		554447		3593
124		6955		558879		3558
125		6995		563312		3558
126		7013		567759		3539
127		6884		572195		3538
128		6865		576639		3536
129		6885		581049		3532
130		6856		585499		3559
131		6837		589953		3540
132		6907		594398		3530
133		6896		598838		3536
134		6907		603289		3532
135		6963		607735		3539
136		6855		612178		3518
137		6840		616625		3554
138		6798		621063		3541
139		6754		625517		3558
140		6734		629967		3567
141		6732		634436		3527
142		6735		638888		3560
143		6631		643351		3540
144		6634		647823		3532
145		6561		652270		3547
146		6523		656713		3582
147		6564		661132		3542
148		6603		665565		3515
149		6608		670015		3556
150		6643		674499		3531
151		6528		678940		3521
152		6459		683412		3545
153		6479		687832		3476
154		6431		692280		3527
155		6424		696710		3530
156		6330		701168		3580
157		6393		705645		3524
158		6359		710108		3534
159		6285		714551		3498
160		6200		718981		3496
161		6122		723405		3513
162		6168		727834		3544
163		6219		732260		3528
164		6291		736712		3547
165		6293		741168		3582
166		6308		745647		3506
167		6228		750106		3511
168		6239		754561		3529
169		6260		759007		3554
170		6176		763456		3553
171		6130		767938		3554
172		6124		772407		3585
173		6084		776847		3551
174		6058		781336		3573
175		5976		785811		3554
176		6068		790272		3522
177		6039		794735		3536
178		5932		799186		3568
179		5938		803633		3538
180		5894		808097		3576
181		5898		812571		3553
182		5872		817036		3549
183		5879		821506		3543
184		5928		826018		3567
185		5966		830504		3502
186		5903		834959		3540
187		5850		839440		3533
188		5867		843887		3527
189		5885		848367		3571
190		5895		852842		3526
191		5886		857323		3534
192		5806		861800		3543
193		5871		866296		3534
194		5860		870786		3538
195		5909		875256		3546
196		5865		879748		3549
197		5956		884242		3561
198		5933		888729		3543
199		5898		893225		3503
200		5899		897704		3551
201		5932		902208		3552
202		5951		906704		3535
203		5958		911202		3530
204		5829		915687		3517
205		5840		920178		3546
206		5873		924691		3503
207		5796		929193		3568
208		5791		933704		3543
209		5740		938203		3558
210		5710		942683		3558
211		5725		947158		3551
212		5697		951643		3546
213		5696		956129		3561
214		5756		960611		3526
215		5728		965058		3522
216		5708		969542		3540
217		5692		974024		3527
218		5651		978496		3526
219		5780		982956		3565
220		5711		987493		3530
221		5733		991978		3523
222		5718		996486		3538
223		5734		1000990		3584
224		5711		1005477		3569
225		5782		1009958		3482
226		5765		1014446		3528
227		5728		1018920		3537
228		5750		1023399		3545
229		5776		1027892		3519
230		5809		1032394		3588
231		5713		1036903		3547
232		5706		1041366		3506
233		5757		1045862		3562
234		5779		1050365		3564
235		5703		1054889		3549
236		5628		1059392		3561
237		5625		1063905		3612
238		5631		1068424		3526
239		5641		1072907		3553
240		5622		1077427		3561
241		5627		1081939		3547
242		5601		1086428		3525
243		5583		1090927		3579
244		5538		1095410		3557
245		5507		1099899		3544
246		5481		1104366		3576
247		5464		1108878		3554
248		5449		1113387		3590
249		5440		1117900		3558
250		5477		1122406		3544
251		5454		1126894		3544
252		5371		1131409		3532
253		5362		1135903		3563
254		5378		1140402		3540
255		5387		1144895		3538
256		5445		1149396		3554
257		5384		1153890		3557
258		5380		1158380		3545
259		5458		1162869		3563
260		5381		1167387		3535
261		5374		1171906		3551
262		5336		1176406		3533
263		5279		1180925		3561
264		5317		1185446		3544
265		5315		1189960		3541
266		5336		1194473		3506
267		5349		1199004		3506
268		5341		1203508		3544
269		5262		1207998		3509
270		5327		1212512		3510
271		5229		1217002		3505
272		5232		1221483		3562
273		5286		1225949		3532
274		5309		1230453		3519
275		5319		1234969		3548
276		5255		1239495		3532
277		5235		1244003		3510
278		5243		1248497		3531
279		5254		1253001		3549
280		5155		1257494		3531
281		5121		1261975		3543
282		5141		1266485		3543
283		5114		1271010		3503
284		5091		1275509		3523
285		5131		1280034		3510
286		5105		1284573		3567
287		5078		1289101		3537
288		5041		1293637		3562
289		5106		1298162		3527
290		5102		1302672		3549
291		5025		1307193		3501
292		4998		1311730		3545
293		5028		1316272		3554
294		5030		1320788		3546
295		5001		1325324		3537
296		5065		1329844		3508
297		5073		1334343		3543
298		5020		1338860		3564
299		4948		1343387		3586
300		5055		1347894		3543
301		5017		1352422		3550
302		5012		1356962		3547
303		4981		1361464		3543
304		5017		1366007		3571
305		5008		1370518		3568
306		4961		1375039		3564
307		4911		1379553		3534
308		4867		1384082		3572
309		4878		1388618		3551
310		4894		1393147		3533
311		4848		1397700		3513
312		4905		1402250		3537
313		4834		1406768		3522
314		4843		1411304		3545
315		4856		1415854		3550
316		4868		1420361		3544
317		4824		1424925		3562
318		4742		1429457		3543
319		4755		1433992		3554
320		4789		1438522		3529
321		4804		1443076		3532
322		4803		1447631		3557
323		4830		1452159		3495
324		4817		1456689		3550
325		4816		1461207		3569
326		4823		1465745		3536
327		4796		1470294		3556
328		4779		1474821		3574
329		4736		1479353		3558
330		4816		1483880		3545
331		4831		1488418		3524
332		4781		1492910		3515
333		4842		1497430		3522
334		4828		1501961		3562
335		4824		1506497		3525
336		4876		1511042		3578
337		4797		1515561		3559
338		4804		1520090		3540
339		4840		1524620		3546
340		4763		1529144		3545
341		4777		1533686		3508
342		4779		1538191		3554
343		4763		1542727		3524
344		4776		1547258		3573
345		4800		1551788		3525
346		4770		1556330		3541
347		4766		1560864		3517
348		4747		1565393		3573
349		4730		1569932		3548
350		4709		1574461		3538
351		4754		1579006		3504
352		4686		1583544		3532
353		4655		1588041		3544
354		4693		1592544		3559
355		4677		1597098		3549
356		4682		1601614		3543
357		4734		1606129		3550
358		4690		1610672		3489
359		4726		1615172		3558
360		4708		1619679		3519
361		4748		1624217		3537
362		4722		1628737		3570
363		4693		1633266		3556
364		4705		1637811		3540
365		4684		1642334		3522
366		4624		1646865		3547
367		4708		1651390		3514
368		4733		1655926		3532
369		4772		1660473		3519
370		4802		1665009		3551
371		4734		1669541		3534
372		4743		1674089		3533
373		4699		1678608		3596
374		4714		1683145		3530
375		4694		1687671		3533
376		4745		1692204		3518
377		4723		1696757		3527
378		4735		1701281		3536
379		4745		1705808		3514
380		4744		1710380		3489
381		4743		1714885		3497
382		4750		1719415		3535
383		4696		1723939		3521
384		4710		1728465		3518
385		4704		1732983		3499
386		4654		1737531		3530
387		4653		1742046		3541
388		4757		1746579		3531
389		4735		1751123		3509
390		4768		1755666		3548
391		4793		1760189		3564
392		4763		1764740		3555
393		4762		1769283		3520
394		4791		1773830		3550
395		4736		1778376		3518
396		4710		1782911		3540
397		4792		1787471		3536
398		4723		1792021		3547
399		4770		1796566		3540
400		4706		1801104		3542
401		4741		1805615		3547
402		4695		1810150		3567
403		4723		1814670		3552
404		4696		1819208		3574
405		4718		1823749		3567
406		4667		1828256		3560
407		4673		1832782		3564
408		4701		1837322		3541
409		4694		1841847		3550
410		4673		1846365		3519
411		4747		1850894		3526
412		4733		1855418		3541
413		4692		1859955		3531
414		4706		1864476		3514
415		4721		1869026		3500
416		4743		1873568		3560
417		4732		1878083		3556
418		4761		1882634		3539
419		4837		1887174		3509
420		4753		1891716		3535
421		4719		1896258		3525
422		4696		1900828		3578
423		4665		1905380		3584
424		4608		1909911		3579
425		4629		1914435		3574
426		4660		1918976		3533
427		4667		1923502		3537
428		4687		1928049		3521
429		4662		1932605		3545
430		4619		1937149		3539
431		4662		1941697		3545
432		4708		1946248		3566
433		4666		1950794		3530
434		4621		1955351		3539
435		4720		1959911		3537
436		4688		1964447		3528
437		4696		1968980		3493
438		4712		1973523		3529
439		4612		1978077		3526
440		4624		1982610		3549
441		4634		1987133		3520
442		4754		1991645		3540
443		4749		1996180		3543
444		4775		2000714		3563
445		4847		2005257		3545
446		4807		2009797		3514
447		4788		2014326		3488
448		4841		2018873		3514
449		4844		2023425		3549
450		4795		2027952		3529
451		4800		2032501		3521
452		4801		2037035		3567
453		4790		2041569		3539
454		4823		2046105		3550
455		4800		2050646		3535
456		4765		2055176		3502
457		4724		2059719		3560
458		4732		2064257		3517
459		4718		2068802		3522
460		4658		2073348		3556
461		4682		2077870		3545
462		4705		2082419		3524
463		4674		2086956		3520
464		4712		2091493		3525
465		4736		2096047		3541
466		4736		2100597		3532
467		4634		2105146		3520
468		4674		2109698		3536
469		4624		2114235		3514
470		4615		2118779		3524
471		4564		2123310		3529
472		4579		2127856		3562
473		4619		2132393		3511
474		4547		2136924		3513
475		4573		2141467		3534
476		4515		2146029		3549
477		4556		2150554		3507
478		4609		2155117		3529
479		4591		2159677		3559
480		4571		2164220		3562
481		4609		2168776		3528
482		4608		2173361		3504
483		4623		2177914		3547
484		4614		2182449		3499
485		4552		2187008		3533
486		4616		2191572		3507
487		4574		2196109		3513
488		4565		2200675		3530
489		4579		2205221		3562
490		4556		2209767		3512
491		4591		2214302		3534
492		4572		2218858		3545
493		4637		2223415		3532
494		4606		2227976		3505
495		4573		2232547		3502
496		4607		2237101		3509
497		4595		2241643		3525
498		4594		2246214		3569
499		4646		2250778		3562
500		4668		2255330		3520
501		4733		2259947		3536
502		4786		2264552		3537
503		4879		2269143		3523
504		4925		2273760		3514
505		4963		2278356		3520
506		4914		2282957		3527
507		4942		2287565		3520
508		5005		2292168		3539
509		5038		2296765		3519
510		4927		2301367		3493
511		4935		2305965		3539
512		4939		2310556		3545
513		4956		2315136		3501
514		5023		2319718		3500
515		5095		2324292		3511
516		5135		2328896		3496
517		5215		2333488		3518
518		5190		2338075		3514
519		5213		2342664		3533
520		5314		2347244		3507
521		5269		2351833		3517
522		5317		2356419		3498
523		5341		2361010		3524
524		5309		2365581		3507
525		5242		2370159		3535
526		5233		2374703		3512
527		5344		2379268		3488
528		5308		2383857		3538
529		5309		2388447		3503
530		5336		2393038		3510
531		5390		2397628		3544
532		5383		2402231		3501
533		5335		2406811		3531
534		5372		2411386		3571
535		5453		2415956		3523
536		5428		2420525		3529
537		5440		2425099		3530
538		5420		2429673		3562
539		5368		2434221		3529
540		5426		2438789		3520
541		5433		2443376		3499
542		5420		2447907		3548
543		5430		2452445		3535
544		5466		2457019		3539
545		5395		2461612		3538
546		5393		2466174		3509
547		5385		2470745		3525
548		5345		2475305		3511
549		5340		2479873		3496
550		5426		2484434		3547
551		5326		2488983		3527
552		5341		2493541		3507
553		5329		2498097		3493
554		5362		2502675		3506
555		5247		2507227		3551
556		5178		2511779		3519
557		5269		2516327		3542
558		5154		2520872		3492
559		5157		2525416		3525
560		5199		2529945		3512
561		5140		2534501		3549
562		5205		2539064		3542
563		5179		2543617		3529
564		5221		2548152		3517
565		5208		2552718		3535
566		5177		2557251		3549
567		5141		2561800		3513
568		5163		2566360		3538
569		5126		2570906		3528
570		5195		2575444		3545
571		5185		2579999		3528
572		5116		2584553		3546
573		5053		2589096		3509
574		5119		2593655		3524
575		5063		2598175		3526
576		5109		2602711		3532
577		5077		2607267		3551
578		5084		2611813		3543
579		5125		2616375		3526
580		5156		2620936		3506
581		5221		2625518		3504
582		5153		2630094		3534
583		5078		2634663		3549
584		5068		2639209		3523
585		5076		2643746		3537
586		5032		2648281		3497
587		4992		2652809		3537
588		4989		2657322		3539
589		4997		2661856		3539
590		5019		2666388		3565
591		5032		2670930		3538
592		4925		2675432		3569
593		4917		2679936		3558
594		4907		2684477		3535
595		4905		2688992		3509
596		4879		2693504		3543
597		4893		2698032		3546
598		4877		2702567		3524
599		4840		2707080		3570
600		4863		2711651		3554
601		4899		2716197		3521
602		4857		2720747		3539
603		4804		2725274		3507
604		4781		2729811		3542
605		4802		2734351		3520
606		4764		2738910		3548
607		4743		2743466		3505
608		4776		2748002		3529
609		4846		2752511		3512
610		4703		2757049		3523
611		4730		2761593		3505
612		4668		2766124		3514
613		4630		2770669		3491
614		4585		2775197		3527
615		4606		2779745		3528
616		4552		2784271		3503
617		4521		2788812		3495
618		4564		2793350		3524
619		4586		2797900		3550
620		4561		2802421		3523
621		4611		2806924		3495
622		4588		2811468		3549
623		4617		2816028		3551
624		4588		2820592		3544
625		4604		2825128		3561
626		4588		2829681		3544
627		4624		2834220		3532
628		4581		2838784		3530
629		4523		2843346		3508
630		4679		2847908		3511
631		4616		2852457		3504
632		4640		2857013		3543
633		4657		2861584		3511
634		4593		2866150		3504
635		4509		2870719		3536
636		4599		2875259		3526
637		4523		2879826		3545
638		4585		2884361		3509
639		4581		2888942		3537
640		4620		2893492		3528
641		4690		2898055		3539
642		4669		2902636		3547
643		4637		2907165		3548
644		4584		2911733		3546
645		4538		2916306		3509
646		4507		2920864		3509
647		4504		2925387		3521
648		4561		2929929		3530
649		4527		2934481		3536
650		4617		2939017		3551
651		4612		2943589		3540
652		4618		2948158		3560
653		4566		2952709		3555
654		4572		2957263		3578
655		4585		2961801		3565
656		4576		2966347		3550
657		4542		2970888		3521
658		4548		2975446		3539
659		4506		2979985		3503
660		4570		2984533		3544
661		4487		2989073		3493
662		4506		2993592		3533
663		4484		2998117		3553
664		4542		3002645		3554
665		4466		3007183		3561
666		4454		3011723		3539
667		4395		3016254		3560
668		4473		3020784		3535
669		4439		3025325		3527
670		4482		3029881		3545
671		4427		3034446		3543
672		4410		3038988		3546
673		4430		3043522		3522
674		4378		3048067		3555
675		4387		3052612		3539
676		4395		3057171		3548
677		4459		3061714		3516
678		4395		3066269		3523
679		4441		3070807		3529
680		4436		3075368		3536
681		4341		3079911		3520
682		4439		3084478		3515
683		4377		3089042		3513
684		4401		3093587		3533
685		4411		3098124		3522
686		4435		3102683		3557
687		4392		3107233		3541
688		4461		3111782		3556
689		4469		3116360		3528
690		4383		3120921		3516
691		4429		3125491		3530
692		4387		3130055		3528
693		4385		3134622		3551
694		4417		3139174		3506
695		4486		3143742		3530
696		4464		3148273		3567
697		4571		3152828		3539
698		4534		3157394		3538
699		4566		3161979		3546
700		4577		3166550		3511
701		4419		3171117		3545
702		4431		3175659		3595
703		4523		3180215		3550
704		4427		3184784		3553
705		4432		3189355		3549
706		4397		3193935		3532
707		4392		3198506		3587
708		4396		3203063		3563
709		4363		3207635		3537
710		4416		3212191		3553
711		4426		3216764		3562
712		4388		3221333		3575
713		4342		3225884		3566
714		4389		3230467		3539
715		4351		3235042		3523
716		4391		3239614		3493
717		4344		3244170		3522
718		4344		3248721		3521
719		4420		3253270		3523
720		4401		3257826		3513
721		4327		3262399		3521
722		4352		3266961		3523
723		4400		3271522		3538
724		4439		3276083		3513
725		4410		3280648		3540
726		4418		3285214		3531
727		4356		3289777		3533
728		4386		3294338		3523
729		4347		3298899		3533
730		4334		3303428		3557
731		4333		3307968		3503
732		4369		3312494		3517
733		4386		3317040		3528
734		4322		3321589		3528
735		4349		3326150		3536
736		4273		3330712		3544
737		4234		3335249		3542
738		4257		3339787		3514
739		4302		3344344		3515
740		4282		3348908		3548
741		4290		3353463		3532
742		4202		3358032		3552
743		4152		3362586		3496
744		4138		3367142		3545
745		4028		3371683		3500
746		4044		3376226		3498
747		4072		3380775		3502
748		4110		3385343		3522
749		4031		3389886		3493
750		4066		3394426		3517
751		4008		3398984		3517
752		4034		3403541		3508
753		4019		3408086		3493
754		4059		3412641		3515
755		4080		3417205		3528
756		4081		3421754		3502
757		4102		3426312		3505
758		4162		3430886		3508
759		4143		3435441		3542
760		4158		3440000		3538
761		4068		3444567		3530
762		4095		3449125		3523
763		4088		3453695		3549
764		4073		3458248		3553
765		4029		3462792		3571
766		4062		3467316		3558
767		4077		3471874		3541
768		4039		3476424		3527
769		4064		3480975		3519
770		4054		3485522		3509
771		4117		3490071		3504
772		4063		3494636		3533
773		4133		3499207		3519
774		4150		3503778		3524
775		4148		3508349		3536
776		4145		3512916		3535
777		4107		3517465		3499
778		4091		3522017		3515
779		4115		3526565		3518
780		4199		3531134		3528
781		4151		3535699		3526
782		4072		3540264		3537
783		4051		3544823		3537
784		3961		3549380		3534
785		3992		3553916		3537
786		3965		3558467		3508
787		3949		3563004		3517
788		3945		3567554		3533
789		3987		3572120		3510
790		4004		3576674		3545
791		3962		3581244		3485
792		3962		3585796		3556
793		4015		3590369		3517
794		4043		3594949		3541
795		4059		3599521		3536
796		4010		3604078		3520
797		3995		3608650		3530
798		4019		3613217		3522
799		4023		3617758		3511
800		4064		3622340		3511
801		4053		3626909		3506
802		4056		3631474		3491
803		4048		3636063		3530
804		4065		3640635		3514
805		4037		3645201		3523
806		4048		3649745		3532
807		4025		3654306		3563
808		3996		3658877		3569
809		3927		3663449		3546
810		3945		3668017		3523
811		3935		3672561		3530
812		3908		3677111		3526
813		3921		3681648		3553
814		3905		3686209		3566
815		3876		3690794		3539
816		3956		3695355		3538
817		3962		3699924		3544
818		4057		3704499		3541
819		4034		3709060		3559
820		4056		3713640		3569
821		4031		3718207		3551
822		4052		3722801		3537
823		4001		3727372		3512
824		4037		3731939		3497
825		4002		3736503		3541
826		4016		3741059		3534
827		4073		3745625		3493
828		4098		3750212		3518
829		4058		3754798		3530
830		4022		3759351		3572
831		4030		3763928		3530
832		3985		3768494		3535
833		4023		3773044		3514
834		4104		3777611		3520
835		4061		3782185		3499
836		4025		3786740		3521
837		4019		3791332		3534
838		4018		3795922		3531
839		3929		3800478		3551
840		3924		3805048		3565
841		3917		3809628		3533
842		3894		3814194		3561
843		3952		3818767		3550
844		4036		3823349		3522
845		4031		3827913		3516
846		3963		3832492		3541
847		4006		3837062		3528
848		4053		3841641		3570
849		4013		3846223		3477
850		4016		3850793		3528
851		3968		3855361		3554
852		3961		3859923		3530
853		3975		3864489		3511
854		3937		3869074		3553
855		3916		3873644		3534
856		3909		3878242		3540
857		3899		3882822		3532
858		3922		3887375		3546
859		3910		3891961		3542
860		3986		3896539		3532
861		4034		3901118		3544
862		4026		3905711		3537
863		3993		3910280		3535
864		3970		3914861		3547
865		3932		3919417		3542
866		3916		3923992		3545
867		3928		3928549		3558
868		3913		3933102		3569
869		3910		3937673		3517
870		3883		3942247		3562
871		3928		3946812		3546
872		3899		3951395		3547
873		3817		3955948		3496
874		3839		3960529		3534
875		3852		3965096		3531
876		3838		3969676		3503
877		3782		3974238		3533
878		3800		3978812		3512
879		3775		3983373		3532
880		3795		3987947		3545
881		3775		3992522		3536
882		3744		3997078		3510
883		3768		4001646		3529
884		3743		4006185		3513
885		3768		4010734		3544
886		3698		4015300		3530
887		3687		4019854		3542
888		3711		4024401		3527
889		3774		4028980		3516
890		3759		4033572		3528
891		3701		4038129		3537
892		3678		4042691		3554
893		3627		4047257		3530
894		3629		4051829		3506
895		3609		4056398		3545
896		3550		4060966		3520
897		3634		4065528		3532
898		3638		4070106		3521
899		3557		4074670		3534
900		3570		4079238		3511
901		3641		4083817		3534
902		3670		4088394		3535
903		3689		4092945		3542
904		3747		4097517		3537
905		3789		4102084		3502
906		3789		4106680		3543
907		3797		4111229		3529
908		3798		4115785		3515
909		3765		4120356		3538
910		3747		4124946		3558
911		3755		4129504		3551
912		3688		4134044		3503
913		3687		4138608		3531
914		3649		4143181		3510
915		3637		4147753		3501
916		3642		4152338		3532
917		3621		4156927		3528
918		3659		4161483		3532
919		3654		4166042		3527
920		3604		4170623		3484
921		3631		4175179		3534
922		3654		4179743		3516
923		3679		4184314		3525
924		3638		4188890		3525
925		3596		4193439		3534
926		3592		4197982		3527
927		3589		4202539		3540
928		3630		4207097		3538
929		3631		4211667		3518
930		3695		4216231		3527
931		3680		4220798		3546
932		3669		4225344		3508
933		3740		4229921		3520
934		3714		4234490		3529
935		3714		4239088		3515
936		3693		4243670		3525
937		3648		4248247		3513
938		3709		4252825		3506
939		3698		4257411		3511
940		3687		4261967		3532
941		3671		4266537		3505
942		3650		4271125		3517
943		3659		4275695		3564
944		3635		4280272		3537
945		3648		4284847		3546
946		3619		4289417		3533
947		3600		4293988		3535
948		3627		4298571		3529
949		3630		4303144		3538
950		3613		4307724		3538
951		3609		4312304		3513
952		3640		4316893		3516
953		3651		4321471		3529
954		3607		4326049		3515
955		3639		4330636		3536
956		3602		4335212		3586
957		3683		4339794		3523
958		3644		4344365		3538
959		3630		4348942		3505
960		3607		4353511		3537
961		3640		4358070		3513
962		3671		4362644		3546
963		3679		4367241		3507
964		3662		4371818		3532
965		3688		4376401		3573
966		3744		4380991		3556
967		3718		4385558		3524
968		3642		4390132		3528
969		3698		4394729		3571
970		3657		4399319		3532
971		3659		4403874		3521
972		3651		4408456		3524
973		3717		4413050		3557
974		3754		4417637		3543
975		3752		4422215		3501
976		3770		4426801		3542
977		3773		4431382		3551
978		3684		4435952		3522
979		3705		4440532		3526
980		3639		4445098		3521
981		3641		4449697		3551
982		3664		4454270		3546
983		3699		4458809		3540
984		3722		4463396		3540
985		3773		4467997		3544
986		3756		4472587		3507
987		3789		4477151		3533
988		3747		4481739		3563
989		3731		4486308		3542
990		3708		4490865		3535
991		3711		4495456		3513
992		3680		4500035		3538
993		3656		4504608		3531
994		3658		4509171		3542
995		3634		4513744		3506
996		3685		4518329		3519
997		3640		4522925		3536
998		3617		4527509		3542
999		3626		4532088		3559
