# Migration is number of nodes that have changed color.

Round		Edge-Cut		Swaps		Migrations		Skipped
0		10110		4622		3216
1		9931		9233		3257
2		9807		13824		3374
3		9757		18416		3404
4		9757		23004		3436
5		9617		27601		3449
6		9554		32153		3489
7		9540		36728		3464
8		9415		41275		3516
9		9449		45797		3492
10		9435		50344		3537
11		9356		54893		3557
12		9339		59432		3505
13		9363		63948		3481
14		9276		68445		3527
15		9161		72953		3472
16		9198		77443		3506
17		9038		81919		3493
18		9010		86428		3433
19		9076		90928		3511
20		8985		95408		3532
21		8989		99869		3528
22		8996		104363		3540
23		8926		108801		3521
24		8966		113299		3506
25		8778		117768		3530
26		8826		122180		3506
27		8791		126618		3537
28		8718		131084		3521
29		8604		135520		3464
30		8613		139982		3516
31		8529		144412		3535
32		8447		148834		3545
33		8462		153274		3521
34		8510		157701		3483
35		8436		162154		3537
36		8421		166600		3543
37		8368		171025		3495
38		8326		175424		3515
39		8216		179856		3479
40		8252		184261		3526
41		8257		188693		3505
42		8279		193111		3549
43		8184		197514		3523
44		8145		201928		3520
45		8115		206338		3500
46		8068		210767		3528
47		7993		215177		3558
48		8081		219607		3558
49		7978		224020		3481
50		7961		228408		3515
51		7994		232816		3544
52		7906		237214		3522
53		7905		241610		3511
54		7923		246020		3502
55		7876		250426		3536
56		7872		254801		3529
57		7837		259184		3587
58		7832		263587		3552
59		7765		268009		3517
60		7683		272401		3540
61		7713		276846		3536
62		7705		281270		3521
63		7703		285693		3524
64		7632		290082		3482
65		7660		294485		3444
66		7648		298918		3458
67		7600		303345		3469
68		7628		307760		3534
69		7542		312202		3538
70		7514		316624		3474
71		7485		321052		3523
72		7558		325444		3532
73		7549		329870		3496
74		7562		334265		3536
75		7560		338699		3524
76		7538		343138		3522
77		7403		347552		3551
78		7408		351972		3543
79		7463		356367		3529
80		7461		360786		3523
81		7419		365216		3506
82		7356		369640		3542
83		7326		374078		3517
84		7355		378507		3488
85		7333		382969		3522
86		7327		387405		3517
87		7260		391848		3554
88		7324		396302		3523
89		7254		400736		3528
90		7202		405153		3493
91		7188		409586		3503
92		7120		414027		3480
93		7145		418481		3486
94		7124		422937		3490
95		7156		427405		3489
96		7105		431860		3478
97		7073		436277		3509
98		7009		440724		3500
99		6846		445153		3475
100		6806		449575		3479
101		6802		454020		3488
102		6774		458447		3510
103		6842		462873		3525
104		6846		467314		3501
105		6841		471748		3481
106		6910		476187		3502
107		6844		480636		3474
108		6837		485069		3498
109		6780		489519		3540
110		6754		493957		3551
111		6684		498411		3540
112		6689		502866		3528
113		6775		507304		3503
114		6760		511760		3506
115		6689		516230		3503
116		6705		520656		3544
117		6789		525077		3489
118		6873		529531		3487
119		6915		533979		3507
120		6910		538422		3533
121		6867		542871		3500
122		6810		547351		3536
123		6803		551795		3519
124		6723		556265		3577
125		6771		560724		3538
126		6709		565188		3507
127		6757		569613		3487
128		6627		574069		3544
129		6717		578529		3498
130		6629		583016		3557
131		6659		587479		3523
132		6638		591943		3511
133		6563		596374		3553
134		6524		600816		3525
135		6440		605239		3528
136		6481		609664		3545
137		6549		614101		3544
138		6546		618544		3532
139		6565		622982		3511
140		6558		627441		3505
141		6442		631863		3512
142		6434		636313		3527
143		6489		640749		3533
144		6478		645196		3492
145		6359		649630		3555
146		6400		654058		3516
147		6401		658490		3501
148		6416		662890		3497
149		6361		667323		3514
150		6318		671761		3545
151		6316		676193		3507
152		6335		680622		3479
153		6374		685046		3490
154		6344		689501		3508
155		6358		693966		3490
156		6346		698412		3491
157		6383		702891		3503
158		6371		707364		3527
159		6361		711798		3519
160		6325		716261		3513
161		6285		720714		3490
162		6283		725196		3458
163		6316		729656		3495
164		6357		734127		3463
165		6354		738614		3480
166		6264		743080		3496
167		6220		747563		3535
168		6266		752032		3508
169		6265		756537		3511
170		6146		761033		3536
171		6115		765487		3553
172		6066		769945		3510
173		6095		774364		3518
174		6034		778823		3488
175		6117		783283		3536
176		6083		787744		3498
177		6038		792202		3493
178		6045		796656		3500
179		5955		801078		3462
180		6082		805519		3507
181		6063		809995		3522
182		6115		814454		3498
183		6135		818927		3539
184		6199		823409		3490
185		6125		827920		3534
186		6127		832411		3515
187		6113		836901		3490
188		6042		841376		3490
189		6055		845838		3512
190		6003		850338		3548
191		5929		854792		3479
192		5909		859284		3505
193		5860		863771		3544
194		5772		868228		3538
195		5787		872717		3505
196		5728		877175		3515
197		5724		881656		3492
198		5784		886176		3533
199		5724		890668		3542
200		5823		895148		3503
201		5746		899610		3532
202		5777		904096		3530
203		5761		908582		3558
204		5810		913072		3535
205		5749		917563		3498
206		5812		922044		3511
207		5792		926532		3471
208		5766		931036		3516
209		5836		935548		3520
210		5771		940035		3501
211		5723		944549		3523
212		5683		949055		3508
213		5661		953565		3506
214		5573		958090		3454
215		5650		962587		3502
216		5649		967090		3517
217		5644		971567		3503
218		5679		976085		3495
219		5668		980605		3519
220		5647		985122		3533
221		5611		989597		3539
222		5543		994095		3524
223		5595		998629		3472
224		5594		1003145		3536
225		5537		1007676		3550
226		5591		1012192		3507
227		5523		1016711		3543
228		5563		1021213		3492
229		5594		1025741		3484
230		5588		1030257		3485
231		5545		1034779		3511
232		5560		1039301		3534
233		5544		1043813		3495
234		5480		1048309		3521
235		5548		1052854		3530
236		5447		1057365		3505
237		5512		1061895		3518
238		5472		1066402		3488
239		5457		1070903		3506
240		5439		1075409		3485
241		5457		1079923		3501
242		5412		1084422		3464
243		5379		1088942		3476
244		5385		1093406		3488
245		5379		1097902		3472
246		5359		1102396		3459
247		5379		1106929		3515
248		5382		1111451		3498
249		5367		1115995		3521
250		5408		1120513		3518
251		5377		1125043		3529
252		5409		1129538		3551
253		5345		1134044		3519
254		5343		1138563		3472
255		5486		1143100		3484
256		5437		1147634		3501
257		5336		1152151		3484
258		5281		1156661		3482
259		5339		1161177		3481
260		5278		1165696		3478
261		5304		1170209		3484
262		5375		1174714		3513
263		5279		1179235		3484
264		5260		1183745		3522
265		5284		1188249		3517
266		5319		1192784		3480
267		5349		1197315		3472
268		5357		1201829		3493
269		5378		1206349		3487
270		5345		1210895		3511
271		5298		1215423		3455
272		5307		1219932		3502
273		5277		1224445		3497
274		5265		1228942		3483
275		5346		1233466		3513
276		5269		1238007		3485
277		5243		1242512		3520
278		5217		1247030		3489
279		5226		1251548		3485
280		5240		1256054		3526
281		5183		1260563		3512
282		5157		1265104		3520
283		5211		1269641		3540
284		5243		1274181		3495
285		5215		1278721		3494
286		5183		1283233		3512
287		5226		1287759		3455
288		5234		1292297		3521
289		5181		1296806		3522
290		5182		1301349		3499
291		5153		1305900		3503
292		5087		1310403		3538
293		5039		1314929		3540
294		5177		1319457		3493
295		5067		1323987		3488
296		5077		1328501		3509
297		5081		1333008		3477
298		5031		1337533		3525
299		4931		1342072		3481
300		5000		1346576		3510
301		4954		1351080		3520
302		4983		1355620		3515
303		4955		1360159		3519
304		4941		1364677		3482
305		4921		1369203		3483
306		4941		1373743		3511
307		4879		1378249		3494
308		4873		1382789		3473
309		4855		1387324		3479
310		4880		1391855		3485
311		4843		1396423		3454
312		4840		1400969		3510
313		4811		1405533		3475
314		4755		1410085		3512
315		4741		1414616		3522
316		4789		1419154		3498
317		4718		1423703		3519
318		4722		1428230		3519
319		4776		1432776		3479
320		4800		1437313		3528
321		4798		1441870		3513
322		4726		1446407		3472
323		4643		1450934		3520
324		4751		1455471		3542
325		4724		1460034		3510
326		4753		1464589		3538
327		4717		1469132		3513
328		4706		1473708		3509
329		4692		1478234		3520
330		4730		1482780		3519
331		4761		1487325		3501
332		4682		1491852		3484
333		4732		1496396		3485
334		4684		1500958		3488
335		4690		1505510		3504
336		4695		1510064		3484
337		4698		1514636		3497
338		4721		1519183		3514
339		4711		1523711		3510
340		4692		1528253		3486
341		4682		1532801		3520
342		4651		1537340		3481
343		4657		1541883		3489
344		4740		1546417		3505
345		4725		1550968		3536
346		4623		1555538		3499
347		4629		1560078		3505
348		4596		1564626		3509
349		4602		1569170		3491
350		4573		1573719		3496
351		4682		1578267		3493
352		4674		1582827		3501
353		4627		1587385		3498
354		4590		1591918		3532
355		4514		1596445		3501
356		4524		1600966		3508
357		4551		1605498		3532
358		4528		1610045		3482
359		4512		1614587		3527
360		4578		1619138		3514
361		4511		1623693		3555
362		4556		1628240		3541
363		4616		1632808		3528
364		4604		1637381		3501
365		4605		1641908		3508
366		4626		1646477		3488
367		4608		1651046		3497
368		4530		1655609		3493
369		4552		1660142		3509
370		4568		1664705		3537
371		4593		1669263		3514
372		4584		1673837		3486
373		4543		1678397		3496
374		4533		1682953		3503
375		4479		1687507		3499
376		4497		1692065		3508
377		4475		1696615		3468
378		4454		1701183		3500
379		4488		1705750		3524
380		4448		1710307		3510
381		4450		1714842		3526
382		4388		1719384		3499
383		4436		1723934		3487
384		4443		1728514		3509
385		4454		1733063		3535
386		4546		1737626		3494
387		4506		1742174		3528
388		4493		1746714		3512
389		4515		1751287		3509
390		4507		1755853		3493
391		4525		1760409		3511
392		4481		1764940		3473
393		4488		1769496		3478
394		4504		1774074		3502
395		4475		1778634		3535
396		4445		1783202		3521
397		4439		1787735		3499
398		4447		1792280		3507
399		4477		1796821		3519
400		4529		1801353		3495
401		4561		1805899		3486
402		4515		1810461		3536
403		4565		1815013		3503
404		4480		1819567		3518
405		4498		1824081		3501
406		4489		1828615		3548
407		4457		1833138		3522
408		4427		1837681		3531
409		4441		1842254		3531
410		4468		1846817		3504
411		4467		1851369		3505
412		4471		1855930		3537
413		4451		1860511		3532
414		4405		1865052		3532
415		4377		1869593		3532
416		4390		1874117		3515
417		4389		1878653		3499
418		4408		1883183		3526
419		4427		1887731		3519
420		4390		1892293		3493
421		4413		1896829		3495
422		4451		1901388		3497
423		4441		1905965		3492
424		4421		1910485		3533
425		4403		1915026		3521
426		4458		1919541		3502
427		4454		1924069		3513
428		4496		1928649		3510
429		4464		1933200		3475
430		4503		1937774		3521
431		4472		1942331		3491
432		4384		1946900		3511
433		4365		1951446		3511
434		4349		1956001		3479
435		4259		1960564		3511
436		4311		1965093		3470
437		4301		1969650		3498
438		4351		1974202		3526
439		4370		1978755		3510
440		4372		1983302		3504
441		4335		1987852		3512
442		4320		1992403		3502
443		4322		1996970		3497
444		4313		2001523		3523
445		4300		2006094		3513
446		4308		2010638		3522
447		4267		2015185		3535
448		4273		2019717		3492
449		4217		2024260		3476
450		4225		2028798		3511
451		4211		2033324		3515
452		4245		2037887		3547
453		4212		2042419		3526
454		4224		2046985		3518
455		4304		2051538		3513
456		4278		2056104		3497
457		4240		2060667		3507
458		4161		2065223		3528
459		4113		2069777		3499
460		4128		2074313		3527
461		4134		2078868		3516
462		4072		2083440		3493
463		4096		2087979		3553
464		4136		2092545		3534
465		4163		2097130		3523
466		4137		2101689		3512
467		4180		2106255		3514
468		4168		2110811		3541
469		4113		2115399		3523
470		4112		2119955		3523
471		4165		2124514		3527
472		4133		2129092		3492
473		4184		2133675		3491
474		4095		2138245		3513
475		4136		2142811		3492
476		4120		2147380		3502
477		4087		2151938		3546
478		4145		2156492		3514
479		4077		2161052		3490
480		4059		2165610		3496
481		4017		2170136		3502
482		4001		2174679		3534
483		4034		2179251		3534
484		4050		2183820		3464
485		4042		2188395		3481
486		4074		2192958		3535
487		4049		2197537		3513
488		4042		2202097		3516
489		4050		2206646		3486
490		4105		2211178		3497
491		4096		2215756		3502
492		4090		2220318		3522
493		4036		2224880		3528
494		4151		2229425		3513
495		4096		2233957		3506
496		4044		2238504		3490
497		4058		2243041		3511
498		4069		2247632		3504
499		4130		2252196		3524
500		4083		2256768		3509
501		4165		2261371		3465
502		4305		2265983		3511
503		4347		2270611		3507
504		4439		2275256		3498
505		4443		2279885		3482
506		4390		2284504		3498
507		4466		2289108		3494
508		4467		2293749		3510
509		4495		2298384		3524
510		4530		2302991		3483
511		4539		2307603		3510
512		4549		2312226		3499
513		4563		2316849		3500
514		4514		2321443		3541
515		4528		2326019		3519
516		4563		2330617		3548
517		4538		2335219		3492
518		4537		2339824		3530
519		4600		2344418		3488
520		4578		2349033		3503
521		4518		2353631		3535
522		4520		2358237		3493
523		4498		2362818		3461
524		4480		2367383		3490
525		4422		2371941		3522
526		4425		2376499		3496
527		4493		2381074		3485
528		4496		2385651		3510
529		4446		2390211		3524
530		4412		2394783		3509
531		4505		2399370		3507
532		4474		2403940		3510
533		4500		2408521		3507
534		4496		2413099		3504
535		4389		2417678		3548
536		4430		2422254		3541
537		4479		2426816		3516
538		4446		2431371		3522
539		4438		2435927		3495
540		4449		2440470		3527
541		4502		2445041		3498
542		4468		2449604		3518
543		4468		2454155		3510
544		4401		2458733		3484
545		4491		2463284		3498
546		4510		2467853		3478
547		4455		2472406		3483
548		4497		2476976		3486
549		4440		2481534		3502
550		4402		2486109		3466
551		4426		2490659		3505
552		4414		2495235		3472
553		4371		2499817		3506
554		4360		2504384		3487
555		4379		2508939		3488
556		4407		2513529		3498
557		4313		2518098		3502
558		4305		2522671		3504
559		4343		2527266		3493
560		4327		2531842		3500
561		4291		2536390		3515
562		4285		2540956		3458
563		4251		2545501		3458
564		4273		2550087		3471
565		4322		2554644		3482
566		4313		2559223		3460
567		4371		2563798		3471
568		4314		2568361		3509
569		4292		2572911		3501
570		4317		2577468		3460
571		4283		2582042		3483
572		4311		2586623		3488
573		4331		2591200		3511
574		4277		2595774		3467
575		4287		2600339		3467
576		4257		2604913		3470
577		4283		2609472		3489
578		4245		2614016		3498
579		4247		2618586		3499
580		4334		2623163		3532
581		4337		2627726		3490
582		4339		2632293		3526
583		4344		2636866		3511
584		4279		2641447		3486
585		4267		2646008		3520
586		4241		2650583		3546
587		4174		2655157		3501
588		4202		2659720		3495
589		4227		2664304		3504
590		4176		2668870		3496
591		4255		2673454		3506
592		4230		2678025		3499
593		4178		2682592		3501
594		4187		2687148		3520
595		4209		2691734		3508
596		4153		2696308		3499
597		4170		2700872		3473
598		4159		2705440		3473
599		4156		2710014		3496
600		4145		2714604		3491
601		4124		2719188		3490
602		4141		2723777		3491
603		4123		2728353		3505
604		4200		2732939		3474
605		4207		2737508		3485
606		4117		2742072		3472
607		4092		2746625		3458
608		4090		2751190		3510
609		4035		2755745		3506
610		4074		2760337		3488
611		4080		2764915		3494
612		4049		2769457		3510
613		4066		2774008		3498
614		4076		2778585		3532
615		4060		2783144		3516
616		4120		2787706		3503
617		4089		2792304		3475
618		4079		2796885		3538
619		4084		2801448		3533
620		4095		2806025		3506
621		4107		2810593		3500
622		4054		2815160		3496
623		4084		2819745		3478
624		4065		2824316		3477
625		4060		2828867		3465
626		4048		2833422		3455
627		3994		2837971		3488
628		4050		2842515		3486
629		4095		2847065		3497
630		4131		2851640		3500
631		4085		2856218		3488
632		4116		2860767		3497
633		4046		2865334		3471
634		4018		2869897		3511
635		4001		2874451		3544
636		4055		2879021		3495
637		4040		2883593		3521
638		4065		2888185		3494
639		4122		2892758		3494
640		4144		2897338		3520
641		4056		2901938		3539
642		4103		2906510		3513
643		4108		2911093		3504
644		4070		2915670		3503
645		4119		2920258		3544
646		4134		2924850		3525
647		4084		2929422		3509
648		4052		2933989		3513
649		4023		2938575		3489
650		4066		2943143		3506
651		4073		2947718		3511
652		4077		2952293		3496
653		4088		2956869		3510
654		4080		2961479		3521
655		4082		2966031		3510
656		4070		2970595		3474
657		4046		2975178		3501
658		4068		2979775		3499
659		4094		2984371		3519
660		4085		2988971		3507
661		4071		2993552		3520
662		3999		2998138		3533
663		3978		3002720		3508
664		3946		3007296		3509
665		3992		3011875		3492
666		4040		3016438		3492
667		4047		3021003		3519
668		4087		3025592		3496
669		4085		3030201		3509
670		4095		3034772		3526
671		4076		3039346		3529
672		4074		3043913		3525
673		4011		3048486		3503
674		3986		3053058		3476
675		3977		3057614		3495
676		3982		3062177		3467
677		3933		3066733		3500
678		3946		3071307		3498
679		3915		3075849		3508
680		3917		3080425		3484
681		3936		3085001		3517
682		3909		3089583		3516
683		3928		3094185		3533
684		3897		3098759		3512
685		3886		3103362		3464
686		3836		3107931		3505
687		3855		3112510		3517
688		3770		3117064		3513
689		3846		3121645		3506
690		3809		3126212		3451
691		3837		3130778		3486
692		3916		3135371		3483
693		3871		3139956		3481
694		3926		3144530		3504
695		3878		3149121		3469
696		3859		3153689		3507
697		3822		3158295		3516
698		3839		3162881		3501
699		3853		3167470		3524
700		3884		3172065		3501
701		3881		3176653		3486
702		3819		3181224		3529
703		3837		3185794		3492
704		3817		3190374		3487
705		3819		3194919		3515
706		3820		3199503		3504
707		3791		3204087		3496
708		3787		3208676		3467
709		3765		3213233		3501
710		3756		3217805		3497
711		3804		3222422		3517
712		3740		3227012		3510
713		3749		3231596		3509
714		3740		3236194		3546
715		3706		3240781		3499
716		3756		3245384		3518
717		3837		3249974		3523
718		3837		3254569		3495
719		3833		3259157		3521
720		3800		3263759		3515
721		3830		3268360		3485
722		3760		3272966		3488
723		3754		3277552		3507
724		3803		3282149		3504
725		3804		3286741		3496
726		3816		3291349		3463
727		3804		3295935		3456
728		3750		3300538		3505
729		3712		3305123		3511
730		3779		3309720		3490
731		3798		3314317		3522
732		3824		3318908		3508
733		3795		3323488		3503
734		3816		3328073		3517
735		3795		3332650		3487
736		3759		3337201		3504
737		3742		3341794		3501
738		3716		3346391		3499
739		3707		3351003		3492
740		3736		3355596		3498
741		3713		3360192		3514
742		3711		3364783		3543
743		3688		3369380		3503
744		3729		3373967		3499
745		3742		3378574		3515
746		3729		3383151		3531
747		3679		3387728		3534
748		3729		3392323		3511
749		3717		3396921		3527
750		3726		3401509		3513
751		3729		3406118		3493
752		3699		3410706		3538
753		3774		3415288		3533
754		3800		3419875		3488
755		3798		3424472		3494
756		3765		3429065		3524
757		3704		3433674		3506
758		3641		3438274		3499
759		3652		3442848		3535
760		3659		3447431		3516
761		3653		3452006		3508
762		3617		3456587		3489
763		3641		3461162		3498
764		3664		3465762		3500
765		3689		3470368		3555
766		3601		3474956		3518
767		3645		3479563		3521
768		3665		3484144		3517
769		3695		3488740		3543
770		3691		3493337		3547
771		3611		3497907		3512
772		3627		3502502		3529
773		3665		3507116		3499
774		3643		3511719		3528
775		3656		3516317		3510
776		3603		3520899		3531
777		3622		3525493		3496
778		3638		3530090		3515
779		3640		3534686		3527
780		3643		3539255		3520
781		3702		3543852		3516
782		3692		3548441		3539
783		3675		3553026		3514
784		3682		3557626		3472
785		3675		3562214		3490
786		3707		3566808		3473
787		3658		3571382		3493
788		3674		3575978		3493
789		3641		3580575		3504
790		3584		3585143		3495
791		3624		3589709		3489
792		3674		3594270		3496
793		3682		3598878		3518
794		3696		3603469		3450
795		3634		3608057		3515
796		3662		3612642		3530
797		3676		3617228		3513
798		3632		3621833		3512
799		3645		3626415		3514
800		3594		3631001		3502
801		3644		3635584		3529
802		3656		3640194		3527
803		3671		3644799		3483
804		3630		3649374		3502
805		3651		3653974		3506
806		3641		3658571		3509
807		3700		3663151		3502
808		3631		3667750		3497
809		3628		3672337		3488
810		3633		3676939		3461
811		3644		3681538		3469
812		3643		3686125		3474
813		3564		3690698		3527
814		3599		3695293		3496
815		3590		3699885		3509
816		3673		3704491		3521
817		3634		3709093		3509
818		3646		3713691		3508
819		3640		3718308		3522
820		3648		3722922		3534
821		3661		3727520		3518
822		3632		3732135		3520
823		3693		3736716		3503
824		3661		3741316		3511
825		3643		3745917		3477
826		3664		3750504		3501
827		3675		3755085		3509
828		3706		3759659		3486
829		3640		3764262		3503
830		3625		3768856		3514
831		3629		3773452		3492
832		3642		3778052		3505
833		3651		3782651		3504
834		3610		3787237		3487
835		3612		3791840		3483
836		3589		3796440		3492
837		3554		3801032		3467
838		3619		3805621		3507
839		3599		3810225		3474
840		3573		3814831		3538
841		3624		3819410		3488
842		3588		3824005		3513
843		3600		3828609		3520
844		3587		3833204		3506
845		3537		3837818		3516
846		3621		3842420		3477
847		3672		3847012		3521
848		3649		3851610		3520
849		3655		3856220		3524
850		3647		3860842		3533
851		3665		3865460		3488
852		3585		3870062		3528
853		3657		3874656		3492
854		3630		3879240		3512
855		3637		3883835		3490
856		3593		3888436		3526
857		3617		3893021		3502
858		3582		3897616		3531
859		3564		3902221		3476
860		3541		3906812		3505
861		3612		3911409		3507
862		3555		3915994		3491
863		3566		3920602		3530
864		3523		3925194		3520
865		3579		3929785		3497
866		3629		3934354		3473
867		3640		3938938		3511
868		3572		3943514		3486
869		3576		3948092		3529
870		3567		3952678		3519
871		3633		3957281		3515
872		3584		3961873		3475
873		3631		3966467		3467
874		3604		3971049		3539
875		3627		3975654		3498
876		3569		3980242		3530
877		3571		3984796		3507
878		3613		3989374		3499
879		3671		3993952		3530
880		3675		3998545		3503
881		3680		4003143		3450
882		3667		4007718		3508
883		3633		4012327		3514
884		3618		4016897		3515
885		3615		4021458		3488
886		3575		4026040		3531
887		3527		4030604		3488
888		3562		4035185		3526
889		3573		4039770		3507
890		3575		4044351		3500
891		3634		4048963		3490
892		3607		4053575		3491
893		3614		4058165		3511
894		3650		4062758		3505
895		3661		4067355		3485
896		3688		4071958		3499
897		3675		4076559		3542
898		3685		4081149		3508
899		3633		4085746		3537
900		3598		4090326		3511
901		3642		4094913		3503
902		3572		4099513		3497
903		3580		4104112		3524
904		3588		4108709		3530
905		3624		4113294		3508
906		3646		4117895		3500
907		3676		4122503		3514
908		3742		4127122		3469
909		3725		4131723		3501
910		3728		4136326		3483
911		3675		4140922		3486
912		3713		4145504		3491
913		3715		4150109		3487
914		3664		4154683		3502
915		3724		4159271		3515
916		3797		4163872		3514
917		3770		4168474		3490
918		3745		4173081		3488
919		3785		4177677		3534
920		3683		4182274		3493
921		3690		4186848		3505
922		3687		4191461		3518
923		3678		4196069		3514
924		3659		4200666		3501
925		3623		4205263		3497
926		3644		4209859		3495
927		3624		4214450		3511
928		3640		4219056		3493
929		3570		4223661		3510
930		3606		4228244		3495
931		3636		4232847		3483
932		3559		4237461		3516
933		3609		4242052		3513
934		3647		4246652		3529
935		3556		4251227		3514
936		3584		4255799		3507
937		3560		4260368		3509
938		3585		4264940		3491
939		3618		4269540		3516
940		3623		4274131		3502
941		3632		4278722		3529
942		3687		4283292		3500
943		3713		4287900		3523
944		3676		4292500		3516
945		3683		4297106		3502
946		3646		4301685		3494
947		3634		4306286		3495
948		3627		4310874		3517
949		3684		4315478		3494
950		3702		4320064		3495
951		3667		4324661		3498
952		3705		4329265		3470
953		3672		4333839		3475
954		3677		4338398		3507
955		3680		4343009		3488
956		3706		4347628		3487
957		3711		4352241		3458
958		3731		4356823		3497
959		3738		4361425		3510
960		3684		4366009		3534
961		3723		4370599		3524
962		3673		4375193		3534
963		3653		4379781		3514
964		3655		4384385		3525
965		3674		4388972		3531
966		3642		4393572		3534
967		3651		4398158		3487
968		3633		4402748		3536
969		3696		4407341		3498
970		3706		4411952		3519
971		3715		4416542		3513
972		3670		4421133		3523
973		3625		4425721		3536
974		3655		4430316		3496
975		3688		4434906		3524
976		3744		4439496		3517
977		3756		4444097		3495
978		3779		4448720		3490
979		3795		4453335		3527
980		3767		4457959		3504
981		3780		4462576		3522
982		3785		4467173		3499
983		3779		4471779		3503
984		3748		4476391		3490
985		3744		4480990		3498
986		3760		4485576		3493
987		3760		4490181		3494
988		3748		4494776		3463
989		3763		4499384		3506
990		3784		4503979		3500
991		3747		4508556		3519
992		3745		4513142		3512
993		3756		4517757		3518
994		3765		4522359		3544
995		3803		4526958		3533
996		3820		4531558		3522
997		3823		4536163		3539
998		3803		4540765		3501
999		3838		4545355		3529
