# Migration is number of nodes that have changed color.

Round		Edge-Cut		Swaps		Migrations		Skipped
0		10078		4624		3214
1		9945		9234		3276
2		9725		13812		3384
3		9598		18373		3405
4		9602		22933		3442
5		9567		27485		3396
6		9504		32048		3397
7		9460		36589		3475
8		9305		41138		3470
9		9298		45676		3490
10		9335		50186		3477
11		9146		54668		3406
12		9179		59168		3498
13		9074		63681		3474
14		9077		68162		3563
15		9054		72658		3504
16		9014		77130		3496
17		8936		81619		3493
18		8889		86088		3489
19		8830		90556		3485
20		8783		95033		3518
21		8776		99461		3496
22		8791		103910		3517
23		8739		108360		3527
24		8722		112807		3532
25		8601		117246		3516
26		8594		121687		3507
27		8544		126118		3468
28		8552		130553		3509
29		8507		134991		3500
30		8434		139395		3520
31		8422		143804		3509
32		8425		148239		3534
33		8481		152674		3468
34		8384		157084		3485
35		8351		161492		3532
36		8280		165875		3510
37		8251		170282		3507
38		8113		174697		3483
39		8023		179103		3515
40		8034		183473		3539
41		7980		187890		3499
42		8010		192263		3550
43		8027		196644		3508
44		8007		201034		3518
45		8027		205432		3537
46		7941		209849		3533
47		7850		214256		3473
48		7844		218631		3485
49		7744		223018		3474
50		7686		227349		3527
51		7857		231754		3488
52		7710		236137		3519
53		7736		240526		3465
54		7723		244904		3472
55		7782		249280		3518
56		7833		253653		3512
57		7763		258053		3510
58		7792		262468		3506
59		7792		266863		3485
60		7771		271242		3526
61		7796		275659		3469
62		7770		280066		3476
63		7706		284479		3432
64		7572		288856		3482
65		7523		293273		3454
66		7540		297687		3476
67		7615		302114		3482
68		7616		306499		3466
69		7496		310901		3488
70		7493		315311		3473
71		7487		319752		3488
72		7444		324147		3534
73		7396		328568		3480
74		7361		333014		3481
75		7439		337452		3514
76		7369		341870		3497
77		7351		346280		3466
78		7319		350682		3523
79		7255		355093		3503
80		7272		359506		3516
81		7266		363930		3496
82		7273		368399		3512
83		7269		372836		3492
84		7171		377247		3501
85		7128		381680		3487
86		7087		386094		3486
87		7147		390513		3536
88		7105		394957		3512
89		7025		399355		3528
90		7010		403740		3485
91		6952		408154		3530
92		6951		412561		3511
93		6980		417005		3525
94		6927		421425		3473
95		6923		425888		3478
96		6944		430330		3479
97		6936		434782		3516
98		6897		439210		3482
99		6890		443652		3510
100		6819		448113		3534
101		6851		452562		3513
102		6850		457023		3535
103		6736		461475		3551
104		6742		465912		3494
105		6674		470340		3508
106		6743		474799		3524
107		6716		479271		3534
108		6764		483693		3520
109		6794		488157		3497
110		6726		492598		3529
111		6633		497051		3502
112		6685		501535		3482
113		6715		506003		3495
114		6639		510450		3527
115		6661		514921		3448
116		6603		519388		3481
117		6660		523854		3484
118		6511		528320		3495
119		6479		532800		3504
120		6485		537211		3506
121		6466		541657		3500
122		6458		546151		3480
123		6446		550634		3506
124		6469		555083		3519
125		6482		559553		3509
126		6416		563980		3464
127		6410		568424		3475
128		6361		572894		3477
129		6361		577352		3510
130		6354		581818		3509
131		6381		586296		3481
132		6333		590744		3499
133		6337		595212		3482
134		6354		599682		3512
135		6334		604128		3519
136		6252		608632		3478
137		6212		613094		3509
138		6281		617595		3465
139		6207		622057		3488
140		6201		626519		3516
141		6140		630980		3508
142		6174		635469		3496
143		6096		639925		3547
144		6095		644376		3511
145		6128		648854		3537
146		6185		653336		3476
147		6099		657845		3470
148		6085		662320		3467
149		6100		666789		3483
150		6069		671243		3499
151		6091		675735		3500
152		5997		680231		3491
153		5968		684684		3488
154		6011		689147		3485
155		6073		693648		3528
156		5976		698153		3467
157		5921		702656		3490
158		5933		707132		3531
159		5964		711607		3508
160		6031		716094		3517
161		5933		720592		3506
162		5880		725055		3475
163		5908		729506		3505
164		5926		733980		3541
165		5862		738463		3487
166		5875		742933		3520
167		5921		747433		3512
168		5859		751907		3520
169		5822		756394		3508
170		5785		760860		3499
171		5835		765318		3480
172		5768		769781		3515
173		5811		774273		3467
174		5807		778743		3498
175		5761		783227		3513
176		5727		787712		3499
177		5689		792168		3477
178		5740		796646		3499
179		5712		801143		3463
180		5701		805635		3503
181		5740		810104		3472
182		5688		814622		3478
183		5665		819133		3526
184		5618		823639		3526
185		5575		828124		3492
186		5615		832599		3512
187		5671		837084		3531
188		5719		841581		3499
189		5713		846104		3508
190		5730		850605		3480
191		5692		855123		3491
192		5706		859653		3510
193		5736		864179		3488
194		5647		868676		3514
195		5554		873164		3541
196		5553		877671		3495
197		5510		882164		3498
198		5520		886681		3499
199		5545		891175		3471
200		5528		895673		3505
201		5475		900186		3512
202		5417		904662		3517
203		5513		909138		3497
204		5392		913640		3505
205		5451		918154		3489
206		5455		922650		3484
207		5556		927178		3496
208		5437		931713		3480
209		5308		936223		3521
210		5348		940721		3504
211		5385		945234		3504
212		5377		949743		3480
213		5369		954258		3503
214		5386		958753		3465
215		5339		963260		3446
216		5300		967745		3473
217		5274		972253		3514
218		5179		976722		3487
219		5176		981216		3485
220		5184		985701		3497
221		5105		990209		3475
222		5101		994691		3483
223		5126		999177		3509
224		5155		1003706		3506
225		5160		1008189		3498
226		5156		1012686		3486
227		5160		1017229		3511
228		5213		1021740		3511
229		5227		1026268		3455
230		5287		1030800		3477
231		5290		1035317		3469
232		5217		1039833		3480
233		5156		1044332		3488
234		5243		1048887		3460
235		5223		1053396		3489
236		5169		1057920		3494
237		5191		1062460		3512
238		5263		1067002		3504
239		5269		1071522		3446
240		5162		1076046		3464
241		5115		1080541		3500
242		5100		1085057		3486
243		5078		1089566		3481
244		5120		1094062		3479
245		5179		1098550		3446
246		5209		1103086		3491
247		5115		1107597		3512
248		5141		1112122		3488
249		5179		1116658		3476
250		5224		1121192		3515
251		5252		1125718		3495
252		5196		1130240		3514
253		5155		1134753		3514
254		5196		1139314		3540
255		5145		1143858		3491
256		5144		1148427		3447
257		5064		1152968		3498
258		5015		1157485		3485
259		5034		1162008		3471
260		5062		1166550		3528
261		4996		1171058		3466
262		4977		1175573		3475
263		4888		1180090		3483
264		4906		1184610		3474
265		4897		1189153		3477
266		4860		1193702		3478
267		4824		1198233		3490
268		4876		1202736		3490
269		4866		1207265		3526
270		4809		1211795		3502
271		4890		1216322		3472
272		4774		1220849		3481
273		4869		1225397		3479
274		4836		1229940		3474
275		4848		1234480		3482
276		4858		1239007		3479
277		4869		1243558		3489
278		4869		1248090		3476
279		4856		1252604		3504
280		4863		1257144		3483
281		4908		1261698		3466
282		4872		1266248		3484
283		4833		1270811		3503
284		4825		1275378		3481
285		4820		1279915		3510
286		4834		1284461		3511
287		4846		1289008		3462
288		4859		1293556		3497
289		4863		1298098		3503
290		4913		1302658		3484
291		4881		1307205		3491
292		4777		1311751		3501
293		4841		1316274		3520
294		4895		1320803		3493
295		4857		1325329		3468
296		4882		1329843		3506
297		4930		1334364		3482
298		4848		1338887		3465
299		4906		1343438		3463
300		4908		1347976		3478
301		4906		1352509		3497
302		4869		1357064		3474
303		4814		1361610		3462
304		4855		1366132		3485
305		4919		1370687		3532
306		4850		1375223		3474
307		4822		1379753		3500
308		4861		1384284		3436
309		4811		1388840		3478
310		4794		1393362		3493
311		4814		1397897		3479
312		4803		1402433		3482
313		4810		1406983		3508
314		4694		1411532		3483
315		4666		1416051		3492
316		4676		1420565		3527
317		4635		1425099		3499
318		4575		1429618		3485
319		4598		1434135		3474
320		4634		1438657		3483
321		4663		1443197		3496
322		4689		1447737		3458
323		4746		1452259		3482
324		4766		1456783		3519
325		4737		1461333		3485
326		4766		1465900		3465
327		4689		1470451		3471
328		4637		1475017		3500
329		4706		1479568		3498
330		4677		1484108		3474
331		4649		1488655		3475
332		4636		1493206		3445
333		4668		1497750		3507
334		4635		1502282		3511
335		4596		1506819		3492
336		4668		1511351		3486
337		4607		1515900		3498
338		4514		1520438		3515
339		4530		1524978		3483
340		4479		1529526		3470
341		4487		1534069		3485
342		4484		1538608		3480
343		4479		1543136		3488
344		4494		1547670		3520
345		4429		1552180		3472
346		4439		1556726		3482
347		4481		1561269		3456
348		4481		1565828		3505
349		4471		1570341		3460
350		4535		1574903		3475
351		4571		1579458		3489
352		4547		1584005		3485
353		4514		1588535		3501
354		4463		1593080		3523
355		4466		1597614		3518
356		4524		1602170		3501
357		4482		1606713		3510
358		4469		1611271		3496
359		4490		1615837		3496
360		4467		1620390		3462
361		4471		1624936		3517
362		4445		1629493		3468
363		4489		1634044		3501
364		4515		1638597		3473
365		4528		1643155		3502
366		4421		1647692		3490
367		4483		1652235		3471
368		4394		1656806		3511
369		4371		1661366		3493
370		4344		1665901		3482
371		4339		1670455		3499
372		4352		1675015		3463
373		4319		1679562		3488
374		4300		1684107		3476
375		4301		1688651		3496
376		4320		1693184		3519
377		4317		1697720		3482
378		4350		1702288		3513
379		4367		1706840		3483
380		4392		1711394		3497
381		4399		1715962		3494
382		4432		1720522		3455
383		4399		1725092		3467
384		4393		1729666		3490
385		4376		1734220		3471
386		4427		1738785		3492
387		4377		1743361		3488
388		4381		1747929		3496
389		4367		1752475		3463
390		4304		1757026		3468
391		4358		1761605		3505
392		4328		1766143		3450
393		4330		1770710		3488
394		4423		1775240		3455
395		4435		1779781		3495
396		4345		1784341		3455
397		4351		1788885		3482
398		4374		1793447		3469
399		4392		1797995		3476
400		4387		1802531		3466
401		4400		1807072		3508
402		4464		1811640		3460
403		4532		1816189		3489
404		4555		1820736		3478
405		4487		1825306		3450
406		4469		1829862		3479
407		4515		1834415		3456
408		4507		1838962		3456
409		4496		1843494		3470
410		4530		1848026		3477
411		4568		1852562		3493
412		4604		1857126		3496
413		4559		1861676		3495
414		4510		1866233		3485
415		4460		1870779		3475
416		4404		1875340		3480
417		4342		1879888		3489
418		4418		1884447		3508
419		4355		1888989		3471
420		4357		1893539		3468
421		4392		1898084		3513
422		4389		1902618		3486
423		4385		1907167		3499
424		4332		1911717		3462
425		4331		1916257		3495
426		4336		1920837		3484
427		4378		1925394		3495
428		4378		1929965		3509
429		4353		1934528		3487
430		4370		1939064		3499
431		4362		1943633		3506
432		4366		1948172		3499
433		4346		1952717		3495
434		4306		1957278		3497
435		4297		1961842		3485
436		4298		1966410		3485
437		4288		1970966		3492
438		4285		1975536		3464
439		4309		1980087		3474
440		4222		1984650		3464
441		4277		1989203		3475
442		4240		1993748		3497
443		4206		1998306		3482
444		4235		2002845		3485
445		4217		2007412		3463
446		4164		2011962		3483
447		4143		2016509		3487
448		4163		2021056		3501
449		4152		2025592		3481
450		4117		2030143		3494
451		4111		2034686		3504
452		4075		2039246		3483
453		4083		2043786		3505
454		4114		2048322		3496
455		4115		2052867		3496
456		4081		2057388		3473
457		4168		2061938		3522
458		4151		2066509		3490
459		4164		2071074		3453
460		4138		2075634		3469
461		4158		2080191		3500
462		4196		2084726		3462
463		4254		2089265		3487
464		4241		2093809		3482
465		4268		2098352		3460
466		4219		2102898		3455
467		4258		2107452		3464
468		4308		2112041		3454
469		4308		2116603		3460
470		4305		2121174		3448
471		4325		2125729		3493
472		4204		2130293		3493
473		4218		2134829		3511
474		4222		2139396		3512
475		4224		2143958		3472
476		4192		2148524		3486
477		4200		2153073		3458
478		4186		2157639		3482
479		4202		2162193		3479
480		4225		2166781		3459
481		4173		2171330		3495
482		4190		2175896		3470
483		4179		2180464		3478
484		4146		2185020		3495
485		4160		2189588		3488
486		4161		2194168		3478
487		4202		2198735		3468
488		4270		2203306		3476
489		4193		2207865		3480
490		4209		2212456		3474
491		4181		2217035		3499
492		4193		2221611		3476
493		4214		2226172		3488
494		4195		2230742		3494
495		4261		2235291		3491
496		4258		2239858		3470
497		4213		2244409		3424
498		4250		2248965		3471
499		4238		2253541		3509
500		4214		2258110		3492
501		4319		2262709		3475
502		4383		2267305		3482
503		4390		2271911		3471
504		4402		2276520		3485
505		4493		2281129		3469
506		4464		2285722		3472
507		4434		2290312		3459
508		4439		2294913		3444
509		4390		2299519		3468
510		4493		2304095		3511
511		4539		2308693		3491
512		4516		2313288		3475
513		4564		2317871		3493
514		4618		2322459		3468
515		4588		2327020		3506
516		4556		2331610		3504
517		4520		2336173		3484
518		4512		2340743		3447
519		4509		2345324		3478
520		4507		2349874		3474
521		4483		2354413		3485
522		4572		2358982		3503
523		4545		2363536		3518
524		4511		2368103		3504
525		4565		2372654		3503
526		4521		2377201		3501
527		4564		2381774		3512
528		4580		2386345		3486
529		4576		2390927		3506
530		4624		2395497		3491
531		4585		2400062		3486
532		4537		2404620		3504
533		4568		2409195		3461
534		4546		2413782		3471
535		4552		2418342		3512
536		4587		2422895		3495
537		4573		2427452		3467
538		4566		2432011		3485
539		4526		2436560		3505
540		4525		2441135		3468
541		4479		2445692		3490
542		4445		2450263		3503
543		4416		2454810		3480
544		4354		2459350		3452
545		4364		2463894		3481
546		4359		2468444		3478
547		4350		2472985		3505
548		4329		2477519		3520
549		4331		2482080		3486
550		4389		2486656		3482
551		4375		2491221		3517
552		4330		2495779		3505
553		4342		2500327		3500
554		4360		2504883		3466
555		4342		2509447		3482
556		4312		2514013		3498
557		4393		2518591		3499
558		4361		2523158		3470
559		4404		2527704		3463
560		4353		2532273		3465
561		4332		2536846		3473
562		4340		2541425		3512
563		4332		2545986		3467
564		4327		2550568		3494
565		4330		2555134		3514
566		4290		2559703		3490
567		4332		2564244		3515
568		4366		2568828		3458
569		4369		2573390		3470
570		4371		2577983		3478
571		4369		2582573		3487
572		4327		2587137		3452
573		4345		2591711		3491
574		4185		2596271		3495
575		4205		2600821		3485
576		4252		2605393		3499
577		4226		2609971		3518
578		4275		2614573		3489
579		4145		2619115		3494
580		4103		2623652		3531
581		4220		2628220		3505
582		4199		2632789		3484
583		4203		2637362		3497
584		4187		2641921		3490
585		4092		2646488		3455
586		4167		2651057		3476
587		4192		2655637		3473
588		4126		2660196		3498
589		4118		2664769		3503
590		4161		2669348		3495
591		4181		2673937		3503
592		4086		2678523		3482
593		4135		2683106		3452
594		4171		2687664		3467
595		4144		2692229		3468
596		4184		2696816		3489
597		4178		2701368		3497
598		4173		2705924		3511
599		4223		2710519		3458
600		4158		2715081		3488
601		4228		2719660		3443
602		4212		2724253		3503
603		4214		2728813		3514
604		4263		2733389		3445
605		4181		2737972		3517
606		4204		2742546		3463
607		4173		2747096		3493
608		4120		2751663		3508
609		4132		2756240		3496
610		4199		2760825		3486
611		4277		2765416		3470
612		4241		2769999		3465
613		4235		2774592		3485
614		4285		2779169		3461
615		4258		2783734		3471
616		4218		2788301		3503
617		4248		2792861		3524
618		4282		2797407		3491
619		4261		2801986		3511
620		4204		2806539		3458
621		4192		2811108		3458
622		4269		2815672		3472
623		4279		2820279		3479
624		4324		2824864		3489
625		4331		2829451		3491
626		4246		2834027		3473
627		4247		2838597		3475
628		4242		2843177		3490
629		4228		2847746		3463
630		4229		2852322		3465
631		4178		2856915		3511
632		4133		2861474		3503
633		4167		2866037		3456
634		4201		2870621		3496
635		4235		2875204		3503
636		4165		2879749		3456
637		4117		2884310		3477
638		4174		2888870		3517
639		4185		2893437		3484
640		4182		2898001		3520
641		4194		2902583		3510
642		4207		2907146		3510
643		4230		2911717		3516
644		4297		2916296		3517
645		4275		2920869		3482
646		4241		2925455		3500
647		4238		2930026		3490
648		4256		2934594		3475
649		4206		2939168		3510
650		4217		2943752		3492
651		4126		2948306		3481
652		4120		2952872		3498
653		4123		2957444		3506
654		4109		2961987		3494
655		4083		2966534		3481
656		4102		2971083		3480
657		4173		2975639		3490
658		4155		2980203		3472
659		4120		2984771		3503
660		4115		2989349		3500
661		4107		2993923		3477
662		4083		2998473		3517
663		4110		3003069		3478
664		4085		3007625		3470
665		4097		3012180		3481
666		4093		3016726		3495
667		4021		3021285		3504
668		4021		3025861		3498
669		4003		3030438		3522
670		3970		3034989		3488
671		4025		3039554		3488
672		4060		3044127		3498
673		4026		3048680		3525
674		4057		3053262		3494
675		4114		3057842		3511
676		4126		3062440		3501
677		4088		3067015		3486
678		4078		3071582		3508
679		4064		3076166		3478
680		4078		3080759		3457
681		4037		3085308		3495
682		4019		3089889		3499
683		4050		3094453		3477
684		4073		3099029		3495
685		4063		3103591		3483
686		4053		3108184		3507
687		4092		3112790		3479
688		4114		3117371		3485
689		4063		3121968		3502
690		4097		3126537		3517
691		4144		3131114		3470
692		4138		3135711		3481
693		4169		3140303		3523
694		4135		3144881		3506
695		4180		3149439		3506
696		4121		3154035		3523
697		4090		3158611		3516
698		4132		3163209		3460
699		4068		3167787		3480
700		4085		3172334		3473
701		4151		3176914		3508
702		4112		3181509		3501
703		4145		3186087		3493
704		4171		3190699		3506
705		4160		3195280		3526
706		4115		3199877		3510
707		4138		3204469		3552
708		4147		3209040		3494
709		4093		3213599		3488
710		4106		3218189		3441
711		4092		3222747		3492
712		4083		3227347		3564
713		4063		3231917		3499
714		4109		3236514		3493
715		4099		3241111		3446
716		4114		3245677		3503
717		4080		3250267		3507
718		4114		3254862		3519
719		4139		3259476		3488
720		4142		3264059		3477
721		4120		3268658		3518
722		4123		3273253		3500
723		4067		3277823		3486
724		4067		3282391		3510
725		4066		3286943		3517
726		4032		3291496		3462
727		4000		3296068		3478
728		4049		3300627		3510
729		4030		3305180		3477
730		4076		3309750		3492
731		3997		3314302		3512
732		4020		3318874		3494
733		4019		3323463		3483
734		3972		3328044		3489
735		3941		3332576		3491
736		3955		3337150		3502
737		4013		3341724		3497
738		3995		3346307		3519
739		3984		3350895		3481
740		4014		3355462		3478
741		4012		3360048		3495
742		3995		3364625		3485
743		4037		3369178		3503
744		4010		3373771		3496
745		3997		3378355		3478
746		3983		3382919		3482
747		3998		3387505		3503
748		4040		3392103		3491
749		4046		3396668		3489
750		4087		3401244		3486
751		4086		3405830		3506
752		4050		3410416		3498
753		4046		3414982		3493
754		4022		3419594		3476
755		4056		3424172		3486
756		4010		3428768		3460
757		4012		3433343		3493
758		4004		3437902		3485
759		4048		3442466		3492
760		4073		3447051		3506
761		4031		3451645		3514
762		4053		3456241		3480
763		4025		3460818		3530
764		4060		3465411		3473
765		4070		3469973		3457
766		4099		3474544		3487
767		4033		3479125		3500
768		4076		3483701		3503
769		4033		3488275		3515
770		4022		3492854		3505
771		3972		3497410		3507
772		3986		3501975		3468
773		3946		3506552		3490
774		3937		3511128		3482
775		3974		3515704		3507
776		3981		3520293		3507
777		3993		3524878		3503
778		3952		3529461		3487
779		3964		3534042		3513
780		3906		3538603		3474
781		3914		3543180		3501
782		3976		3547780		3499
783		3928		3552399		3493
784		3921		3556973		3481
785		3913		3561550		3525
786		3918		3566131		3512
787		3958		3570730		3545
788		3939		3575336		3494
789		3932		3579940		3508
790		3890		3584524		3497
791		3902		3589097		3498
792		3897		3593703		3477
793		3892		3598294		3500
794		3846		3602894		3500
795		3851		3607455		3537
796		3819		3612053		3526
797		3873		3616634		3461
798		3805		3621216		3490
799		3845		3625784		3516
800		3871		3630376		3512
801		3909		3634982		3504
802		3862		3639586		3500
803		3839		3644174		3475
804		3768		3648758		3488
805		3770		3653344		3452
806		3777		3657916		3507
807		3796		3662502		3460
808		3783		3667104		3510
809		3802		3671696		3519
810		3770		3676287		3493
811		3775		3680879		3497
812		3776		3685491		3486
813		3792		3690085		3496
814		3843		3694686		3480
815		3843		3699289		3481
816		3805		3703892		3494
817		3735		3708498		3484
818		3742		3713097		3476
819		3736		3717686		3483
820		3693		3722268		3519
821		3761		3726837		3501
822		3820		3731440		3489
823		3768		3736070		3510
824		3791		3740678		3483
825		3738		3745289		3495
826		3677		3749874		3491
827		3687		3754454		3511
828		3749		3759041		3493
829		3753		3763646		3488
830		3686		3768257		3485
831		3638		3772839		3475
832		3659		3777427		3499
833		3698		3782012		3463
834		3696		3786597		3483
835		3670		3791180		3480
836		3631		3795769		3472
837		3671		3800355		3462
838		3635		3804952		3461
839		3673		3809545		3441
840		3747		3814141		3485
841		3744		3818735		3494
842		3770		3823341		3494
843		3800		3827937		3505
844		3832		3832538		3469
845		3798		3837163		3487
846		3793		3841765		3502
847		3800		3846364		3499
848		3779		3850975		3466
849		3763		3855567		3488
850		3688		3860154		3477
851		3689		3864758		3520
852		3726		3869354		3490
853		3689		3873945		3506
854		3717		3878560		3497
855		3722		3883167		3510
856		3729		3887758		3493
857		3739		3892344		3528
858		3800		3896954		3468
859		3756		3901567		3505
860		3783		3906175		3517
861		3727		3910754		3476
862		3727		3915350		3470
863		3714		3919937		3500
864		3675		3924532		3520
865		3656		3929136		3502
866		3645		3933735		3488
867		3694		3938327		3490
868		3646		3942927		3508
869		3625		3947525		3488
870		3621		3952120		3504
871		3683		3956702		3499
872		3686		3961288		3526
873		3644		3965892		3499
874		3625		3970491		3468
875		3597		3975100		3526
876		3567		3979698		3488
877		3590		3984302		3506
878		3533		3988897		3506
879		3601		3993486		3522
880		3591		3998072		3504
881		3632		4002667		3521
882		3652		4007263		3537
883		3697		4011869		3538
884		3651		4016463		3512
885		3618		4021080		3484
886		3614		4025659		3501
887		3684		4030276		3502
888		3643		4034886		3492
889		3683		4039485		3514
890		3668		4044083		3487
891		3659		4048698		3483
892		3602		4053271		3488
893		3612		4057870		3473
894		3581		4062466		3482
895		3589		4067053		3481
896		3558		4071636		3485
897		3633		4076229		3482
898		3630		4080823		3511
899		3651		4085424		3516
900		3658		4090024		3477
901		3667		4094614		3489
902		3650		4099213		3524
903		3662		4103816		3498
904		3655		4108393		3477
905		3637		4112979		3529
906		3633		4117556		3524
907		3652		4122130		3523
908		3658		4126724		3518
909		3614		4131325		3487
910		3623		4135908		3502
911		3643		4140498		3514
912		3587		4145083		3516
913		3702		4149664		3511
914		3713		4154279		3506
915		3723		4158879		3505
916		3720		4163459		3512
917		3688		4168051		3494
918		3665		4172622		3492
919		3658		4177194		3518
920		3650		4181780		3468
921		3688		4186356		3530
922		3720		4190959		3489
923		3739		4195534		3502
924		3688		4200110		3494
925		3672		4204703		3504
926		3650		4209286		3513
927		3648		4213885		3511
928		3629		4218479		3497
929		3665		4223056		3492
930		3731		4227639		3496
931		3674		4232216		3502
932		3774		4236820		3525
933		3814		4241421		3514
934		3724		4246015		3503
935		3737		4250579		3508
936		3724		4255171		3504
937		3743		4259754		3499
938		3716		4264347		3540
939		3729		4268923		3484
940		3692		4273500		3468
941		3671		4278067		3489
942		3692		4282653		3496
943		3784		4287254		3486
944		3800		4291848		3521
945		3751		4296447		3500
946		3772		4301033		3502
947		3793		4305629		3459
948		3743		4310226		3496
949		3693		4314824		3492
950		3715		4319426		3516
951		3694		4324024		3513
952		3738		4328617		3522
953		3630		4333205		3511
954		3676		4337795		3466
955		3624		4342365		3496
956		3657		4346967		3478
957		3643		4351563		3506
958		3642		4356133		3507
959		3599		4360729		3480
960		3599		4365290		3507
961		3612		4369863		3501
962		3582		4374443		3477
963		3598		4379061		3483
964		3583		4383646		3500
965		3597		4388242		3520
966		3612		4392841		3530
967		3667		4397432		3515
968		3672		4402020		3495
969		3746		4406623		3507
970		3721		4411242		3508
971		3725		4415830		3507
972		3710		4420413		3471
973		3681		4425003		3508
974		3759		4429597		3518
975		3729		4434208		3488
976		3780		4438808		3520
977		3787		4443398		3480
978		3820		4447985		3491
979		3798		4452573		3484
980		3776		4457166		3486
981		3760		4461764		3488
982		3743		4466354		3516
983		3776		4470932		3510
984		3752		4475510		3501
985		3765		4480086		3491
986		3760		4484672		3504
987		3765		4489278		3518
988		3757		4493865		3469
989		3801		4498438		3513
990		3814		4503036		3454
991		3780		4507597		3502
992		3773		4512188		3507
993		3868		4516786		3519
994		3870		4521379		3504
995		3937		4525973		3510
996		3846		4530568		3466
997		3896		4535151		3526
998		3880		4539750		3509
999		3845		4544337		3495
