# Migration is number of nodes that have changed color.

Round		Edge-Cut		Swaps		Migrations		Skipped
0		10160		4644		3258
1		9939		9259		3298
2		9727		13847		3380
3		9753		18427		3424
4		9594		23007		3458
5		9515		27548		3441
6		9514		32095		3411
7		9510		36659		3418
8		9486		41227		3481
9		9463		45799		3465
10		9361		50361		3460
11		9357		54891		3478
12		9329		59426		3563
13		9285		63970		3504
14		9163		68517		3522
15		9132		73051		3491
16		9028		77565		3489
17		8974		82059		3454
18		9029		86564		3498
19		9022		91054		3481
20		9000		95539		3530
21		8956		100053		3534
22		8871		104521		3507
23		8866		109002		3477
24		8881		113500		3502
25		8820		117968		3526
26		8833		122448		3510
27		8792		126926		3510
28		8674		131395		3525
29		8619		135871		3549
30		8598		140331		3514
31		8561		144789		3491
32		8537		149280		3514
33		8412		153710		3543
34		8373		158140		3544
35		8288		162567		3509
36		8283		166993		3543
37		8302		171426		3579
38		8302		175860		3545
39		8283		180307		3511
40		8227		184686		3546
41		8189		189123		3540
42		8175		193530		3500
43		8145		197934		3540
44		8054		202348		3506
45		7937		206756		3529
46		7952		211182		3526
47		7816		215586		3479
48		7748		219958		3535
49		7809		224391		3508
50		7831		228816		3512
51		7856		233243		3469
52		7755		237678		3482
53		7652		242113		3489
54		7669		246530		3453
55		7622		250947		3512
56		7614		255355		3520
57		7662		259764		3524
58		7666		264195		3545
59		7622		268609		3536
60		7529		273037		3519
61		7495		277439		3547
62		7473		281880		3517
63		7510		286324		3501
64		7525		290733		3514
65		7549		295175		3554
66		7473		299592		3491
67		7431		304000		3511
68		7358		308392		3483
69		7438		312805		3526
70		7510		317213		3547
71		7395		321654		3495
72		7394		326085		3528
73		7232		330482		3516
74		7281		334902		3557
75		7268		339339		3559
76		7305		343768		3539
77		7097		348181		3536
78		7109		352600		3554
79		7078		357024		3513
80		7137		361452		3567
81		7136		365892		3554
82		7131		370323		3522
83		7016		374730		3492
84		7032		379158		3523
85		7034		383604		3559
86		7020		388064		3487
87		6975		392501		3533
88		7007		396948		3507
89		7016		401404		3486
90		7008		405887		3506
91		6954		410323		3509
92		6989		414775		3484
93		6967		419232		3542
94		6938		423652		3523
95		6916		428126		3545
96		6827		432606		3525
97		6805		437043		3500
98		6785		441478		3489
99		6767		445932		3509
100		6750		450393		3509
101		6724		454870		3478
102		6641		459335		3510
103		6675		463798		3477
104		6581		468242		3519
105		6560		472687		3542
106		6545		477153		3517
107		6475		481616		3493
108		6510		486065		3436
109		6468		490511		3483
110		6463		494974		3491
111		6530		499427		3525
112		6496		503909		3536
113		6444		508396		3549
114		6442		512860		3520
115		6456		517340		3499
116		6433		521817		3526
117		6459		526279		3510
118		6564		530766		3515
119		6479		535252		3447
120		6423		539734		3535
121		6356		544213		3470
122		6389		548690		3536
123		6402		553209		3477
124		6399		557733		3491
125		6366		562289		3517
126		6320		566775		3501
127		6290		571265		3474
128		6209		575725		3529
129		6309		580197		3501
130		6232		584674		3493
131		6223		589167		3587
132		6222		593668		3518
133		6180		598185		3497
134		6190		602682		3492
135		6184		607186		3507
136		6144		611660		3528
137		6176		616168		3534
138		6214		620676		3493
139		6157		625196		3517
140		6116		629723		3507
141		6057		634209		3500
142		6066		638716		3472
143		6053		643206		3464
144		6021		647702		3494
145		6036		652193		3493
146		5994		656738		3473
147		6043		661223		3501
148		6021		665718		3483
149		5987		670233		3517
150		5980		674750		3514
151		5983		679268		3485
152		5940		683786		3506
153		5875		688298		3496
154		5899		692787		3489
155		5852		697301		3471
156		5868		701792		3522
157		5859		706271		3528
158		5869		710785		3543
159		5850		715283		3544
160		5862		719787		3472
161		5818		724303		3506
162		5743		728797		3505
163		5729		733296		3512
164		5704		737795		3550
165		5630		742313		3497
166		5680		746811		3555
167		5700		751332		3510
168		5704		755856		3498
169		5637		760388		3519
170		5544		764884		3529
171		5595		769391		3511
172		5649		773905		3513
173		5624		778391		3535
174		5609		782880		3513
175		5609		787384		3468
176		5609		791868		3520
177		5721		796379		3521
178		5652		800909		3522
179		5629		805393		3549
180		5605		809906		3477
181		5511		814445		3507
182		5520		818965		3490
183		5510		823497		3506
184		5526		828008		3524
185		5497		832524		3487
186		5460		837035		3519
187		5515		841555		3523
188		5467		846049		3490
189		5423		850565		3485
190		5390		855098		3473
191		5420		859633		3497
192		5477		864162		3493
193		5489		868667		3478
194		5438		873201		3514
195		5360		877703		3499
196		5350		882226		3492
197		5305		886750		3511
198		5306		891254		3509
199		5275		895743		3534
200		5300		900273		3546
201		5287		904773		3490
202		5362		909321		3519
203		5348		913837		3480
204		5236		918376		3493
205		5372		922886		3485
206		5314		927411		3502
207		5256		931922		3540
208		5318		936445		3478
209		5341		940955		3485
210		5312		945511		3513
211		5309		950057		3471
212		5255		954589		3477
213		5328		959115		3533
214		5345		963668		3523
215		5328		968211		3564
216		5310		972734		3503
217		5347		977256		3469
218		5338		981788		3520
219		5210		986312		3550
220		5241		990844		3483
221		5238		995365		3496
222		5217		999904		3497
223		5181		1004442		3503
224		5204		1008970		3505
225		5166		1013494		3483
226		5118		1018025		3501
227		5166		1022551		3509
228		5104		1027081		3460
229		5091		1031616		3493
230		5068		1036130		3529
231		5147		1040649		3526
232		5145		1045221		3515
233		5130		1049753		3549
234		5188		1054281		3512
235		5172		1058828		3544
236		5218		1063366		3551
237		5178		1067893		3526
238		5193		1072416		3548
239		5166		1076922		3512
240		5198		1081451		3518
241		5211		1085973		3499
242		5256		1090524		3483
243		5198		1095060		3497
244		5210		1099593		3541
245		5237		1104134		3499
246		5171		1108654		3546
247		5168		1113180		3548
248		5233		1117713		3548
249		5235		1122236		3509
250		5219		1126758		3521
251		5202		1131289		3522
252		5239		1135809		3532
253		5222		1140342		3561
254		5172		1144880		3517
255		5097		1149431		3561
256		5170		1153953		3555
257		5209		1158469		3542
258		5184		1163019		3552
259		5101		1167563		3496
260		5167		1172098		3524
261		5165		1176648		3549
262		5130		1181187		3523
263		5116		1185709		3500
264		5097		1190225		3504
265		5089		1194780		3512
266		5017		1199342		3537
267		5039		1203881		3530
268		4948		1208431		3495
269		4914		1212964		3522
270		4916		1217506		3535
271		4910		1222054		3506
272		4844		1226575		3498
273		4884		1231073		3501
274		4888		1235599		3534
275		4907		1240146		3546
276		4867		1244677		3539
277		4905		1249243		3531
278		4942		1253806		3522
279		4937		1258346		3509
280		4868		1262924		3475
281		4837		1267469		3523
282		4850		1272020		3478
283		4830		1276587		3522
284		4827		1281144		3534
285		4784		1285691		3510
286		4810		1290209		3523
287		4808		1294760		3521
288		4800		1299297		3503
289		4800		1303847		3540
290		4776		1308371		3526
291		4707		1312945		3530
292		4724		1317507		3516
293		4706		1322041		3524
294		4742		1326597		3507
295		4751		1331153		3487
296		4785		1335714		3514
297		4756		1340264		3494
298		4688		1344818		3489
299		4752		1349387		3488
300		4688		1353971		3506
301		4725		1358527		3519
302		4728		1363099		3544
303		4696		1367654		3530
304		4691		1372203		3499
305		4684		1376777		3515
306		4713		1381330		3526
307		4637		1385894		3495
308		4644		1390426		3510
309		4689		1394960		3525
310		4680		1399500		3502
311		4660		1404056		3501
312		4684		1408625		3505
313		4672		1413171		3522
314		4630		1417720		3512
315		4652		1422244		3509
316		4662		1426819		3473
317		4671		1431382		3527
318		4646		1435908		3491
319		4644		1440433		3489
320		4656		1444976		3499
321		4696		1449520		3501
322		4671		1454066		3534
323		4667		1458641		3502
324		4644		1463183		3532
325		4685		1467744		3525
326		4737		1472296		3503
327		4771		1476841		3503
328		4692		1481431		3519
329		4644		1486002		3492
330		4692		1490560		3511
331		4705		1495123		3483
332		4649		1499695		3517
333		4662		1504249		3513
334		4630		1508811		3525
335		4602		1513385		3501
336		4620		1517938		3484
337		4584		1522475		3481
338		4584		1527008		3521
339		4636		1531559		3497
340		4691		1536119		3538
341		4701		1540690		3489
342		4721		1545260		3539
343		4700		1549847		3478
344		4612		1554424		3503
345		4570		1558951		3505
346		4513		1563495		3496
347		4504		1568031		3510
348		4496		1572568		3467
349		4533		1577124		3501
350		4514		1581687		3544
351		4515		1586219		3557
352		4511		1590787		3518
353		4505		1595330		3511
354		4508		1599889		3538
355		4495		1604429		3523
356		4528		1608960		3543
357		4477		1613509		3486
358		4485		1618060		3473
359		4535		1622622		3549
360		4541		1627191		3502
361		4538		1631753		3497
362		4558		1636323		3471
363		4456		1640887		3509
364		4498		1645447		3513
365		4486		1650012		3527
366		4451		1654567		3547
367		4468		1659127		3497
368		4409		1663696		3503
369		4395		1668265		3511
370		4475		1672828		3470
371		4518		1677408		3501
372		4484		1681975		3521
373		4469		1686545		3503
374		4462		1691088		3509
375		4418		1695644		3524
376		4443		1700200		3527
377		4480		1704776		3506
378		4448		1709345		3490
379		4414		1713888		3480
380		4458		1718454		3505
381		4472		1723019		3485
382		4496		1727588		3500
383		4488		1732166		3491
384		4453		1736714		3513
385		4435		1741290		3485
386		4388		1745864		3494
387		4403		1750432		3512
388		4478		1755000		3486
389		4505		1759588		3468
390		4445		1764168		3458
391		4396		1768734		3504
392		4399		1773290		3537
393		4463		1777833		3514
394		4413		1782406		3495
395		4436		1786981		3474
396		4389		1791545		3477
397		4327		1796111		3493
398		4261		1800668		3493
399		4318		1805233		3499
400		4323		1809818		3520
401		4318		1814418		3513
402		4338		1818988		3519
403		4289		1823559		3489
404		4307		1828125		3511
405		4309		1832686		3486
406		4349		1837243		3507
407		4402		1841826		3451
408		4408		1846398		3500
409		4373		1850972		3527
410		4294		1855552		3480
411		4319		1860135		3483
412		4282		1864711		3502
413		4289		1869285		3466
414		4320		1873866		3483
415		4340		1878434		3500
416		4335		1883028		3500
417		4263		1887626		3493
418		4296		1892195		3464
419		4279		1896783		3497
420		4252		1901354		3501
421		4266		1905903		3521
422		4305		1910492		3484
423		4269		1915074		3487
424		4179		1919639		3482
425		4201		1924217		3476
426		4182		1928800		3521
427		4184		1933373		3513
428		4162		1937928		3518
429		4182		1942507		3517
430		4184		1947099		3506
431		4170		1951679		3522
432		4175		1956259		3499
433		4210		1960831		3505
434		4259		1965406		3505
435		4227		1969998		3506
436		4185		1974580		3489
437		4188		1979148		3532
438		4214		1983720		3501
439		4207		1988288		3524
440		4137		1992866		3533
441		4168		1997435		3552
442		4097		2001997		3512
443		4141		2006544		3538
444		4183		2011137		3543
445		4189		2015727		3477
446		4208		2020287		3541
447		4271		2024887		3525
448		4147		2029484		3535
449		4137		2034054		3538
450		4141		2038621		3518
451		4154		2043185		3535
452		4133		2047754		3508
453		4111		2052324		3469
454		4117		2056907		3504
455		4100		2061478		3512
456		4130		2066035		3517
457		4155		2070604		3487
458		4198		2075170		3498
459		4184		2079730		3471
460		4132		2084308		3529
461		4109		2088905		3517
462		4134		2093479		3469
463		4184		2098072		3493
464		4167		2102649		3521
465		4176		2107228		3470
466		4198		2111824		3492
467		4195		2116398		3526
468		4191		2120987		3538
469		4194		2125553		3518
470		4252		2130146		3496
471		4173		2134731		3503
472		4195		2139307		3502
473		4182		2143883		3487
474		4189		2148481		3503
475		4164		2153061		3514
476		4167		2157646		3517
477		4111		2162227		3505
478		4124		2166800		3508
479		4130		2171385		3496
480		4139		2175955		3459
481		4151		2180525		3490
482		4121		2185074		3527
483		4162		2189635		3488
484		4093		2194204		3490
485		4129		2198797		3493
486		4059		2203358		3511
487		4055		2207942		3467
488		4071		2212530		3477
489		4069		2217108		3511
490		4133		2221702		3570
491		4146		2226277		3535
492		4169		2230862		3499
493		4133		2235412		3540
494		4141		2239996		3512
495		4200		2244582		3520
496		4136		2249160		3496
497		4167		2253739		3497
498		4196		2258337		3502
499		4136		2262913		3530
500		4120		2267481		3530
501		4152		2272115		3504
502		4166		2276724		3493
503		4267		2281348		3524
504		4321		2285974		3506
505		4331		2290599		3515
506		4309		2295221		3511
507		4409		2299834		3503
508		4337		2304466		3511
509		4449		2309081		3512
510		4501		2313711		3499
511		4493		2318336		3480
512		4505		2322954		3511
513		4496		2327561		3530
514		4522		2332162		3515
515		4531		2336761		3539
516		4468		2341390		3540
517		4491		2345991		3531
518		4484		2350602		3525
519		4436		2355216		3519
520		4402		2359821		3496
521		4435		2364422		3511
522		4412		2369034		3476
523		4408		2373646		3514
524		4450		2378229		3488
525		4438		2382828		3509
526		4471		2387423		3535
527		4566		2392019		3493
528		4563		2396624		3504
529		4511		2401224		3501
530		4485		2405834		3476
531		4528		2410438		3505
532		4496		2415050		3497
533		4576		2419633		3496
534		4555		2424239		3531
535		4520		2428831		3499
536		4395		2433399		3520
537		4452		2437984		3503
538		4447		2442592		3510
539		4435		2447202		3495
540		4408		2451796		3477
541		4378		2456397		3498
542		4361		2460974		3497
543		4366		2465568		3494
544		4333		2470154		3496
545		4357		2474744		3513
546		4365		2479308		3472
547		4402		2483901		3482
548		4375		2488497		3535
549		4353		2493083		3513
550		4312		2497675		3520
551		4288		2502266		3501
552		4324		2506811		3510
553		4288		2511386		3528
554		4292		2515962		3503
555		4295		2520553		3456
556		4254		2525145		3503
557		4282		2529747		3526
558		4296		2534355		3543
559		4286		2538927		3513
560		4314		2543511		3521
561		4288		2548093		3507
562		4248		2552642		3509
563		4300		2557242		3525
564		4284		2561832		3533
565		4318		2566403		3523
566		4265		2571006		3537
567		4216		2575577		3510
568		4244		2580175		3504
569		4240		2584756		3497
570		4140		2589330		3510
571		4203		2593918		3498
572		4156		2598489		3531
573		4117		2603050		3548
574		4112		2607620		3536
575		4131		2612177		3505
576		4114		2616743		3509
577		4133		2621312		3533
578		4116		2625892		3511
579		4142		2630484		3532
580		4206		2635042		3501
581		4149		2639643		3507
582		4168		2644229		3450
583		4150		2648832		3538
584		4154		2653444		3493
585		4141		2658034		3520
586		4132		2662639		3529
587		4152		2667237		3528
588		4166		2671822		3509
589		4105		2676411		3534
590		4105		2681002		3515
591		4031		2685559		3533
592		4090		2690151		3523
593		4156		2694749		3530
594		4089		2699315		3536
595		4057		2703893		3520
596		3992		2708499		3537
597		4023		2713091		3539
598		3982		2717677		3532
599		4031		2722261		3551
600		4066		2726842		3543
601		3994		2731419		3526
602		3938		2735982		3555
603		3952		2740572		3526
604		4002		2745150		3477
605		3964		2749726		3508
606		3974		2754334		3507
607		3973		2758921		3511
608		3943		2763512		3507
609		3909		2768089		3540
610		3902		2772681		3485
611		3891		2777267		3527
612		3847		2781858		3525
613		3871		2786433		3499
614		3894		2790995		3472
615		3929		2795574		3533
616		3926		2800170		3523
617		3834		2804767		3542
618		3864		2809344		3524
619		3825		2813943		3514
620		3881		2818535		3518
621		3853		2823120		3519
622		3856		2827717		3489
623		3852		2832322		3509
624		3828		2836883		3514
625		3804		2841466		3511
626		3842		2846033		3533
627		3836		2850625		3518
628		3824		2855197		3499
629		3781		2859784		3489
630		3753		2864351		3521
631		3805		2868958		3495
632		3862		2873554		3530
633		3815		2878120		3509
634		3827		2882709		3535
635		3826		2887300		3531
636		3831		2891887		3509
637		3804		2896477		3506
638		3800		2901087		3512
639		3816		2905677		3517
640		3814		2910251		3509
641		3803		2914832		3477
642		3797		2919430		3525
643		3736		2924031		3493
644		3716		2928612		3517
645		3733		2933184		3507
646		3803		2937778		3534
647		3718		2942355		3525
648		3777		2946929		3510
649		3829		2951517		3515
650		3863		2956108		3513
651		3822		2960713		3508
652		3889		2965293		3516
653		3869		2969899		3508
654		3877		2974506		3494
655		3818		2979109		3507
656		3829		2983709		3527
657		3875		2988306		3491
658		3880		2992914		3510
659		3891		2997537		3487
660		3806		3002134		3519
661		3811		3006739		3487
662		3804		3011328		3566
663		3764		3015933		3509
664		3729		3020501		3535
665		3702		3025080		3498
666		3737		3029670		3505
667		3737		3034247		3532
668		3790		3038827		3508
669		3780		3043429		3489
670		3695		3048016		3490
671		3740		3052599		3496
672		3757		3057177		3477
673		3732		3061779		3520
674		3708		3066380		3532
675		3648		3070968		3496
676		3642		3075572		3467
677		3657		3080146		3512
678		3680		3084726		3503
679		3684		3089308		3510
680		3682		3093924		3481
681		3686		3098516		3502
682		3703		3103121		3511
683		3629		3107709		3541
684		3641		3112282		3523
685		3637		3116870		3517
686		3681		3121444		3507
687		3658		3126026		3499
688		3656		3130611		3506
689		3664		3135193		3520
690		3668		3139780		3510
691		3654		3144366		3525
692		3627		3148974		3503
693		3681		3153569		3516
694		3696		3158182		3507
695		3667		3162789		3483
696		3672		3167382		3492
697		3651		3171982		3497
698		3685		3176574		3484
699		3716		3181175		3493
700		3645		3185768		3494
701		3662		3190367		3502
702		3667		3194969		3499
703		3599		3199581		3506
704		3636		3204175		3506
705		3629		3208769		3514
706		3575		3213362		3502
707		3599		3217965		3502
708		3601		3222550		3501
709		3668		3227138		3530
710		3730		3231751		3527
711		3649		3236342		3504
712		3638		3240949		3501
713		3635		3245521		3489
714		3639		3250109		3512
715		3682		3254703		3503
716		3699		3259298		3529
717		3713		3263899		3524
718		3737		3268503		3534
719		3732		3273112		3519
720		3713		3277729		3510
721		3718		3282329		3516
722		3740		3286926		3521
723		3690		3291533		3522
724		3689		3296121		3507
725		3673		3300697		3505
726		3659		3305285		3498
727		3648		3309887		3512
728		3603		3314475		3531
729		3519		3319066		3488
730		3631		3323644		3532
731		3686		3328225		3510
732		3654		3332814		3509
733		3618		3337392		3535
734		3639		3341961		3483
735		3622		3346536		3497
736		3584		3351111		3496
737		3535		3355701		3505
738		3562		3360307		3526
739		3570		3364881		3491
740		3598		3369474		3531
741		3583		3374070		3503
742		3584		3378646		3536
743		3580		3383237		3494
744		3597		3387834		3519
745		3590		3392385		3516
746		3674		3396971		3491
747		3676		3401581		3521
748		3620		3406174		3494
749		3616		3410760		3509
750		3604		3415357		3505
751		3645		3419939		3513
752		3672		3424526		3507
753		3699		3429117		3512
754		3695		3433701		3511
755		3732		3438295		3544
756		3675		3442883		3510
757		3654		3447474		3534
758		3665		3452048		3512
759		3688		3456665		3535
760		3664		3461266		3515
761		3627		3465867		3518
762		3599		3470471		3498
763		3636		3475066		3519
764		3694		3479675		3510
765		3683		3484276		3538
766		3680		3488876		3537
767		3664		3493464		3499
768		3685		3498065		3502
769		3618		3502669		3506
770		3679		3507253		3516
771		3695		3511862		3499
772		3736		3516482		3517
773		3744		3521085		3521
774		3726		3525700		3524
775		3685		3530331		3508
776		3639		3534942		3500
777		3648		3539540		3531
778		3649		3544146		3527
779		3611		3548745		3538
780		3576		3553338		3485
781		3596		3557932		3527
782		3633		3562549		3524
783		3626		3567165		3528
784		3628		3571776		3527
785		3587		3576379		3536
786		3564		3580999		3529
787		3522		3585585		3528
788		3552		3590196		3527
789		3601		3594791		3530
790		3582		3599400		3518
791		3567		3603998		3512
792		3570		3608596		3505
793		3584		3613199		3542
794		3580		3617795		3518
795		3494		3622400		3505
796		3531		3626988		3508
797		3514		3631581		3498
798		3509		3636164		3509
799		3521		3640772		3488
800		3532		3645393		3508
801		3574		3650008		3505
802		3545		3654636		3487
803		3552		3659226		3496
804		3541		3663814		3471
805		3583		3668433		3501
806		3564		3673041		3485
807		3574		3677661		3459
808		3584		3682265		3507
809		3576		3686863		3516
810		3572		3691481		3488
811		3604		3696074		3482
812		3572		3700695		3486
813		3523		3705303		3505
814		3526		3709914		3491
815		3519		3714520		3519
816		3554		3719114		3465
817		3536		3723728		3546
818		3446		3728325		3511
819		3486		3732939		3509
820		3503		3737546		3513
821		3508		3742149		3475
822		3566		3746747		3494
823		3532		3751337		3517
824		3519		3755954		3517
825		3554		3760557		3499
826		3573		3765157		3519
827		3580		3769770		3510
828		3628		3774384		3506
829		3586		3778986		3513
830		3606		3783590		3504
831		3622		3788199		3504
832		3576		3792783		3510
833		3599		3797347		3504
834		3584		3801944		3505
835		3561		3806527		3500
836		3513		3811114		3500
837		3525		3815719		3478
838		3524		3820307		3499
839		3553		3824903		3514
840		3583		3829505		3530
841		3604		3834103		3525
842		3567		3838711		3497
843		3563		3843303		3514
844		3597		3847896		3529
845		3586		3852495		3530
846		3595		3857099		3547
847		3621		3861712		3504
848		3637		3866307		3509
849		3577		3870922		3503
850		3570		3875522		3513
851		3604		3880116		3507
852		3589		3884716		3485
853		3520		3889315		3505
854		3504		3893922		3505
855		3540		3898515		3507
856		3535		3903111		3522
857		3468		3907692		3523
858		3508		3912272		3503
859		3508		3916864		3505
860		3509		3921443		3509
861		3587		3926053		3520
862		3652		3930661		3516
863		3593		3935261		3528
864		3629		3939878		3497
865		3664		3944485		3504
866		3703		3949094		3498
867		3727		3953687		3511
868		3699		3958303		3502
869		3680		3962935		3521
870		3633		3967528		3490
871		3613		3972119		3512
872		3617		3976732		3528
873		3663		3981320		3517
874		3671		3985905		3512
875		3700		3990483		3503
876		3689		3995061		3517
877		3674		3999654		3533
878		3678		4004251		3519
879		3695		4008851		3535
880		3682		4013444		3523
881		3716		4018026		3519
882		3719		4022624		3491
883		3726		4027228		3530
884		3743		4031827		3507
885		3730		4036444		3517
886		3718		4041037		3496
887		3699		4045641		3512
888		3662		4050238		3530
889		3683		4054835		3540
890		3670		4059417		3537
891		3649		4064007		3502
892		3659		4068624		3513
893		3732		4073212		3529
894		3715		4077807		3519
895		3722		4082391		3506
896		3744		4086994		3556
897		3669		4091595		3509
898		3698		4096174		3521
899		3732		4100789		3545
900		3731		4105382		3503
901		3747		4109986		3495
902		3708		4114577		3488
903		3750		4119170		3485
904		3828		4123792		3501
905		3756		4128398		3509
906		3714		4132992		3524
907		3677		4137598		3533
908		3684		4142204		3509
909		3686		4146816		3515
910		3713		4151398		3509
911		3696		4155999		3558
912		3707		4160609		3519
913		3670		4165212		3494
914		3689		4169796		3514
915		3625		4174393		3519
916		3645		4178986		3508
917		3676		4183571		3504
918		3680		4188181		3512
919		3694		4192786		3502
920		3683		4197382		3498
921		3667		4201970		3507
922		3633		4206579		3545
923		3633		4211162		3513
924		3626		4215761		3494
925		3610		4220356		3502
926		3610		4224957		3504
927		3607		4229550		3525
928		3641		4234161		3488
929		3664		4238750		3503
930		3695		4243352		3492
931		3639		4247961		3491
932		3654		4252551		3534
933		3682		4257157		3535
934		3688		4261751		3498
935		3668		4266348		3510
936		3710		4270936		3513
937		3717		4275524		3520
938		3720		4280106		3500
939		3759		4284709		3489
940		3755		4289336		3458
941		3728		4293934		3487
942		3713		4298533		3530
943		3695		4303132		3554
944		3679		4307734		3521
945		3650		4312332		3536
946		3727		4316907		3512
947		3766		4321510		3501
948		3741		4326105		3518
949		3718		4330703		3500
950		3709		4335292		3530
951		3734		4339907		3522
952		3703		4344515		3491
953		3692		4349097		3513
954		3753		4353667		3547
955		3679		4358263		3499
956		3697		4362863		3502
957		3651		4367469		3530
958		3634		4372058		3508
959		3596		4376641		3522
960		3615		4381252		3516
961		3663		4385853		3543
962		3643		4390462		3556
963		3612		4395069		3541
964		3616		4399682		3513
965		3601		4404292		3514
966		3591		4408903		3525
967		3573		4413517		3515
968		3556		4418122		3487
969		3586		4422711		3507
970		3664		4427307		3519
971		3668		4431916		3461
972		3643		4436507		3486
973		3628		4441116		3500
974		3647		4445717		3523
975		3641		4450301		3476
976		3659		4454917		3525
977		3641		4459510		3527
978		3657		4464107		3507
979		3596		4468706		3510
980		3614		4473292		3520
981		3597		4477897		3518
982		3594		4482489		3514
983		3566		4487093		3509
984		3572		4491693		3494
985		3602		4496282		3523
986		3595		4500872		3539
987		3596		4505458		3513
988		3615		4510050		3491
989		3617		4514653		3532
990		3598		4519233		3527
991		3634		4523824		3535
992		3609		4528426		3546
993		3636		4533027		3521
994		3650		4537613		3499
995		3622		4542216		3549
996		3606		4546813		3533
997		3580		4551398		3494
998		3605		4555996		3541
999		3601		4560569		3526
