# Migration is number of nodes that have changed color.

Round		Edge-Cut		Swaps		Migrations		Skipped
0		10030		4646		3128
1		9922		9265		3291
2		9778		13863		3350
3		9622		18438		3362
4		9614		22993		3398
5		9567		27561		3429
6		9579		32123		3431
7		9652		36684		3428
8		9559		41251		3525
9		9562		45800		3476
10		9485		50356		3453
11		9498		54917		3490
12		9352		59484		3457
13		9391		64021		3510
14		9318		68581		3496
15		9262		73087		3493
16		9232		77629		3492
17		9313		82162		3505
18		9181		86708		3527
19		9299		91232		3481
20		9046		95751		3471
21		9014		100252		3487
22		9039		104751		3472
23		9145		109285		3471
24		9063		113802		3471
25		9023		118274		3492
26		9073		122762		3479
27		9043		127268		3506
28		8985		131785		3544
29		9023		136280		3453
30		8924		140793		3456
31		8909		145290		3480
32		8936		149766		3444
33		8909		154266		3488
34		8860		158753		3484
35		8886		163236		3473
36		8753		167698		3495
37		8714		172186		3481
38		8683		176636		3534
39		8638		181100		3533
40		8588		185537		3494
41		8581		189987		3533
42		8556		194434		3472
43		8429		198867		3510
44		8395		203286		3497
45		8372		207699		3521
46		8299		212094		3558
47		8203		216519		3502
48		8223		220929		3530
49		8229		225345		3514
50		8152		229779		3540
51		8219		234156		3494
52		8206		238546		3528
53		8127		242955		3520
54		8110		247352		3486
55		8099		251781		3523
56		8073		256181		3529
57		8002		260573		3547
58		8038		264976		3533
59		7891		269373		3495
60		7765		273760		3525
61		7843		278159		3575
62		7803		282552		3517
63		7843		286908		3556
64		7826		291299		3517
65		7802		295726		3540
66		7814		300105		3537
67		7777		304546		3530
68		7712		308944		3492
69		7690		313360		3513
70		7700		317798		3572
71		7619		322238		3538
72		7642		326655		3508
73		7497		331079		3531
74		7402		335433		3520
75		7374		339835		3479
76		7301		344225		3505
77		7293		348605		3562
78		7269		352975		3549
79		7298		357356		3540
80		7211		361747		3510
81		7264		366124		3474
82		7272		370543		3519
83		7375		374941		3514
84		7354		379363		3484
85		7286		383771		3494
86		7277		388212		3458
87		7282		392659		3479
88		7359		397094		3528
89		7340		401552		3509
90		7329		406016		3508
91		7246		410434		3506
92		7192		414889		3521
93		7284		419302		3550
94		7235		423743		3455
95		7171		428165		3477
96		7097		432604		3466
97		7134		436982		3524
98		7115		441414		3492
99		7150		445867		3470
100		7183		450298		3542
101		7205		454746		3500
102		7051		459181		3523
103		7073		463594		3478
104		7062		468031		3521
105		6989		472487		3480
106		6922		476930		3497
107		6946		481370		3531
108		6955		485814		3512
109		6894		490253		3491
110		6892		494694		3523
111		6854		499136		3475
112		6860		503569		3495
113		6889		508008		3521
114		6862		512444		3517
115		6884		516909		3498
116		6826		521379		3499
117		6892		525850		3534
118		6847		530319		3498
119		6871		534775		3474
120		6865		539191		3508
121		6762		543662		3465
122		6771		548108		3470
123		6769		552571		3494
124		6749		557040		3490
125		6760		561479		3485
126		6666		565931		3534
127		6594		570333		3537
128		6655		574761		3526
129		6581		579184		3495
130		6592		583637		3541
131		6646		588106		3485
132		6597		592559		3539
133		6619		597008		3512
134		6514		601485		3500
135		6550		605927		3502
136		6526		610397		3509
137		6434		614842		3491
138		6519		619313		3474
139		6524		623781		3462
140		6532		628254		3493
141		6525		632729		3467
142		6382		637194		3464
143		6387		641651		3466
144		6388		646132		3473
145		6413		650618		3515
146		6447		655089		3549
147		6300		659557		3519
148		6305		664006		3467
149		6282		668473		3481
150		6287		672952		3507
151		6310		677426		3490
152		6252		681878		3509
153		6237		686372		3468
154		6191		690823		3478
155		6221		695292		3491
156		6176		699767		3493
157		6175		704258		3521
158		6261		708748		3493
159		6188		713220		3527
160		6187		717714		3500
161		6192		722202		3524
162		6207		726691		3521
163		6199		731182		3526
164		6187		735691		3522
165		6117		740186		3497
166		6105		744659		3512
167		6045		749142		3517
168		6012		753604		3508
169		6012		758074		3492
170		5982		762568		3509
171		5936		767062		3508
172		5990		771550		3522
173		5981		776047		3516
174		5939		780540		3496
175		5972		785004		3514
176		5904		789502		3525
177		5931		793997		3520
178		5972		798487		3504
179		5967		802996		3466
180		5954		807521		3459
181		5958		812020		3500
182		5908		816534		3488
183		5858		821038		3550
184		5877		825523		3508
185		5904		830019		3482
186		5898		834501		3489
187		5853		839018		3519
188		5798		843543		3491
189		5768		848030		3516
190		5831		852542		3481
191		5776		857033		3512
192		5727		861522		3471
193		5674		866018		3504
194		5633		870503		3439
195		5581		874978		3491
196		5534		879454		3548
197		5568		883901		3542
198		5614		888429		3518
199		5587		892922		3540
200		5555		897454		3525
201		5530		901983		3503
202		5441		906482		3503
203		5439		910970		3525
204		5480		915470		3528
205		5511		919983		3538
206		5458		924505		3496
207		5462		929036		3549
208		5447		933549		3484
209		5472		938057		3520
210		5428		942580		3525
211		5473		947067		3472
212		5462		951580		3507
213		5372		956088		3522
214		5326		960605		3502
215		5314		965098		3510
216		5337		969609		3527
217		5379		974118		3557
218		5433		978636		3493
219		5397		983146		3551
220		5336		987655		3514
221		5354		992168		3508
222		5342		996689		3522
223		5431		1001203		3515
224		5344		1005707		3509
225		5392		1010195		3512
226		5390		1014708		3530
227		5333		1019170		3524
228		5348		1023689		3566
229		5425		1028204		3534
230		5366		1032725		3520
231		5377		1037251		3480
232		5377		1041750		3508
233		5363		1046241		3516
234		5439		1050766		3537
235		5380		1055289		3509
236		5358		1059809		3522
237		5313		1064317		3527
238		5281		1068817		3513
239		5223		1073314		3525
240		5293		1077827		3547
241		5207		1082370		3512
242		5166		1086877		3547
243		5177		1091391		3498
244		5161		1095913		3497
245		5227		1100424		3490
246		5208		1104960		3497
247		5183		1109469		3456
248		5177		1113974		3542
249		5155		1118496		3485
250		5140		1123014		3501
251		5137		1127505		3527
252		5175		1132035		3449
253		5111		1136554		3525
254		5159		1141064		3484
255		5143		1145592		3501
256		5157		1150114		3507
257		5114		1154618		3519
258		5151		1159142		3523
259		5192		1163653		3516
260		5122		1168172		3492
261		5134		1172734		3533
262		5140		1177245		3515
263		5102		1181773		3539
264		5139		1186306		3539
265		5119		1190808		3498
266		5022		1195308		3487
267		5056		1199828		3498
268		5065		1204379		3514
269		5075		1208899		3513
270		5073		1213433		3506
271		5108		1217970		3487
272		5164		1222498		3493
273		5126		1227039		3541
274		5120		1231570		3549
275		5095		1236111		3534
276		5098		1240639		3522
277		5142		1245191		3525
278		5073		1249733		3509
279		5075		1254271		3504
280		5076		1258808		3495
281		5003		1263340		3502
282		5018		1267886		3524
283		5023		1272405		3521
284		4957		1276919		3521
285		4952		1281440		3497
286		4933		1285955		3511
287		4896		1290481		3519
288		4884		1294995		3526
289		5003		1299511		3519
290		4988		1304043		3511
291		4979		1308591		3546
292		4966		1313129		3522
293		4907		1317663		3522
294		4875		1322188		3501
295		4842		1326728		3494
296		4845		1331236		3496
297		4721		1335777		3504
298		4705		1340289		3499
299		4723		1344819		3522
300		4722		1349345		3516
301		4783		1353875		3511
302		4832		1358439		3533
303		4797		1362974		3463
304		4775		1367517		3497
305		4731		1372057		3480
306		4752		1376594		3450
307		4688		1381123		3498
308		4747		1385643		3476
309		4687		1390184		3477
310		4708		1394720		3512
311		4696		1399245		3506
312		4655		1403789		3492
313		4726		1408321		3463
314		4716		1412845		3486
315		4677		1417374		3489
316		4648		1421908		3516
317		4619		1426449		3538
318		4584		1430990		3476
319		4621		1435528		3501
320		4533		1440082		3521
321		4562		1444633		3527
322		4614		1449203		3488
323		4563		1453768		3534
324		4546		1458317		3503
325		4581		1462864		3535
326		4573		1467402		3497
327		4579		1471955		3520
328		4567		1476514		3527
329		4548		1481055		3510
330		4608		1485628		3512
331		4608		1490222		3531
332		4569		1494788		3501
333		4570		1499360		3506
334		4534		1503889		3507
335		4549		1508455		3506
336		4551		1513002		3507
337		4624		1517540		3511
338		4615		1522088		3513
339		4563		1526636		3554
340		4626		1531186		3535
341		4611		1535735		3488
342		4556		1540303		3493
343		4516		1544878		3512
344		4563		1549443		3479
345		4577		1554018		3473
346		4574		1558557		3523
347		4564		1563124		3514
348		4505		1567669		3465
349		4496		1572213		3493
350		4587		1576749		3513
351		4545		1581319		3474
352		4545		1585842		3510
353		4556		1590391		3503
354		4581		1594944		3519
355		4612		1599506		3521
356		4581		1604065		3484
357		4588		1608647		3522
358		4545		1613194		3512
359		4610		1617756		3526
360		4612		1622326		3507
361		4565		1626884		3503
362		4566		1631422		3501
363		4593		1635976		3510
364		4586		1640538		3502
365		4597		1645110		3475
366		4657		1649679		3481
367		4661		1654252		3502
368		4632		1658801		3503
369		4550		1663344		3502
370		4549		1667906		3523
371		4552		1672460		3512
372		4560		1677000		3527
373		4591		1681547		3508
374		4602		1686115		3521
375		4636		1690702		3498
376		4609		1695276		3513
377		4586		1699830		3558
378		4582		1704378		3497
379		4568		1708943		3477
380		4563		1713518		3486
381		4591		1718083		3507
382		4528		1722664		3500
383		4448		1727201		3533
384		4497		1731771		3535
385		4495		1736322		3516
386		4511		1740880		3527
387		4477		1745429		3538
388		4485		1749977		3519
389		4478		1754525		3493
390		4472		1759064		3503
391		4538		1763612		3506
392		4520		1768167		3520
393		4567		1772727		3499
394		4499		1777287		3511
395		4529		1781858		3502
396		4556		1786430		3515
397		4521		1791006		3490
398		4553		1795578		3535
399		4523		1800158		3491
400		4519		1804722		3484
401		4470		1809268		3488
402		4430		1813828		3475
403		4440		1818382		3493
404		4451		1822953		3503
405		4425		1827524		3515
406		4411		1832082		3524
407		4430		1836623		3526
408		4466		1841177		3565
409		4383		1845766		3541
410		4301		1850329		3514
411		4264		1854872		3487
412		4320		1859440		3518
413		4248		1864002		3482
414		4240		1868553		3495
415		4273		1873106		3482
416		4232		1877656		3514
417		4273		1882231		3501
418		4285		1886780		3471
419		4213		1891337		3513
420		4255		1895873		3532
421		4204		1900436		3530
422		4177		1904989		3535
423		4109		1909536		3493
424		4105		1914091		3474
425		4108		1918643		3499
426		4152		1923199		3496
427		4115		1927741		3490
428		4158		1932264		3495
429		4238		1936842		3502
430		4143		1941405		3534
431		4174		1945960		3480
432		4203		1950532		3502
433		4221		1955104		3505
434		4223		1959677		3510
435		4171		1964248		3516
436		4176		1968788		3499
437		4190		1973347		3519
438		4216		1977914		3518
439		4256		1982479		3517
440		4216		1987054		3510
441		4211		1991615		3529
442		4140		1996191		3473
443		4153		2000758		3518
444		4093		2005341		3522
445		4049		2009887		3515
446		4048		2014439		3496
447		4067		2019006		3546
448		4063		2023587		3518
449		4083		2028179		3509
450		4055		2032765		3502
451		4026		2037337		3493
452		4063		2041891		3516
453		4104		2046441		3544
454		4143		2050991		3540
455		4106		2055573		3526
456		4079		2060134		3503
457		4137		2064719		3564
458		4115		2069319		3530
459		4085		2073910		3527
460		4004		2078488		3570
461		3968		2083041		3503
462		3969		2087602		3515
463		4022		2092165		3543
464		3942		2096755		3540
465		3907		2101324		3551
466		3937		2105916		3519
467		3991		2110490		3529
468		3993		2115073		3520
469		3960		2119639		3514
470		4012		2124219		3549
471		4024		2128801		3522
472		4034		2133382		3501
473		4015		2137966		3509
474		4054		2142549		3474
475		4074		2147146		3504
476		4077		2151726		3500
477		4046		2156303		3507
478		4032		2160876		3499
479		3982		2165464		3497
480		4015		2170037		3503
481		3971		2174617		3500
482		3986		2179209		3461
483		3976		2183796		3488
484		3969		2188379		3520
485		4035		2192941		3494
486		4036		2197534		3515
487		4019		2202128		3515
488		3914		2206712		3519
489		3928		2211288		3484
490		3945		2215851		3540
491		4028		2220421		3513
492		3997		2225013		3525
493		3974		2229626		3499
494		3998		2234218		3501
495		3988		2238808		3507
496		3940		2243392		3480
497		3969		2247974		3505
498		3991		2252535		3530
499		3999		2257112		3488
500		3947		2261695		3543
501		4035		2266298		3504
502		4054		2270922		3485
503		4080		2275533		3488
504		4131		2280151		3460
505		4126		2284794		3474
506		4159		2289435		3502
507		4130		2294068		3513
508		4138		2298678		3529
509		4175		2303304		3504
510		4206		2307926		3513
511		4188		2312557		3465
512		4195		2317156		3505
513		4191		2321767		3527
514		4158		2326374		3529
515		4207		2331000		3532
516		4296		2335608		3525
517		4286		2340228		3524
518		4191		2344838		3524
519		4124		2349455		3522
520		4164		2354060		3496
521		4201		2358628		3519
522		4246		2363230		3490
523		4258		2367838		3489
524		4221		2372448		3503
525		4174		2377050		3494
526		4190		2381661		3506
527		4176		2386263		3490
528		4218		2390861		3517
529		4230		2395478		3523
530		4246		2400075		3509
531		4200		2404688		3489
532		4281		2409296		3524
533		4282		2413894		3508
534		4326		2418488		3498
535		4283		2423099		3513
536		4309		2427686		3531
537		4352		2432279		3537
538		4319		2436878		3479
539		4307		2441488		3495
540		4279		2446074		3529
541		4228		2450666		3555
542		4175		2455245		3528
543		4192		2459833		3543
544		4179		2464401		3536
545		4231		2468994		3523
546		4258		2473605		3532
547		4220		2478205		3477
548		4179		2482793		3514
549		4169		2487368		3473
550		4168		2491942		3539
551		4196		2496509		3487
552		4193		2501099		3503
553		4169		2505674		3531
554		4193		2510229		3488
555		4142		2514829		3544
556		4142		2519417		3505
557		4090		2523962		3528
558		4158		2528550		3532
559		4182		2533140		3543
560		4246		2537730		3540
561		4216		2542322		3533
562		4193		2546897		3548
563		4220		2551483		3496
564		4200		2556082		3510
565		4254		2560657		3525
566		4220		2565234		3543
567		4200		2569831		3508
568		4199		2574406		3502
569		4226		2578996		3521
570		4171		2583590		3506
571		4121		2588144		3495
572		4173		2592715		3502
573		4198		2597294		3516
574		4205		2601901		3504
575		4162		2606498		3557
576		4150		2611076		3523
577		4149		2615669		3527
578		4064		2620246		3503
579		4035		2624822		3547
580		3996		2629383		3501
581		3962		2633944		3508
582		3917		2638551		3486
583		3954		2643145		3489
584		3991		2647727		3516
585		3986		2652302		3499
586		3979		2656882		3495
587		3979		2661469		3520
588		3974		2666038		3527
589		4014		2670638		3475
590		4054		2675235		3525
591		4024		2679805		3524
592		4066		2684389		3511
593		4035		2688977		3523
594		4051		2693554		3502
595		4031		2698137		3519
596		4039		2702734		3504
597		4078		2707318		3509
598		4063		2711916		3502
599		4011		2716500		3491
600		3998		2721065		3507
601		4010		2725662		3489
602		4049		2730239		3481
603		3989		2734818		3501
604		3987		2739380		3496
605		3950		2743965		3508
606		3941		2748534		3530
607		4007		2753111		3523
608		4087		2757706		3512
609		4067		2762298		3500
610		3947		2766863		3523
611		3996		2771429		3512
612		3948		2776011		3507
613		4018		2780612		3514
614		4019		2785203		3490
615		3992		2789777		3527
616		3923		2794358		3466
617		3917		2798929		3483
618		3942		2803513		3502
619		3922		2808111		3514
620		3958		2812718		3504
621		3960		2817298		3461
622		3914		2821877		3463
623		3909		2826462		3509
624		3869		2831063		3513
625		3871		2835675		3508
626		3950		2840250		3498
627		3933		2844845		3531
628		3923		2849454		3535
629		3888		2854038		3530
630		3922		2858646		3526
631		3899		2863248		3491
632		3885		2867823		3520
633		3882		2872413		3499
634		3874		2876985		3499
635		3883		2881552		3522
636		3890		2886148		3504
637		3840		2890726		3525
638		3842		2895311		3498
639		3819		2899910		3530
640		3848		2904478		3525
641		3840		2909060		3486
642		3810		2913637		3509
643		3820		2918222		3542
644		3788		2922814		3536
645		3846		2927376		3506
646		3804		2931955		3510
647		3813		2936531		3515
648		3777		2941131		3491
649		3856		2945709		3497
650		3858		2950301		3489
651		3853		2954880		3551
652		3812		2959468		3542
653		3789		2964060		3534
654		3854		2968662		3513
655		3879		2973261		3495
656		3887		2977855		3498
657		3953		2982458		3537
658		3982		2987068		3509
659		3949		2991673		3531
660		3927		2996260		3505
661		3911		3000864		3536
662		3921		3005461		3491
663		3871		3010020		3495
664		3811		3014607		3452
665		3811		3019179		3494
666		3816		3023779		3496
667		3829		3028371		3488
668		3805		3032963		3493
669		3797		3037567		3510
670		3798		3042162		3474
671		3813		3046750		3482
672		3801		3051368		3512
673		3754		3055959		3474
674		3789		3060565		3474
675		3780		3065171		3513
676		3787		3069772		3497
677		3811		3074386		3530
678		3784		3078991		3489
679		3732		3083570		3482
680		3711		3088162		3492
681		3714		3092763		3494
682		3730		3097375		3509
683		3708		3101987		3483
684		3637		3106595		3488
685		3693		3111194		3524
686		3672		3115787		3531
687		3686		3120385		3499
688		3675		3124982		3491
689		3650		3129587		3504
690		3650		3134175		3502
691		3701		3138762		3536
692		3676		3143358		3493
693		3670		3147937		3495
694		3674		3152516		3460
695		3670		3157113		3506
696		3670		3161698		3501
697		3672		3166297		3509
698		3623		3170889		3461
699		3674		3175474		3468
700		3701		3180082		3489
701		3685		3184698		3481
702		3696		3189325		3531
703		3701		3193917		3525
704		3715		3198539		3521
705		3663		3203137		3513
706		3642		3207732		3519
707		3617		3212306		3497
708		3660		3216906		3480
709		3697		3221490		3484
710		3672		3226081		3526
711		3693		3230688		3520
712		3690		3235275		3526
713		3698		3239864		3518
714		3724		3244476		3485
715		3699		3249089		3505
716		3675		3253683		3511
717		3704		3258274		3491
718		3653		3262870		3492
719		3676		3267477		3488
720		3706		3272067		3494
721		3719		3276659		3507
722		3758		3281242		3475
723		3737		3285834		3498
724		3695		3290419		3500
725		3718		3294992		3535
726		3699		3299575		3509
727		3709		3304163		3482
728		3711		3308756		3512
729		3703		3313337		3541
730		3672		3317933		3536
731		3616		3322520		3496
732		3645		3327129		3498
733		3646		3331737		3517
734		3610		3336363		3517
735		3613		3340958		3488
736		3639		3345545		3509
737		3564		3350121		3490
738		3533		3354707		3513
739		3579		3359277		3484
740		3587		3363880		3512
741		3548		3368476		3526
742		3599		3373082		3487
743		3618		3377684		3524
744		3633		3382278		3507
745		3659		3386881		3489
746		3661		3391476		3502
747		3677		3396087		3507
748		3657		3400707		3514
749		3604		3405315		3477
750		3550		3409931		3517
751		3641		3414544		3518
752		3630		3419155		3530
753		3630		3423754		3496
754		3585		3428362		3491
755		3575		3432971		3499
756		3579		3437572		3532
757		3559		3442173		3523
758		3556		3446788		3494
759		3570		3451381		3506
760		3536		3455984		3505
761		3547		3460559		3509
762		3521		3465167		3531
763		3463		3469763		3527
764		3500		3474378		3477
765		3442		3478959		3508
766		3527		3483550		3514
767		3510		3488173		3523
768		3495		3492769		3516
769		3433		3497349		3505
770		3430		3501932		3521
771		3458		3506507		3516
772		3469		3511079		3495
773		3472		3515658		3513
774		3438		3520234		3476
775		3486		3524828		3486
776		3525		3529416		3489
777		3452		3534020		3488
778		3468		3538604		3506
779		3522		3543199		3512
780		3479		3547791		3504
781		3523		3552393		3523
782		3475		3557003		3514
783		3477		3561593		3520
784		3464		3566184		3520
785		3414		3570772		3514
786		3391		3575381		3531
787		3429		3579977		3531
788		3460		3584558		3525
789		3410		3589169		3519
790		3450		3593765		3511
791		3433		3598356		3521
792		3412		3602975		3494
793		3424		3607577		3531
794		3464		3612193		3514
795		3454		3616804		3514
796		3452		3621415		3489
797		3458		3626035		3504
798		3472		3630650		3511
799		3510		3635254		3510
800		3514		3639856		3518
801		3432		3644479		3533
802		3407		3649096		3513
803		3465		3653697		3522
804		3420		3658291		3504
805		3404		3662879		3515
806		3429		3667489		3509
807		3436		3672107		3510
808		3422		3676727		3516
809		3447		3681349		3519
810		3474		3685953		3522
811		3523		3690578		3524
812		3492		3695193		3525
813		3401		3699821		3477
814		3453		3704436		3487
815		3453		3709060		3503
816		3431		3713646		3497
817		3438		3718241		3519
818		3440		3722849		3491
819		3443		3727443		3518
820		3396		3732058		3484
821		3425		3736679		3527
822		3447		3741289		3516
823		3375		3745887		3495
824		3441		3750495		3519
825		3437		3755117		3472
826		3476		3759734		3488
827		3452		3764335		3499
828		3493		3768941		3472
829		3499		3773534		3511
830		3470		3778135		3524
831		3444		3782733		3515
832		3448		3787340		3505
833		3444		3791951		3504
834		3424		3796557		3502
835		3436		3801161		3514
836		3420		3805783		3476
837		3415		3810385		3483
838		3381		3814984		3507
839		3327		3819573		3489
840		3389		3824193		3490
841		3417		3828814		3476
842		3403		3833420		3522
843		3399		3838037		3470
844		3373		3842664		3510
845		3361		3847256		3507
846		3393		3851871		3499
847		3386		3856489		3512
848		3366		3861095		3508
849		3431		3865710		3500
850		3388		3870320		3495
851		3332		3874912		3492
852		3308		3879523		3510
853		3324		3884135		3523
854		3326		3888734		3511
855		3335		3893334		3501
856		3395		3897941		3504
857		3363		3902550		3495
858		3417		3907164		3496
859		3393		3911775		3528
860		3337		3916376		3530
861		3361		3920972		3496
862		3387		3925591		3509
863		3425		3930191		3513
864		3395		3934810		3526
865		3340		3939409		3491
866		3356		3944001		3501
867		3324		3948614		3532
868		3347		3953216		3503
869		3359		3957831		3546
870		3337		3962426		3523
871		3401		3967044		3556
872		3372		3971661		3509
873		3373		3976289		3554
874		3361		3980882		3527
875		3337		3985487		3527
876		3360		3990084		3539
877		3337		3994709		3543
878		3350		3999339		3511
879		3322		4003942		3520
880		3381		4008543		3479
881		3384		4013153		3516
882		3349		4017749		3509
883		3378		4022353		3525
884		3357		4026958		3510
885		3396		4031561		3496
886		3433		4036163		3521
887		3410		4040771		3504
888		3428		4045398		3486
889		3396		4050018		3501
890		3395		4054635		3527
891		3426		4059256		3527
892		3409		4063866		3510
893		3362		4068467		3519
894		3366		4073073		3524
895		3386		4077691		3514
896		3396		4082284		3503
897		3393		4086898		3534
898		3417		4091500		3502
899		3415		4096111		3489
900		3417		4100720		3512
901		3373		4105336		3510
902		3325		4109953		3507
903		3326		4114570		3531
904		3306		4119179		3548
905		3333		4123767		3498
906		3336		4128378		3545
907		3347		4132992		3497
908		3345		4137591		3463
909		3363		4142191		3499
910		3383		4146784		3516
911		3360		4151398		3500
912		3411		4156002		3509
913		3414		4160617		3480
914		3441		4165242		3488
915		3426		4169863		3508
916		3436		4174492		3491
917		3464		4179123		3491
918		3480		4183754		3515
919		3469		4188373		3499
920		3405		4193010		3514
921		3401		4197616		3514
922		3394		4202240		3508
923		3367		4206839		3509
924		3357		4211454		3533
925		3393		4216072		3522
926		3345		4220682		3497
927		3332		4225273		3499
928		3372		4229882		3512
929		3276		4234480		3532
930		3298		4239064		3509
931		3331		4243676		3504
932		3346		4248277		3509
933		3303		4252888		3480
934		3314		4257497		3491
935		3305		4262125		3512
936		3301		4266739		3517
937		3321		4271352		3512
938		3323		4275969		3509
939		3263		4280593		3518
940		3234		4285204		3521
941		3228		4289792		3509
942		3184		4294400		3505
943		3196		4298994		3499
944		3181		4303599		3527
945		3220		4308183		3512
946		3226		4312799		3523
947		3230		4317391		3524
948		3217		4321996		3507
949		3214		4326617		3515
950		3153		4331201		3529
951		3187		4335809		3530
952		3234		4340414		3523
953		3224		4345024		3495
954		3212		4349624		3524
955		3225		4354213		3505
956		3254		4358830		3495
957		3249		4363435		3517
958		3272		4368020		3510
959		3240		4372621		3492
960		3263		4377228		3478
961		3260		4381835		3506
962		3266		4386443		3497
963		3279		4391034		3491
964		3335		4395638		3501
965		3293		4400255		3499
966		3287		4404861		3505
967		3310		4409471		3503
968		3299		4414087		3475
969		3313		4418692		3486
970		3318		4423306		3535
971		3303		4427920		3516
972		3297		4432527		3504
973		3289		4437132		3486
974		3318		4441735		3512
975		3373		4446360		3499
976		3337		4450981		3507
977		3333		4455585		3516
978		3328		4460199		3491
979		3312		4464819		3496
980		3309		4469444		3517
981		3322		4474050		3532
982		3294		4478673		3527
983		3335		4483275		3516
984		3332		4487868		3491
985		3329		4492487		3507
986		3334		4497096		3509
987		3375		4501708		3501
988		3349		4506317		3495
989		3364		4510920		3487
990		3330		4515534		3503
991		3382		4520139		3496
992		3349		4524759		3498
993		3324		4529365		3521
994		3318		4533977		3495
995		3320		4538580		3537
996		3318		4543183		3495
997		3296		4547808		3509
998		3333		4552410		3514
999		3325		4557013		3536
