# Migration is number of nodes that have changed color.

Round		Edge-Cut		Swaps		Migrations		Skipped
0		10107		4640		3247
1		9893		9258		3266
2		9842		13867		3413
3		9750		18477		3463
4		9762		23061		3457
5		9713		27652		3486
6		9717		32223		3453
7		9657		36812		3481
8		9584		41383		3478
9		9557		45965		3539
10		9574		50536		3470
11		9433		55090		3502
12		9381		59635		3498
13		9396		64195		3549
14		9352		68727		3556
15		9368		73269		3513
16		9264		77806		3541
17		9176		82306		3518
18		9211		86827		3485
19		9186		91343		3599
20		9079		95862		3517
21		9004		100336		3504
22		9082		104841		3522
23		9067		109351		3536
24		9069		113879		3537
25		9049		118422		3546
26		8864		122918		3522
27		8894		127409		3551
28		8904		131879		3516
29		8809		136343		3531
30		8767		140805		3480
31		8752		145258		3516
32		8789		149731		3529
33		8880		154214		3540
34		8741		158677		3528
35		8792		163164		3503
36		8776		167602		3466
37		8661		172048		3486
38		8609		176478		3547
39		8522		180941		3529
40		8572		185367		3492
41		8500		189796		3521
42		8523		194248		3543
43		8537		198685		3514
44		8444		203133		3491
45		8498		207560		3545
46		8557		212017		3513
47		8571		216456		3548
48		8429		220900		3535
49		8466		225361		3532
50		8431		229819		3511
51		8299		234261		3543
52		8304		238673		3537
53		8230		243091		3514
54		8231		247491		3587
55		8189		251902		3544
56		8108		256295		3516
57		8087		260715		3518
58		8117		265140		3556
59		8050		269542		3503
60		8026		273944		3525
61		8027		278333		3534
62		8058		282733		3536
63		7990		287131		3532
64		7957		291572		3534
65		7945		295971		3548
66		7816		300372		3479
67		7892		304763		3515
68		7966		309192		3552
69		7904		313612		3552
70		7821		318044		3485
71		7752		322426		3528
72		7743		326831		3506
73		7803		331211		3567
74		7814		335591		3494
75		7791		339989		3525
76		7728		344371		3496
77		7679		348771		3519
78		7679		353180		3579
79		7736		357557		3509
80		7732		361962		3509
81		7657		366351		3502
82		7591		370770		3511
83		7599		375174		3509
84		7501		379545		3475
85		7565		383939		3515
86		7635		388359		3537
87		7648		392759		3557
88		7608		397165		3554
89		7673		401572		3522
90		7708		405988		3538
91		7669		410403		3550
92		7629		414825		3512
93		7582		419218		3533
94		7577		423621		3533
95		7534		428007		3528
96		7578		432437		3507
97		7434		436844		3471
98		7406		441217		3470
99		7466		445627		3542
100		7477		450024		3540
101		7479		454428		3531
102		7411		458838		3542
103		7355		463268		3538
104		7392		467685		3466
105		7315		472099		3556
106		7330		476510		3537
107		7401		480922		3552
108		7339		485366		3523
109		7396		489789		3531
110		7320		494203		3527
111		7233		498643		3537
112		7224		503072		3521
113		7236		507483		3526
114		7247		511909		3516
115		7234		516316		3519
116		7279		520756		3507
117		7161		525167		3501
118		7157		529580		3519
119		7192		534027		3471
120		7200		538476		3503
121		7076		542883		3504
122		7035		547279		3493
123		7081		551704		3532
124		7134		556107		3454
125		7118		560562		3491
126		7099		564991		3475
127		7090		569454		3485
128		7085		573854		3525
129		7180		578328		3507
130		7151		582776		3482
131		7105		587225		3519
132		7050		591682		3516
133		6937		596113		3487
134		6953		600562		3485
135		6850		604990		3488
136		6918		609446		3569
137		6758		613898		3523
138		6777		618308		3488
139		6692		622772		3466
140		6686		627242		3473
141		6653		631670		3493
142		6714		636123		3494
143		6690		640586		3495
144		6765		645054		3514
145		6710		649497		3518
146		6621		653931		3493
147		6547		658384		3470
148		6602		662836		3477
149		6540		667296		3471
150		6491		671759		3510
151		6590		676205		3479
152		6533		680640		3464
153		6527		685104		3496
154		6401		689574		3473
155		6470		694048		3523
156		6397		698499		3518
157		6382		702952		3485
158		6299		707402		3509
159		6279		711841		3492
160		6239		716302		3494
161		6192		720773		3484
162		6160		725213		3476
163		6205		729670		3481
164		6244		734120		3471
165		6217		738554		3475
166		6157		742994		3517
167		6115		747459		3488
168		6210		751918		3531
169		6187		756379		3527
170		6188		760871		3521
171		6083		765354		3513
172		6070		769813		3539
173		6040		774265		3516
174		6077		778737		3503
175		6020		783205		3520
176		5999		787699		3521
177		6032		792172		3539
178		6057		796663		3511
179		6103		801146		3503
180		6011		805638		3521
181		6090		810119		3512
182		6091		814611		3538
183		5988		819109		3528
184		5944		823567		3533
185		5882		828032		3496
186		5856		832505		3505
187		5810		836996		3492
188		5855		841452		3481
189		5884		845948		3503
190		5896		850432		3514
191		5749		854894		3499
192		5801		859370		3527
193		5668		863855		3529
194		5684		868320		3496
195		5633		872803		3517
196		5638		877244		3536
197		5678		881729		3462
198		5749		886226		3502
199		5727		890740		3506
200		5678		895224		3473
201		5688		899704		3491
202		5699		904166		3522
203		5653		908640		3503
204		5660		913139		3518
205		5675		917635		3504
206		5673		922115		3527
207		5628		926605		3471
208		5551		931074		3471
209		5613		935580		3479
210		5666		940102		3528
211		5639		944620		3503
212		5582		949130		3510
213		5644		953632		3528
214		5617		958129		3507
215		5607		962633		3506
216		5634		967140		3524
217		5584		971638		3511
218		5508		976116		3511
219		5576		980607		3500
220		5572		985098		3516
221		5592		989630		3474
222		5468		994121		3534
223		5452		998605		3526
224		5405		1003093		3544
225		5446		1007573		3540
226		5511		1012081		3501
227		5462		1016563		3554
228		5419		1021046		3543
229		5357		1025514		3542
230		5386		1030003		3539
231		5411		1034484		3562
232		5463		1038979		3548
233		5429		1043468		3517
234		5402		1047981		3482
235		5352		1052502		3516
236		5327		1057006		3480
237		5335		1061510		3492
238		5334		1066011		3477
239		5258		1070536		3507
240		5247		1075038		3506
241		5213		1079564		3507
242		5215		1084076		3516
243		5174		1088585		3514
244		5102		1093075		3497
245		5112		1097576		3504
246		5184		1102076		3473
247		5145		1106614		3503
248		5129		1111148		3516
249		5072		1115671		3488
250		5069		1120168		3496
251		5107		1124644		3525
252		5112		1129176		3523
253		5130		1133689		3515
254		5096		1138174		3488
255		5084		1142698		3490
256		5116		1147192		3498
257		5138		1151671		3485
258		5120		1156187		3478
259		5043		1160719		3476
260		4977		1165205		3499
261		5016		1169712		3478
262		5016		1174227		3501
263		5110		1178738		3533
264		5091		1183245		3502
265		5073		1187768		3496
266		5100		1192299		3496
267		5107		1196808		3518
268		5144		1201319		3514
269		5073		1205828		3501
270		5052		1210315		3538
271		5052		1214824		3512
272		5116		1219342		3496
273		5076		1223870		3512
274		5089		1228374		3545
275		5145		1232895		3544
276		5134		1237412		3534
277		5137		1241914		3520
278		5185		1246419		3509
279		5107		1250936		3521
280		5135		1255442		3501
281		5107		1259959		3514
282		5094		1264455		3499
283		5074		1268966		3519
284		5028		1273474		3529
285		5025		1277987		3531
286		4996		1282504		3538
287		5056		1286986		3503
288		4983		1291502		3499
289		4959		1296020		3509
290		5027		1300536		3516
291		4953		1305050		3535
292		4963		1309590		3506
293		4934		1314127		3538
294		4958		1318645		3521
295		4957		1323155		3558
296		4852		1327643		3533
297		4957		1332139		3506
298		5039		1336660		3531
299		5149		1341197		3522
300		5081		1345733		3532
301		4956		1350251		3506
302		5000		1354788		3522
303		5059		1359320		3520
304		5044		1363869		3522
305		5025		1368404		3493
306		4925		1372939		3556
307		4879		1377459		3531
308		4888		1381984		3469
309		4888		1386521		3534
310		4873		1391050		3545
311		4872		1395608		3519
312		4829		1400163		3553
313		4778		1404676		3553
314		4727		1409194		3549
315		4788		1413708		3545
316		4797		1418245		3576
317		4744		1422773		3518
318		4755		1427321		3522
319		4781		1431869		3472
320		4775		1436400		3538
321		4850		1440965		3530
322		4874		1445533		3487
323		4830		1450067		3543
324		4866		1454636		3506
325		4860		1459198		3551
326		4806		1463755		3483
327		4851		1468306		3544
328		4860		1472853		3482
329		4911		1477382		3563
330		4861		1481929		3519
331		4831		1486468		3522
332		4796		1491000		3522
333		4794		1495545		3481
334		4726		1500098		3498
335		4741		1504660		3507
336		4759		1509210		3478
337		4715		1513752		3524
338		4687		1518296		3503
339		4690		1522859		3519
340		4702		1527413		3490
341		4662		1531922		3505
342		4637		1536443		3516
343		4703		1540984		3494
344		4680		1545526		3498
345		4617		1550030		3513
346		4598		1554574		3494
347		4634		1559121		3536
348		4638		1563685		3555
349		4689		1568194		3533
350		4696		1572735		3543
351		4775		1577272		3503
352		4740		1581833		3533
353		4743		1586402		3574
354		4743		1590950		3543
355		4713		1595491		3561
356		4793		1600039		3572
357		4773		1604591		3555
358		4729		1609153		3501
359		4743		1613673		3522
360		4766		1618232		3536
361		4724		1622752		3521
362		4740		1627285		3555
363		4689		1631821		3563
364		4655		1636373		3541
365		4670		1640903		3514
366		4680		1645448		3524
367		4606		1649975		3542
368		4652		1654521		3524
369		4704		1659053		3573
370		4680		1663627		3541
371		4602		1668183		3512
372		4601		1672726		3546
373		4599		1677271		3545
374		4610		1681806		3568
375		4590		1686341		3564
376		4584		1690884		3528
377		4609		1695413		3559
378		4617		1699960		3504
379		4589		1704495		3528
380		4523		1709049		3532
381		4522		1713598		3526
382		4545		1718162		3515
383		4570		1722727		3517
384		4571		1727282		3526
385		4516		1731851		3520
386		4483		1736423		3495
387		4508		1740987		3502
388		4574		1745548		3536
389		4518		1750091		3542
390		4506		1754648		3570
391		4422		1759198		3507
392		4429		1763737		3526
393		4436		1768286		3510
394		4394		1772840		3538
395		4392		1777376		3515
396		4465		1781903		3546
397		4448		1786445		3563
398		4447		1790996		3524
399		4424		1795571		3547
400		4387		1800148		3512
401		4432		1804734		3554
402		4391		1809283		3531
403		4356		1813840		3524
404		4379		1818402		3517
405		4332		1822955		3518
406		4371		1827497		3504
407		4434		1832069		3576
408		4402		1836637		3582
409		4437		1841196		3545
410		4457		1845781		3532
411		4394		1850360		3529
412		4336		1854943		3544
413		4287		1859479		3544
414		4264		1864037		3550
415		4305		1868590		3555
416		4294		1873134		3520
417		4362		1877700		3526
418		4302		1882242		3539
419		4312		1886791		3509
420		4346		1891348		3546
421		4335		1895899		3535
422		4278		1900464		3522
423		4245		1905005		3548
424		4226		1909558		3535
425		4295		1914131		3551
426		4225		1918681		3565
427		4255		1923239		3509
428		4345		1927816		3529
429		4260		1932372		3519
430		4233		1936910		3507
431		4241		1941438		3515
432		4303		1946005		3528
433		4325		1950586		3509
434		4273		1955170		3519
435		4245		1959724		3524
436		4329		1964286		3520
437		4292		1968834		3501
438		4317		1973415		3513
439		4326		1977986		3539
440		4351		1982561		3538
441		4406		1987136		3538
442		4384		1991690		3545
443		4391		1996249		3545
444		4400		2000823		3567
445		4347		2005365		3554
446		4387		2009954		3535
447		4381		2014532		3559
448		4300		2019070		3523
449		4324		2023629		3530
450		4325		2028171		3561
451		4304		2032718		3526
452		4328		2037260		3526
453		4355		2041846		3518
454		4308		2046405		3515
455		4317		2050961		3565
456		4310		2055510		3549
457		4291		2060073		3539
458		4271		2064620		3550
459		4259		2069199		3534
460		4289		2073753		3548
461		4216		2078311		3523
462		4305		2082874		3567
463		4272		2087424		3526
464		4274		2092010		3520
465		4323		2096563		3510
466		4259		2101123		3533
467		4295		2105703		3591
468		4285		2110283		3566
469		4218		2114849		3530
470		4289		2119430		3545
471		4320		2124025		3499
472		4333		2128597		3525
473		4255		2133170		3559
474		4274		2137739		3538
475		4282		2142311		3551
476		4357		2146886		3562
477		4393		2151483		3545
478		4358		2156081		3556
479		4292		2160651		3520
480		4266		2165242		3514
481		4292		2169829		3556
482		4284		2174399		3505
483		4244		2178973		3538
484		4239		2183540		3543
485		4282		2188105		3542
486		4291		2192682		3578
487		4304		2197230		3537
488		4319		2201782		3523
489		4336		2206360		3555
490		4312		2210925		3540
491		4321		2215497		3534
492		4328		2220079		3523
493		4242		2224659		3523
494		4305		2229227		3557
495		4311		2233775		3547
496		4261		2238340		3535
497		4340		2242897		3543
498		4313		2247487		3555
499		4348		2252086		3543
500		4356		2256663		3566
501		4514		2261264		3531
502		4563		2265889		3550
503		4593		2270513		3542
504		4633		2275137		3552
505		4658		2279773		3523
506		4663		2284406		3535
507		4695		2289005		3556
508		4725		2293625		3584
509		4757		2298245		3528
510		4741		2302849		3539
511		4725		2307456		3521
512		4769		2312073		3568
513		4793		2316702		3560
514		4766		2321319		3558
515		4763		2325916		3539
516		4845		2330552		3547
517		4870		2335146		3531
518		4880		2339739		3569
519		4881		2344345		3533
520		4945		2348957		3573
521		4904		2353571		3568
522		4845		2358175		3517
523		4859		2362773		3503
524		4854		2367360		3534
525		4798		2371968		3543
526		4869		2376579		3530
527		4788		2381174		3545
528		4805		2385758		3547
529		4886		2390360		3552
530		4809		2394962		3540
531		4822		2399563		3588
532		4798		2404136		3536
533		4827		2408715		3546
534		4806		2413308		3544
535		4811		2417891		3518
536		4790		2422459		3534
537		4768		2427031		3571
538		4782		2431608		3593
539		4821		2436172		3544
540		4817		2440750		3559
541		4765		2445323		3534
542		4777		2449909		3547
543		4738		2454477		3585
544		4722		2459083		3578
545		4695		2463674		3515
546		4708		2468250		3528
547		4686		2472803		3550
548		4626		2477393		3545
549		4617		2481987		3529
550		4637		2486564		3563
551		4611		2491143		3546
552		4565		2495734		3510
553		4544		2500316		3534
554		4562		2504910		3511
555		4496		2509500		3526
556		4512		2514065		3509
557		4461		2518643		3499
558		4510		2523232		3565
559		4498		2527813		3516
560		4467		2532381		3498
561		4371		2536944		3523
562		4430		2541523		3502
563		4485		2546102		3507
564		4533		2550699		3527
565		4500		2555302		3573
566		4455		2559895		3519
567		4447		2564451		3527
568		4525		2569036		3538
569		4471		2573599		3536
570		4437		2578152		3523
571		4422		2582699		3499
572		4477		2587269		3515
573		4438		2591845		3540
574		4471		2596399		3539
575		4432		2600972		3512
576		4487		2605515		3513
577		4557		2610100		3560
578		4564		2614687		3534
579		4552		2619277		3610
580		4525		2623861		3555
581		4469		2628421		3551
582		4416		2632966		3522
583		4380		2637513		3552
584		4380		2642083		3561
585		4316		2646650		3530
586		4301		2651202		3540
587		4322		2655750		3524
588		4295		2660314		3549
589		4266		2664892		3560
590		4228		2669459		3524
591		4215		2674009		3519
592		4196		2678555		3568
593		4224		2683115		3534
594		4223		2687693		3527
595		4246		2692251		3545
596		4229		2696833		3500
597		4237		2701413		3513
598		4266		2705970		3537
599		4232		2710549		3557
600		4181		2715107		3530
601		4223		2719648		3520
602		4257		2724218		3549
603		4282		2728819		3524
604		4269		2733389		3548
605		4279		2737954		3530
606		4214		2742537		3538
607		4246		2747081		3500
608		4272		2751633		3530
609		4221		2756208		3531
610		4212		2760780		3530
611		4164		2765354		3535
612		4126		2769916		3502
613		4157		2774476		3525
614		4087		2779043		3528
615		4054		2783564		3497
616		4047		2788127		3529
617		4070		2792693		3543
618		4055		2797271		3537
619		4099		2801842		3542
620		4121		2806410		3556
621		4084		2810957		3534
622		4108		2815504		3528
623		4053		2820064		3504
624		4149		2824648		3532
625		4073		2829223		3504
626		4131		2833786		3522
627		4057		2838357		3483
628		4002		2842937		3555
629		4008		2847476		3535
630		3992		2852048		3536
631		4050		2856629		3559
632		3980		2861176		3556
633		4018		2865760		3536
634		4032		2870317		3542
635		4064		2874869		3540
636		4038		2879448		3511
637		4061		2884010		3540
638		4070		2888584		3525
639		4003		2893158		3555
640		4023		2897738		3535
641		3992		2902309		3509
642		4039		2906882		3522
643		4014		2911460		3528
644		3957		2916023		3570
645		3932		2920593		3552
646		3950		2925172		3551
647		3911		2929753		3542
648		3899		2934334		3515
649		3944		2938915		3548
650		3941		2943501		3538
651		3891		2948068		3513
652		3933		2952636		3509
653		3956		2957210		3532
654		3955		2961758		3525
655		4010		2966344		3556
656		3997		2970955		3591
657		4002		2975541		3530
658		3938		2980110		3554
659		3971		2984668		3560
660		3973		2989246		3542
661		3966		2993844		3520
662		3941		2998423		3549
663		3941		3002997		3534
664		3826		3007597		3558
665		3904		3012170		3568
666		3890		3016765		3586
667		3834		3021349		3559
668		3881		3025917		3568
669		3847		3030499		3557
670		3886		3035100		3540
671		3853		3039688		3572
672		3921		3044297		3546
673		3877		3048866		3575
674		3942		3053469		3551
675		3975		3058050		3518
676		3963		3062638		3547
677		3987		3067184		3539
678		3984		3071766		3533
679		3945		3076350		3586
680		3943		3080928		3530
681		3886		3085502		3542
682		3849		3090086		3564
683		3800		3094650		3546
684		3894		3099216		3566
685		3922		3103773		3530
686		3978		3108351		3541
687		3972		3112935		3535
688		3978		3117516		3535
689		3924		3122078		3529
690		3948		3126643		3535
691		4002		3131217		3572
692		4006		3135798		3504
693		4018		3140372		3548
694		4027		3144963		3539
695		4029		3149527		3571
696		3942		3154102		3542
697		3937		3158669		3561
698		3959		3163275		3576
699		3905		3167872		3537
700		3891		3172473		3540
701		3831		3177030		3551
702		3828		3181605		3557
703		3839		3186203		3529
704		3782		3190802		3567
705		3810		3195374		3540
706		3874		3199961		3527
707		3887		3204549		3529
708		3875		3209131		3557
709		3933		3213704		3574
710		3914		3218306		3536
711		3962		3222899		3526
712		3974		3227499		3530
713		3942		3232099		3545
714		3891		3236692		3505
715		3884		3241267		3546
716		3907		3245851		3559
717		3883		3250437		3549
718		3861		3255055		3590
719		3887		3259659		3534
720		3891		3264251		3569
721		3855		3268842		3547
722		3818		3273416		3554
723		3897		3277981		3537
724		3899		3282582		3569
725		3877		3287177		3513
726		3856		3291757		3570
727		3892		3296337		3537
728		3909		3300937		3553
729		3913		3305536		3552
730		3861		3310118		3563
731		3888		3314692		3563
732		3822		3319277		3557
733		3827		3323810		3558
734		3833		3328388		3541
735		3861		3332953		3561
736		3907		3337533		3534
737		3837		3342114		3570
738		3833		3346700		3589
739		3843		3351285		3544
740		3816		3355862		3532
741		3808		3360448		3558
742		3759		3365025		3550
743		3827		3369587		3539
744		3834		3374164		3538
745		3848		3378749		3558
746		3862		3383339		3534
747		3875		3387909		3526
748		3847		3392491		3542
749		3806		3397071		3537
750		3837		3401652		3554
751		3863		3406245		3522
752		3848		3410831		3547
753		3810		3415383		3547
754		3854		3419945		3531
755		3850		3424522		3517
756		3876		3429117		3534
757		3879		3433705		3532
758		3871		3438303		3540
759		3867		3442893		3528
760		3870		3447467		3530
761		3835		3452072		3538
762		3875		3456662		3533
763		3889		3461243		3567
764		3881		3465832		3578
765		3913		3470422		3530
766		3923		3474990		3550
767		3876		3479540		3541
768		3906		3484139		3522
769		3908		3488706		3544
770		3983		3493285		3542
771		3983		3497876		3550
772		3989		3502465		3560
773		3983		3507052		3566
774		3976		3511627		3589
775		3891		3516225		3534
776		3920		3520808		3552
777		3829		3525399		3519
778		3770		3529969		3549
779		3816		3534557		3554
780		3764		3539107		3532
781		3752		3543672		3540
782		3682		3548253		3558
783		3686		3552810		3574
784		3717		3557397		3546
785		3729		3561998		3556
786		3719		3566582		3522
787		3744		3571158		3562
788		3733		3575736		3502
789		3773		3580326		3536
790		3712		3584890		3549
791		3744		3589483		3532
792		3755		3594057		3571
793		3747		3598640		3525
794		3717		3603234		3539
795		3774		3607830		3529
796		3774		3612389		3555
797		3771		3616970		3541
798		3741		3621554		3544
799		3715		3626123		3564
800		3693		3630687		3574
801		3693		3635250		3556
802		3731		3639836		3562
803		3683		3644423		3535
804		3676		3649009		3558
805		3712		3653609		3554
806		3690		3658181		3533
807		3691		3662750		3541
808		3700		3667344		3538
809		3670		3671941		3545
810		3680		3676507		3533
811		3753		3681089		3538
812		3709		3685693		3541
813		3748		3690291		3544
814		3722		3694893		3554
815		3683		3699501		3567
816		3671		3704099		3560
817		3652		3708677		3550
818		3599		3713240		3559
819		3588		3717804		3552
820		3589		3722356		3564
821		3627		3726931		3545
822		3607		3731515		3554
823		3574		3736101		3581
824		3613		3740678		3566
825		3626		3745276		3561
826		3650		3749854		3541
827		3664		3754458		3571
828		3602		3759056		3551
829		3627		3763639		3535
830		3615		3768220		3538
831		3686		3772817		3569
832		3685		3777410		3591
833		3682		3781988		3517
834		3683		3786579		3534
835		3689		3791174		3528
836		3695		3795763		3555
837		3742		3800362		3551
838		3759		3804960		3538
839		3755		3809544		3535
840		3732		3814126		3517
841		3748		3818721		3505
842		3755		3823321		3517
843		3726		3827927		3545
844		3733		3832504		3534
845		3701		3837086		3519
846		3694		3841654		3559
847		3652		3846225		3527
848		3683		3850806		3561
849		3642		3855391		3551
850		3647		3859956		3508
851		3610		3864530		3569
852		3669		3869108		3527
853		3606		3873673		3534
854		3632		3878249		3515
855		3623		3882817		3535
856		3601		3887412		3574
857		3613		3891988		3515
858		3621		3896563		3564
859		3578		3901130		3576
860		3609		3905720		3561
861		3612		3910284		3551
862		3638		3914860		3556
863		3651		3919427		3527
864		3622		3924012		3548
865		3633		3928593		3577
866		3677		3933168		3533
867		3675		3937734		3519
868		3688		3942318		3586
869		3715		3946896		3546
870		3727		3951489		3561
871		3714		3956068		3532
872		3686		3960656		3557
873		3677		3965232		3529
874		3637		3969795		3520
875		3635		3974382		3527
876		3633		3978959		3541
877		3653		3983556		3575
878		3713		3988138		3563
879		3734		3992738		3541
880		3730		3997328		3530
881		3688		4001932		3551
882		3690		4006531		3541
883		3682		4011109		3545
884		3665		4015697		3587
885		3645		4020280		3550
886		3605		4024871		3574
887		3602		4029448		3564
888		3627		4034043		3583
889		3650		4038611		3514
890		3697		4043208		3533
891		3673		4047782		3535
892		3734		4052378		3561
893		3798		4056968		3557
894		3712		4061563		3543
895		3732		4066155		3559
896		3673		4070755		3531
897		3683		4075333		3533
898		3705		4079922		3571
899		3746		4084509		3566
900		3767		4089119		3519
901		3738		4093728		3543
902		3712		4098332		3550
903		3670		4102914		3534
904		3686		4107491		3558
905		3679		4112056		3557
906		3704		4116647		3540
907		3639		4121238		3512
908		3697		4125820		3563
909		3683		4130396		3535
910		3653		4134972		3549
911		3695		4139542		3553
912		3654		4144118		3541
913		3658		4148711		3526
914		3735		4153306		3571
915		3778		4157918		3547
916		3793		4162508		3571
917		3759		4167099		3567
918		3805		4171692		3580
919		3852		4176272		3559
920		3812		4180888		3517
921		3767		4185479		3542
922		3767		4190063		3532
923		3735		4194646		3551
924		3738		4199228		3514
925		3696		4203820		3554
926		3709		4208398		3555
927		3712		4212977		3582
928		3722		4217579		3571
929		3762		4222169		3540
930		3732		4226727		3522
931		3716		4231299		3545
932		3672		4235870		3550
933		3678		4240471		3550
934		3654		4245054		3521
935		3680		4249649		3550
936		3653		4254262		3510
937		3665		4258847		3551
938		3638		4263438		3536
939		3673		4268045		3568
940		3632		4272650		3533
941		3662		4277255		3563
942		3703		4281859		3541
943		3656		4286452		3551
944		3655		4291031		3540
945		3627		4295616		3549
946		3631		4300219		3547
947		3679		4304796		3534
948		3661		4309398		3562
949		3666		4313987		3518
950		3670		4318585		3557
951		3677		4323164		3547
952		3667		4327753		3514
953		3651		4332352		3524
954		3665		4336936		3535
955		3668		4341517		3529
956		3659		4346119		3573
957		3639		4350685		3544
958		3673		4355276		3540
959		3638		4359879		3529
960		3624		4364480		3511
961		3622		4369061		3528
962		3583		4373645		3541
963		3521		4378216		3553
964		3558		4382786		3521
965		3602		4387381		3557
966		3634		4391976		3544
967		3643		4396569		3530
968		3645		4401147		3532
969		3659		4405729		3541
970		3657		4410329		3527
971		3657		4414923		3544
972		3631		4419502		3539
973		3641		4424076		3548
974		3573		4428666		3537
975		3568		4433266		3552
976		3567		4437849		3552
977		3600		4442455		3567
978		3621		4447060		3543
979		3597		4451654		3595
980		3628		4456243		3522
981		3656		4460857		3554
982		3658		4465453		3549
983		3620		4470045		3543
984		3630		4474633		3553
985		3632		4479226		3542
986		3591		4483823		3537
987		3608		4488421		3550
988		3585		4492987		3547
989		3593		4497567		3543
990		3626		4502156		3563
991		3632		4506742		3562
992		3606		4511329		3528
993		3636		4515910		3543
994		3610		4520493		3548
995		3608		4525070		3531
996		3612		4529663		3552
997		3590		4534247		3542
998		3616		4538842		3541
999		3614		4543428		3552
