# Migration is number of nodes that have changed color.

Round		Edge-Cut		Swaps		Migrations		Skipped
0		10134		4645		3200
1		9907		9250		3314
2		9866		13862		3350
3		9700		18470		3398
4		9510		23027		3428
5		9371		27567		3444
6		9344		32096		3478
7		9369		36605		3431
8		9391		41137		3476
9		9347		45657		3473
10		9383		50166		3486
11		9367		54702		3498
12		9297		59218		3528
13		9294		63746		3522
14		9199		68251		3495
15		9189		72740		3512
16		9085		77204		3557
17		9106		81672		3509
18		9088		86156		3531
19		9033		90643		3494
20		8913		95120		3545
21		8832		99576		3471
22		8796		104050		3578
23		8756		108510		3479
24		8704		112950		3498
25		8640		117374		3525
26		8567		121802		3509
27		8487		126202		3502
28		8545		130610		3523
29		8485		135029		3534
30		8481		139446		3521
31		8462		143868		3504
32		8382		148266		3555
33		8389		152698		3554
34		8277		157124		3530
35		8256		161531		3532
36		8279		165947		3513
37		8206		170375		3522
38		8228		174829		3545
39		8169		179235		3485
40		8170		183634		3530
41		8156		188032		3481
42		8197		192436		3524
43		8094		196824		3559
44		7971		201223		3494
45		7928		205639		3495
46		7932		210058		3536
47		7911		214442		3511
48		7934		218841		3507
49		7925		223266		3518
50		7860		227668		3487
51		7805		232063		3448
52		7805		236495		3531
53		7731		240874		3530
54		7730		245274		3528
55		7726		249676		3498
56		7664		254082		3530
57		7717		258473		3494
58		7625		262869		3510
59		7562		267289		3482
60		7607		271708		3520
61		7572		276116		3558
62		7540		280538		3498
63		7534		284957		3541
64		7482		289365		3585
65		7462		293790		3532
66		7498		298195		3499
67		7413		302605		3511
68		7500		306977		3567
69		7449		311390		3561
70		7385		315792		3551
71		7354		320201		3533
72		7395		324620		3556
73		7386		329023		3549
74		7392		333464		3595
75		7263		337867		3555
76		7224		342260		3587
77		7229		346686		3514
78		7230		351077		3522
79		7203		355499		3569
80		7283		359915		3569
81		7337		364321		3579
82		7286		368736		3565
83		7265		373161		3565
84		7246		377599		3535
85		7289		382042		3529
86		7193		386478		3548
87		7153		390925		3517
88		7113		395367		3542
89		7063		399778		3501
90		7067		404209		3527
91		7185		408637		3561
92		7100		413080		3544
93		7040		417530		3504
94		7051		421953		3508
95		6970		426373		3524
96		6950		430756		3512
97		6872		435191		3465
98		6887		439622		3512
99		6822		444041		3507
100		6840		448471		3525
101		6887		452900		3478
102		6965		457348		3512
103		6919		461793		3522
104		6825		466229		3484
105		6853		470625		3539
106		6838		475059		3570
107		6816		479503		3541
108		6741		483950		3570
109		6701		488396		3514
110		6713		492835		3519
111		6693		497239		3481
112		6664		501716		3550
113		6620		506164		3527
114		6577		510596		3512
115		6586		515029		3535
116		6559		519459		3511
117		6537		523888		3509
118		6616		528301		3534
119		6653		532700		3539
120		6644		537121		3524
121		6566		541557		3484
122		6562		545992		3511
123		6565		550424		3528
124		6586		554861		3524
125		6595		559314		3554
126		6620		563778		3527
127		6567		568212		3521
128		6631		572686		3502
129		6643		577154		3523
130		6541		581609		3542
131		6628		586067		3565
132		6627		590565		3488
133		6609		595014		3490
134		6605		599483		3526
135		6482		603937		3536
136		6490		608379		3536
137		6556		612817		3543
138		6497		617308		3525
139		6506		621800		3501
140		6496		626245		3489
141		6527		630728		3514
142		6457		635208		3518
143		6336		639673		3509
144		6392		644107		3519
145		6349		648560		3540
146		6310		653017		3537
147		6319		657492		3527
148		6323		661959		3521
149		6317		666418		3553
150		6352		670885		3515
151		6277		675325		3486
152		6267		679818		3502
153		6193		684307		3498
154		6220		688812		3494
155		6196		693279		3561
156		6204		697737		3523
157		6149		702225		3508
158		6175		706675		3509
159		6175		711121		3487
160		6163		715579		3500
161		6179		720065		3504
162		6243		724534		3550
163		6198		729021		3550
164		6200		733502		3489
165		6187		737988		3502
166		6217		742490		3500
167		6133		746972		3538
168		6197		751449		3520
169		6086		755932		3527
170		6083		760379		3501
171		6120		764870		3464
172		6113		769361		3475
173		6076		773835		3470
174		6024		778346		3495
175		6073		782830		3482
176		6028		787324		3465
177		6031		791805		3509
178		6075		796289		3468
179		6019		800783		3466
180		6036		805286		3537
181		6046		809785		3521
182		6008		814263		3501
183		6023		818745		3538
184		6064		823227		3530
185		6139		827709		3511
186		6070		832216		3530
187		5939		836724		3494
188		5947		841208		3486
189		5956		845701		3533
190		5873		850180		3518
191		5888		854676		3511
192		5940		859143		3547
193		5930		863615		3528
194		5941		868097		3494
195		5969		872608		3524
196		5903		877106		3555
197		5922		881584		3509
198		5819		886106		3510
199		5833		890593		3546
200		5881		895105		3502
201		5772		899597		3556
202		5774		904107		3485
203		5725		908590		3505
204		5700		913089		3539
205		5679		917593		3505
206		5745		922108		3519
207		5795		926637		3546
208		5707		931120		3522
209		5693		935649		3534
210		5739		940120		3551
211		5721		944649		3555
212		5675		949141		3564
213		5713		953668		3547
214		5576		958162		3571
215		5517		962641		3496
216		5544		967157		3542
217		5427		971665		3602
218		5434		976145		3552
219		5392		980635		3531
220		5341		985110		3573
221		5425		989583		3556
222		5493		994064		3537
223		5487		998570		3546
224		5426		1003028		3515
225		5407		1007502		3525
226		5497		1011970		3563
227		5519		1016446		3573
228		5475		1020925		3529
229		5469		1025410		3534
230		5467		1029911		3515
231		5499		1034407		3552
232		5500		1038920		3527
233		5523		1043426		3572
234		5564		1047948		3541
235		5506		1052469		3538
236		5509		1056979		3545
237		5479		1061471		3527
238		5421		1065980		3530
239		5383		1070481		3552
240		5332		1074979		3562
241		5287		1079490		3550
242		5319		1083985		3589
243		5369		1088481		3541
244		5344		1092991		3565
245		5328		1097476		3565
246		5355		1101995		3554
247		5341		1106498		3576
248		5354		1111033		3518
249		5375		1115542		3537
250		5306		1120090		3529
251		5292		1124593		3554
252		5236		1129093		3561
253		5198		1133588		3537
254		5200		1138082		3546
255		5197		1142576		3509
256		5199		1147085		3547
257		5204		1151593		3549
258		5241		1156107		3546
259		5167		1160625		3530
260		5163		1165143		3525
261		5101		1169634		3520
262		5067		1174166		3511
263		5006		1178686		3526
264		4994		1183208		3552
265		5038		1187721		3555
266		4985		1192209		3558
267		4904		1196705		3525
268		4920		1201206		3525
269		4873		1205699		3516
270		4839		1210208		3522
271		4834		1214700		3532
272		4786		1219212		3519
273		4853		1223728		3525
274		4725		1228245		3554
275		4747		1232751		3556
276		4773		1237240		3549
277		4742		1241731		3548
278		4807		1246236		3496
279		4768		1250735		3497
280		4806		1255266		3524
281		4889		1259799		3508
282		4845		1264324		3538
283		4824		1268855		3512
284		4892		1273376		3547
285		4898		1277940		3515
286		4886		1282463		3519
287		4879		1286965		3535
288		4938		1291509		3500
289		4867		1296064		3487
290		4908		1300597		3529
291		4898		1305120		3508
292		4880		1309633		3515
293		4847		1314152		3522
294		4966		1318666		3532
295		4859		1323176		3470
296		4857		1327694		3497
297		4832		1332201		3496
298		4826		1336732		3510
299		4832		1341242		3526
300		4805		1345749		3542
301		4827		1350291		3540
302		4806		1354804		3529
303		4768		1359340		3508
304		4801		1363877		3514
305		4741		1368401		3492
306		4740		1372919		3525
307		4726		1377439		3496
308		4787		1381955		3511
309		4760		1386497		3487
310		4718		1391024		3522
311		4712		1395549		3482
312		4812		1400093		3514
313		4749		1404620		3518
314		4734		1409146		3490
315		4735		1413688		3563
316		4646		1418234		3504
317		4685		1422783		3551
318		4586		1427332		3525
319		4575		1431862		3525
320		4560		1436377		3496
321		4574		1440909		3521
322		4617		1445432		3521
323		4638		1449975		3522
324		4591		1454534		3536
325		4677		1459067		3504
326		4566		1463612		3536
327		4613		1468161		3492
328		4543		1472700		3480
329		4559		1477226		3512
330		4529		1481748		3485
331		4612		1486291		3516
332		4622		1490833		3521
333		4590		1495365		3496
334		4612		1499907		3506
335		4616		1504443		3520
336		4585		1508990		3481
337		4555		1513520		3505
338		4544		1518053		3501
339		4565		1522609		3502
340		4532		1527160		3540
341		4591		1531737		3538
342		4618		1536313		3513
343		4636		1540874		3522
344		4557		1545442		3527
345		4601		1550002		3501
346		4625		1554550		3514
347		4611		1559116		3499
348		4638		1563686		3463
349		4602		1568244		3486
350		4514		1572788		3475
351		4458		1577323		3495
352		4455		1581857		3508
353		4531		1586401		3529
354		4541		1590944		3522
355		4547		1595491		3520
356		4547		1600026		3493
357		4519		1604577		3507
358		4502		1609127		3513
359		4527		1613680		3538
360		4520		1618231		3496
361		4521		1622791		3534
362		4500		1627339		3491
363		4495		1631887		3511
364		4487		1636444		3497
365		4540		1640972		3546
366		4559		1645524		3509
367		4500		1650065		3517
368		4547		1654623		3533
369		4508		1659191		3500
370		4529		1663728		3520
371		4510		1668282		3514
372		4501		1672824		3506
373		4475		1677384		3476
374		4487		1681943		3477
375		4478		1686512		3488
376		4455		1691069		3495
377		4376		1695631		3524
378		4418		1700164		3543
379		4356		1704705		3481
380		4433		1709261		3535
381		4442		1713850		3505
382		4433		1718411		3484
383		4374		1722965		3510
384		4356		1727518		3510
385		4288		1732073		3488
386		4283		1736624		3506
387		4269		1741182		3521
388		4301		1745722		3539
389		4329		1750277		3519
390		4354		1754820		3527
391		4344		1759394		3532
392		4296		1763933		3498
393		4230		1768480		3519
394		4283		1773043		3518
395		4300		1777597		3528
396		4259		1782145		3491
397		4295		1786698		3513
398		4344		1791302		3513
399		4286		1795868		3527
400		4344		1800446		3486
401		4323		1804992		3501
402		4361		1809566		3490
403		4395		1814125		3504
404		4337		1818676		3510
405		4378		1823224		3487
406		4321		1827766		3470
407		4309		1832319		3462
408		4332		1836860		3515
409		4383		1841435		3530
410		4362		1845973		3515
411		4281		1850530		3505
412		4317		1855059		3512
413		4322		1859611		3534
414		4345		1864138		3520
415		4444		1868668		3484
416		4399		1873219		3534
417		4378		1877771		3505
418		4388		1882316		3558
419		4373		1886870		3543
420		4463		1891430		3513
421		4507		1895983		3556
422		4495		1900550		3537
423		4511		1905105		3542
424		4464		1909686		3511
425		4412		1914249		3513
426		4397		1918808		3526
427		4384		1923366		3518
428		4329		1927914		3518
429		4409		1932463		3554
430		4403		1937016		3533
431		4336		1941556		3510
432		4359		1946085		3492
433		4376		1950635		3559
434		4324		1955166		3527
435		4305		1959717		3503
436		4346		1964296		3507
437		4346		1968887		3534
438		4361		1973469		3511
439		4376		1978060		3534
440		4310		1982632		3533
441		4245		1987180		3485
442		4288		1991739		3514
443		4297		1996330		3517
444		4268		2000906		3508
445		4304		2005457		3516
446		4323		2010025		3492
447		4314		2014597		3536
448		4245		2019158		3505
449		4191		2023717		3493
450		4167		2028294		3501
451		4178		2032845		3556
452		4173		2037392		3530
453		4238		2041983		3526
454		4233		2046563		3518
455		4240		2051128		3526
456		4274		2055706		3556
457		4262		2060285		3555
458		4252		2064863		3532
459		4302		2069437		3513
460		4288		2074009		3527
461		4274		2078571		3507
462		4294		2083149		3528
463		4293		2087710		3513
464		4224		2092296		3526
465		4250		2096850		3523
466		4253		2101426		3545
467		4265		2106016		3496
468		4301		2110598		3575
469		4256		2115186		3516
470		4228		2119750		3521
471		4249		2124333		3489
472		4247		2128916		3498
473		4214		2133491		3548
474		4213		2138054		3495
475		4188		2142625		3511
476		4218		2147154		3538
477		4196		2151694		3535
478		4238		2156240		3515
479		4327		2160791		3534
480		4338		2165360		3529
481		4301		2169928		3495
482		4312		2174456		3529
483		4354		2179010		3495
484		4289		2183562		3562
485		4257		2188147		3563
486		4301		2192731		3530
487		4275		2197298		3511
488		4196		2201880		3497
489		4202		2206440		3500
490		4200		2210996		3521
491		4197		2215565		3497
492		4121		2220132		3522
493		4133		2224668		3518
494		4142		2229201		3509
495		4181		2233756		3524
496		4148		2238312		3487
497		4153		2242886		3464
498		4116		2247444		3523
499		4155		2252027		3521
500		4147		2256602		3535
501		4166		2261207		3506
502		4250		2265775		3527
503		4341		2270388		3515
504		4341		2274983		3509
505		4400		2279582		3538
506		4422		2284173		3537
507		4437		2288774		3546
508		4461		2293374		3538
509		4442		2297972		3511
510		4427		2302565		3528
511		4437		2307159		3541
512		4474		2311742		3520
513		4528		2316339		3511
514		4554		2320950		3534
515		4461		2325545		3527
516		4461		2330132		3557
517		4442		2334706		3544
518		4423		2339293		3519
519		4415		2343854		3547
520		4429		2348412		3516
521		4394		2352974		3519
522		4385		2357532		3542
523		4425		2362086		3518
524		4434		2366641		3524
525		4389		2371212		3538
526		4356		2375769		3527
527		4352		2380336		3534
528		4337		2384885		3533
529		4397		2389443		3535
530		4412		2394008		3524
531		4346		2398584		3528
532		4388		2403161		3519
533		4353		2407709		3525
534		4335		2412277		3532
535		4345		2416825		3520
536		4373		2421391		3513
537		4424		2425969		3514
538		4456		2430526		3511
539		4481		2435094		3503
540		4327		2439645		3488
541		4320		2444203		3524
542		4315		2448758		3490
543		4295		2453339		3537
544		4301		2457885		3507
545		4321		2462446		3492
546		4358		2467006		3550
547		4366		2471555		3533
548		4347		2476123		3552
549		4321		2480685		3529
550		4284		2485228		3542
551		4259		2489790		3516
552		4290		2494352		3509
553		4265		2498919		3517
554		4283		2503482		3544
555		4280		2508043		3526
556		4282		2512594		3516
557		4299		2517157		3520
558		4245		2521734		3547
559		4217		2526306		3543
560		4230		2530883		3545
561		4189		2535435		3549
562		4203		2540005		3552
563		4172		2544559		3518
564		4225		2549127		3589
565		4256		2553694		3545
566		4238		2558255		3529
567		4307		2562829		3487
568		4315		2567424		3525
569		4282		2572006		3518
570		4208		2576571		3507
571		4264		2581158		3499
572		4255		2585729		3519
573		4269		2590321		3518
574		4204		2594914		3490
575		4201		2599485		3532
576		4182		2604057		3525
577		4197		2608654		3526
578		4225		2613220		3486
579		4209		2617785		3522
580		4255		2622369		3530
581		4241		2626953		3530
582		4209		2631542		3498
583		4193		2636149		3528
584		4186		2640742		3507
585		4157		2645318		3492
586		4140		2649912		3517
587		4182		2654522		3539
588		4155		2659108		3532
589		4188		2663693		3521
590		4168		2668291		3500
591		4185		2672882		3511
592		4163		2677483		3524
593		4071		2682063		3483
594		4000		2686639		3490
595		4061		2691216		3481
596		4024		2695784		3544
597		4022		2700369		3486
598		4019		2704941		3496
599		3988		2709511		3499
600		4014		2714070		3534
601		4058		2718665		3475
602		4056		2723249		3485
603		4055		2727822		3494
604		4067		2732397		3507
605		4080		2736987		3511
606		4045		2741576		3553
607		4034		2746142		3536
608		4076		2750729		3528
609		4052		2755318		3520
610		4101		2759894		3542
611		4150		2764488		3538
612		4181		2769076		3536
613		4184		2773666		3533
614		4185		2778256		3551
615		4136		2782870		3526
616		4121		2787454		3519
617		4175		2792057		3511
618		4201		2796640		3540
619		4180		2801223		3535
620		4160		2805798		3524
621		4239		2810378		3528
622		4176		2814952		3513
623		4117		2819526		3540
624		4162		2824113		3535
625		4144		2828706		3535
626		4109		2833312		3514
627		4022		2837900		3515
628		4016		2842472		3517
629		4011		2847055		3503
630		3972		2851636		3546
631		4026		2856214		3551
632		4009		2860802		3531
633		4049		2865359		3560
634		4082		2869939		3554
635		4009		2874518		3526
636		4015		2879091		3503
637		4044		2883671		3533
638		4032		2888269		3515
639		3990		2892860		3535
640		4016		2897458		3533
641		4071		2902041		3526
642		4020		2906618		3508
643		3966		2911190		3544
644		3959		2915765		3554
645		3924		2920347		3544
646		3936		2924927		3549
647		3955		2929522		3527
648		3932		2934114		3523
649		3953		2938702		3518
650		3985		2943292		3523
651		4037		2947874		3511
652		4019		2952461		3507
653		4047		2957063		3542
654		3965		2961653		3539
655		3970		2966234		3501
656		3933		2970799		3505
657		3911		2975368		3555
658		3941		2979941		3508
659		3939		2984543		3528
660		3955		2989142		3521
661		3929		2993736		3512
662		3922		2998299		3539
663		3904		3002876		3519
664		3875		3007442		3510
665		3876		3012019		3516
666		3974		3016601		3545
667		4000		3021190		3503
668		4024		3025785		3530
669		4002		3030380		3511
670		4001		3034955		3532
671		4014		3039549		3524
672		4004		3044143		3539
673		3998		3048730		3537
674		3990		3053326		3545
675		4001		3057904		3540
676		3999		3062459		3563
677		4013		3067065		3512
678		4010		3071641		3543
679		4050		3076246		3518
680		3986		3080826		3542
681		3968		3085389		3562
682		4010		3089979		3515
683		3959		3094564		3539
684		3948		3099130		3536
685		3979		3103720		3515
686		3931		3108294		3539
687		3878		3112877		3497
688		3829		3117428		3507
689		3850		3121997		3518
690		3852		3126571		3530
691		3871		3131137		3522
692		3869		3135716		3529
693		3857		3140282		3527
694		3824		3144852		3520
695		3832		3149433		3543
696		3791		3154017		3528
697		3855		3158607		3523
698		3791		3163188		3507
699		3772		3167754		3533
700		3811		3172360		3525
701		3872		3176950		3522
702		3847		3181540		3493
703		3834		3186141		3519
704		3861		3190713		3517
705		3899		3195295		3527
706		3926		3199874		3502
707		3977		3204472		3522
708		3944		3209060		3525
709		3875		3213666		3508
710		3874		3218252		3538
711		3892		3222837		3506
712		3852		3227423		3528
713		3868		3232002		3514
714		3891		3236578		3531
715		3899		3241172		3526
716		3885		3245749		3538
717		3913		3250316		3496
718		3913		3254882		3520
719		3923		3259467		3542
720		3861		3264054		3527
721		3967		3268631		3489
722		3980		3273214		3504
723		4023		3277817		3519
724		3963		3282401		3533
725		3946		3287004		3502
726		3933		3291597		3550
727		3970		3296173		3523
728		3985		3300768		3515
729		4010		3305350		3539
730		3971		3309928		3475
731		3955		3314508		3530
732		3899		3319076		3519
733		3866		3323638		3537
734		3829		3328199		3557
735		3821		3332763		3555
736		3791		3337317		3535
737		3828		3341877		3527
738		3787		3346437		3514
739		3800		3351001		3534
740		3761		3355593		3544
741		3802		3360150		3533
742		3789		3364740		3527
743		3830		3369321		3518
744		3791		3373912		3558
745		3799		3378505		3531
746		3793		3383079		3547
747		3826		3387670		3519
748		3806		3392246		3504
749		3818		3396815		3499
750		3815		3401401		3502
751		3862		3405974		3549
752		3804		3410559		3545
753		3783		3415137		3540
754		3805		3419725		3523
755		3796		3424311		3501
756		3843		3428908		3535
757		3792		3433517		3518
758		3805		3438117		3522
759		3817		3442700		3509
760		3779		3447278		3495
761		3782		3451852		3491
762		3775		3456440		3521
763		3788		3461017		3516
764		3842		3465609		3548
765		3888		3470204		3526
766		3906		3474805		3524
767		3855		3479395		3539
768		3848		3483973		3524
769		3833		3488559		3557
770		3890		3493156		3538
771		3900		3497748		3508
772		3844		3502337		3514
773		3808		3506907		3527
774		3761		3511480		3532
775		3840		3516059		3549
776		3808		3520648		3505
777		3754		3525232		3510
778		3797		3529817		3537
779		3813		3534406		3520
780		3790		3538979		3518
781		3754		3543553		3541
782		3759		3548141		3526
783		3756		3552710		3535
784		3821		3557292		3525
785		3793		3561890		3530
786		3785		3566477		3524
787		3718		3571075		3547
788		3715		3575660		3504
789		3749		3580251		3514
790		3772		3584826		3524
791		3761		3589423		3499
792		3741		3594011		3533
793		3757		3598600		3511
794		3757		3603176		3527
795		3749		3607734		3518
796		3770		3612320		3513
797		3772		3616900		3543
798		3721		3621495		3548
799		3773		3626067		3519
800		3775		3630645		3519
801		3800		3635236		3522
802		3830		3639815		3526
803		3745		3644399		3519
804		3747		3648970		3559
805		3782		3653543		3560
806		3769		3658127		3560
807		3748		3662698		3553
808		3744		3667287		3558
809		3712		3671889		3527
810		3705		3676478		3532
811		3672		3681070		3532
812		3674		3685635		3540
813		3667		3690223		3563
814		3652		3694794		3524
815		3603		3699349		3550
816		3671		3703929		3537
817		3612		3708529		3520
818		3645		3713103		3544
819		3651		3717708		3510
820		3723		3722283		3522
821		3680		3726876		3537
822		3634		3731481		3511
823		3716		3736062		3550
824		3690		3740648		3528
825		3691		3745238		3560
826		3665		3749842		3507
827		3655		3754443		3534
828		3656		3759037		3527
829		3637		3763611		3550
830		3655		3768208		3533
831		3690		3772810		3526
832		3650		3777402		3512
833		3663		3781979		3533
834		3719		3786572		3544
835		3730		3791155		3512
836		3662		3795764		3504
837		3663		3800366		3526
838		3658		3804946		3517
839		3633		3809540		3512
840		3652		3814133		3505
841		3691		3818717		3502
842		3712		3823295		3502
843		3662		3827902		3483
844		3662		3832503		3526
845		3640		3837085		3487
846		3710		3841661		3535
847		3718		3846270		3511
848		3655		3850853		3530
849		3677		3855422		3495
850		3568		3860024		3498
851		3629		3864618		3517
852		3624		3869220		3534
853		3632		3873818		3534
854		3570		3878392		3534
855		3562		3882938		3507
856		3616		3887519		3520
857		3577		3892098		3510
858		3635		3896688		3534
859		3647		3901281		3529
860		3641		3905868		3547
861		3655		3910469		3544
862		3625		3915044		3549
863		3661		3919621		3544
864		3654		3924211		3535
865		3628		3928787		3530
866		3600		3933377		3530
867		3629		3937973		3533
868		3603		3942548		3521
869		3594		3947120		3529
870		3621		3951697		3526
871		3595		3956277		3588
872		3651		3960855		3518
873		3667		3965424		3559
874		3669		3969992		3560
875		3731		3974590		3534
876		3739		3979204		3539
877		3702		3983771		3530
878		3666		3988390		3560
879		3648		3992972		3533
880		3610		3997557		3519
881		3642		4002142		3502
882		3625		4006735		3511
883		3638		4011294		3517
884		3646		4015876		3528
885		3592		4020464		3525
886		3638		4025052		3513
887		3623		4029665		3519
888		3640		4034250		3506
889		3654		4038848		3534
890		3662		4043445		3533
891		3597		4048022		3518
892		3557		4052624		3538
893		3536		4057209		3535
894		3568		4061797		3530
895		3554		4066363		3524
896		3595		4070958		3536
897		3572		4075536		3524
898		3593		4080096		3525
899		3592		4084670		3509
900		3593		4089249		3515
901		3554		4093841		3519
902		3587		4098422		3520
903		3515		4103009		3538
904		3555		4107579		3509
905		3571		4112149		3509
906		3579		4116732		3517
907		3643		4121311		3523
908		3583		4125930		3498
909		3570		4130545		3530
910		3626		4135136		3519
911		3574		4139712		3524
912		3561		4144288		3529
913		3567		4148873		3510
914		3594		4153471		3499
915		3594		4158068		3520
916		3599		4162665		3539
917		3622		4167259		3503
918		3622		4171847		3501
919		3658		4176429		3546
920		3652		4181027		3499
921		3672		4185618		3515
922		3612		4190205		3498
923		3546		4194796		3511
924		3605		4199384		3514
925		3594		4203990		3506
926		3600		4208557		3499
927		3636		4213163		3536
928		3698		4217769		3494
929		3697		4222371		3529
930		3656		4226957		3523
931		3657		4231547		3543
932		3666		4236141		3511
933		3658		4240739		3545
934		3644		4245343		3518
935		3588		4249921		3528
936		3554		4254500		3541
937		3603		4259090		3527
938		3568		4263663		3553
939		3582		4268243		3551
940		3581		4272832		3522
941		3605		4277414		3526
942		3580		4282004		3550
943		3544		4286575		3521
944		3602		4291184		3536
945		3634		4295778		3538
946		3654		4300398		3513
947		3682		4305011		3526
948		3635		4309605		3496
949		3684		4314189		3555
950		3654		4318756		3544
951		3623		4323353		3503
952		3644		4327943		3514
953		3604		4332552		3513
954		3535		4337126		3525
955		3596		4341699		3543
956		3580		4346272		3530
957		3591		4350855		3540
958		3594		4355441		3525
959		3631		4360027		3548
960		3655		4364628		3506
961		3685		4369218		3529
962		3597		4373801		3493
963		3627		4378390		3515
964		3582		4382977		3519
965		3659		4387569		3535
966		3646		4392151		3493
967		3664		4396752		3548
968		3634		4401329		3533
969		3608		4405909		3527
970		3611		4410501		3537
971		3613		4415075		3545
972		3635		4419667		3508
973		3667		4424254		3518
974		3638		4428851		3520
975		3655		4433442		3485
976		3630		4438044		3472
977		3662		4442628		3487
978		3649		4447214		3493
979		3665		4451781		3504
980		3703		4456393		3493
981		3682		4460970		3522
982		3685		4465558		3495
983		3689		4470144		3511
984		3665		4474727		3506
985		3570		4479329		3513
986		3569		4483904		3512
987		3586		4488482		3487
988		3571		4493068		3496
989		3627		4497661		3515
990		3597		4502259		3528
991		3602		4506869		3522
992		3620		4511475		3526
993		3666		4516075		3534
994		3665		4520678		3529
995		3659		4525266		3521
996		3669		4529870		3535
997		3662		4534432		3508
998		3672		4539023		3519
999		3680		4543618		3522
