# Migration is number of nodes that have changed color.

Round		Edge-Cut		Swaps		Migrations		Skipped
0		10031		4646		3182
1		9872		9261		3320
2		9759		13862		3384
3		9849		18446		3379
4		9752		23044		3425
5		9654		27622		3444
6		9693		32185		3473
7		9596		36764		3492
8		9592		41335		3473
9		9535		45905		3449
10		9503		50457		3466
11		9413		54987		3514
12		9377		59520		3531
13		9352		64044		3485
14		9249		68582		3494
15		9334		73110		3451
16		9182		77628		3447
17		9129		82143		3496
18		9096		86650		3537
19		9120		91144		3544
20		9079		95659		3530
21		9045		100154		3530
22		8988		104658		3519
23		8946		109130		3554
24		8923		113592		3541
25		8879		118040		3519
26		8906		122499		3539
27		8813		126965		3512
28		8761		131427		3482
29		8703		135862		3495
30		8747		140343		3539
31		8735		144815		3507
32		8804		149276		3529
33		8656		153733		3557
34		8556		158165		3560
35		8605		162597		3505
36		8541		166994		3512
37		8493		171389		3489
38		8444		175794		3515
39		8440		180244		3511
40		8404		184680		3514
41		8453		189095		3483
42		8395		193518		3484
43		8409		197941		3488
44		8303		202365		3523
45		8270		206772		3466
46		8301		211180		3512
47		8312		215573		3504
48		8232		219988		3468
49		8086		224406		3524
50		8122		228783		3524
51		8074		233190		3544
52		8154		237626		3510
53		8180		242029		3488
54		8201		246430		3488
55		8136		250850		3532
56		8028		255284		3520
57		7992		259690		3550
58		7977		264068		3458
59		7953		268459		3533
60		7897		272869		3554
61		7894		277281		3569
62		7877		281659		3526
63		7837		286042		3536
64		7874		290476		3511
65		7886		294881		3534
66		7784		299300		3499
67		7689		303697		3544
68		7734		308108		3513
69		7656		312520		3559
70		7677		316920		3501
71		7588		321364		3514
72		7595		325779		3503
73		7590		330178		3497
74		7610		334592		3512
75		7611		338975		3493
76		7626		343373		3476
77		7651		347801		3447
78		7653		352245		3468
79		7658		356686		3499
80		7632		361104		3475
81		7564		365521		3499
82		7519		369956		3506
83		7512		374393		3476
84		7494		378800		3480
85		7502		383230		3467
86		7470		387618		3507
87		7562		392064		3486
88		7392		396503		3475
89		7403		400900		3532
90		7400		405309		3485
91		7422		409749		3467
92		7369		414178		3509
93		7350		418599		3491
94		7276		423032		3540
95		7289		427461		3546
96		7314		431885		3523
97		7317		436301		3525
98		7298		440750		3521
99		7320		445180		3504
100		7277		449623		3505
101		7234		454052		3502
102		7306		458491		3565
103		7228		462951		3537
104		7256		467392		3511
105		7183		471820		3520
106		7125		476253		3535
107		7163		480674		3513
108		7183		485104		3496
109		7090		489540		3479
110		7038		493970		3494
111		6972		498409		3463
112		6999		502841		3511
113		6971		507270		3508
114		6993		511703		3503
115		6857		516149		3504
116		6870		520561		3539
117		6802		524988		3473
118		6786		529398		3546
119		6724		533811		3503
120		6760		538254		3543
121		6826		542720		3552
122		6788		547134		3532
123		6759		551578		3493
124		6766		555997		3519
125		6719		560438		3472
126		6673		564865		3509
127		6768		569267		3539
128		6664		573684		3505
129		6573		578144		3554
130		6624		582588		3517
131		6544		587036		3476
132		6566		591491		3498
133		6634		595902		3500
134		6628		600341		3484
135		6585		604798		3523
136		6639		609279		3543
137		6529		613742		3507
138		6523		618156		3460
139		6565		622599		3480
140		6520		627077		3540
141		6454		631504		3482
142		6421		635938		3459
143		6480		640404		3517
144		6394		644884		3523
145		6359		649349		3501
146		6296		653785		3486
147		6289		658238		3515
148		6242		662695		3487
149		6259		667157		3510
150		6334		671630		3557
151		6287		676090		3526
152		6281		680530		3482
153		6374		685008		3477
154		6307		689471		3513
155		6285		693901		3527
156		6338		698346		3534
157		6374		702810		3514
158		6323		707287		3497
159		6274		711752		3496
160		6332		716239		3483
161		6312		720689		3517
162		6212		725168		3556
163		6256		729655		3500
164		6174		734120		3510
165		6175		738596		3493
166		6161		743037		3504
167		6132		747491		3523
168		6116		751948		3525
169		6098		756423		3508
170		6101		760896		3485
171		6156		765352		3543
172		6092		769793		3486
173		6065		774298		3499
174		6053		778789		3515
175		6034		783257		3494
176		6006		787743		3517
177		5979		792239		3509
178		5955		796725		3527
179		6025		801232		3502
180		5992		805725		3522
181		5956		810216		3467
182		6010		814734		3529
183		5936		819223		3487
184		5947		823695		3524
185		5853		828163		3500
186		5867		832651		3514
187		5918		837164		3502
188		5946		841652		3496
189		5929		846132		3518
190		5975		850588		3510
191		5913		855088		3528
192		5913		859579		3491
193		5879		864076		3516
194		5853		868598		3516
195		5816		873075		3505
196		5825		877563		3527
197		5807		882016		3513
198		5862		886507		3479
199		5867		891016		3503
200		5940		895510		3514
201		5838		899977		3520
202		5858		904486		3532
203		5800		908971		3507
204		5766		913429		3494
205		5756		917917		3472
206		5782		922428		3503
207		5759		926951		3532
208		5736		931456		3469
209		5701		935941		3514
210		5625		940437		3526
211		5628		944941		3533
212		5674		949466		3539
213		5683		953971		3554
214		5604		958467		3528
215		5548		962952		3580
216		5569		967451		3555
217		5571		971948		3526
218		5597		976423		3535
219		5517		980925		3526
220		5567		985420		3512
221		5575		989927		3480
222		5565		994388		3479
223		5522		998897		3458
224		5589		1003404		3512
225		5541		1007934		3533
226		5531		1012441		3529
227		5513		1016946		3540
228		5533		1021443		3545
229		5542		1025942		3508
230		5530		1030446		3494
231		5494		1034961		3523
232		5591		1039440		3472
233		5631		1043953		3491
234		5572		1048471		3489
235		5510		1053006		3471
236		5531		1057499		3512
237		5555		1062001		3502
238		5485		1066512		3522
239		5527		1071011		3542
240		5505		1075503		3538
241		5502		1080003		3545
242		5514		1084521		3546
243		5370		1089024		3506
244		5373		1093527		3548
245		5462		1098013		3502
246		5400		1102540		3469
247		5363		1107032		3496
248		5366		1111499		3512
249		5311		1116012		3509
250		5261		1120512		3477
251		5321		1125018		3525
252		5357		1129531		3522
253		5317		1134022		3502
254		5283		1138533		3534
255		5285		1143053		3506
256		5285		1147568		3513
257		5245		1152108		3541
258		5257		1156622		3508
259		5241		1161132		3568
260		5283		1165630		3535
261		5251		1170128		3491
262		5273		1174662		3459
263		5301		1179186		3539
264		5304		1183717		3511
265		5316		1188255		3536
266		5351		1192761		3494
267		5278		1197294		3506
268		5201		1201833		3514
269		5174		1206349		3509
270		5208		1210878		3535
271		5154		1215401		3518
272		5151		1219899		3510
273		5122		1224417		3498
274		5141		1228938		3525
275		5114		1233454		3523
276		5175		1237994		3528
277		5100		1242538		3541
278		5119		1247063		3543
279		5092		1251582		3523
280		5132		1256113		3491
281		5091		1260660		3534
282		5083		1265188		3509
283		5163		1269729		3542
284		5058		1274275		3549
285		5097		1278815		3472
286		5132		1283353		3504
287		5121		1287895		3516
288		5041		1292447		3480
289		5070		1296984		3536
290		5122		1301509		3531
291		5117		1306049		3494
292		5127		1310598		3502
293		5051		1315151		3516
294		5035		1319688		3514
295		5035		1324249		3534
296		4948		1328780		3523
297		4928		1333343		3569
298		4907		1337883		3554
299		4880		1342414		3515
300		4946		1346963		3510
301		4917		1351520		3532
302		4877		1356061		3520
303		4869		1360593		3532
304		4835		1365114		3504
305		4868		1369669		3547
306		4885		1374197		3517
307		4973		1378767		3545
308		4899		1383330		3510
309		4911		1387883		3536
310		4898		1392451		3505
311		4871		1397001		3495
312		4831		1401542		3531
313		4796		1406090		3483
314		4775		1410647		3539
315		4787		1415170		3539
316		4798		1419707		3527
317		4813		1424262		3541
318		4795		1428811		3522
319		4707		1433355		3520
320		4699		1437906		3540
321		4644		1442457		3516
322		4661		1446995		3483
323		4620		1451535		3497
324		4642		1456081		3496
325		4662		1460628		3535
326		4648		1465165		3490
327		4655		1469725		3537
328		4621		1474265		3501
329		4637		1478824		3511
330		4599		1483383		3523
331		4616		1487930		3492
332		4636		1492500		3538
333		4677		1497068		3495
334		4667		1501623		3523
335		4691		1506171		3525
336		4668		1510744		3514
337		4648		1515319		3536
338		4693		1519879		3477
339		4663		1524477		3531
340		4678		1529025		3517
341		4671		1533577		3517
342		4683		1538118		3494
343		4722		1542698		3501
344		4744		1547264		3480
345		4710		1551807		3523
346		4616		1556379		3512
347		4581		1560931		3501
348		4602		1565476		3545
349		4567		1569991		3523
350		4542		1574499		3537
351		4577		1579031		3547
352		4622		1583601		3543
353		4591		1588143		3537
354		4592		1592695		3561
355		4566		1597269		3555
356		4594		1601809		3472
357		4563		1606385		3539
358		4573		1610947		3504
359		4538		1615502		3485
360		4575		1620060		3533
361		4556		1624611		3529
362		4560		1629160		3506
363		4637		1633740		3516
364		4662		1638323		3536
365		4620		1642884		3483
366		4641		1647409		3533
367		4599		1651988		3557
368		4599		1656556		3526
369		4610		1661138		3522
370		4636		1665714		3512
371		4617		1670287		3495
372		4582		1674849		3515
373		4634		1679416		3492
374		4587		1683984		3488
375		4577		1688536		3505
376		4589		1693113		3523
377		4563		1697700		3524
378		4531		1702282		3520
379		4508		1706857		3556
380		4508		1711425		3519
381		4508		1715989		3534
382		4571		1720578		3564
383		4501		1725163		3523
384		4466		1729742		3498
385		4467		1734299		3537
386		4495		1738853		3519
387		4515		1743410		3499
388		4508		1747969		3506
389		4497		1752541		3518
390		4484		1757121		3507
391		4443		1761698		3542
392		4487		1766261		3538
393		4448		1770821		3507
394		4378		1775355		3504
395		4354		1779905		3507
396		4347		1784466		3487
397		4427		1789031		3502
398		4432		1793603		3508
399		4405		1798190		3510
400		4416		1802768		3516
401		4441		1807361		3509
402		4401		1811938		3530
403		4407		1816513		3524
404		4356		1821087		3537
405		4359		1825637		3508
406		4356		1830220		3482
407		4381		1834790		3514
408		4369		1839401		3514
409		4448		1843985		3497
410		4372		1848568		3503
411		4340		1853114		3493
412		4339		1857683		3552
413		4366		1862269		3519
414		4312		1866865		3503
415		4309		1871450		3535
416		4314		1876037		3530
417		4273		1880603		3523
418		4280		1885165		3540
419		4266		1889721		3509
420		4260		1894302		3548
421		4233		1898887		3505
422		4161		1903459		3511
423		4173		1908007		3499
424		4134		1912567		3523
425		4141		1917167		3497
426		4098		1921754		3516
427		4048		1926354		3525
428		4035		1930924		3502
429		3990		1935488		3518
430		3946		1940061		3513
431		3949		1944625		3518
432		3977		1949194		3498
433		3973		1953769		3534
434		3984		1958319		3521
435		3995		1962905		3508
436		4014		1967498		3533
437		3997		1972087		3535
438		4033		1976700		3492
439		4032		1981273		3514
440		4012		1985850		3546
441		4002		1990439		3543
442		4045		1995014		3513
443		4029		1999598		3531
444		4090		2004183		3515
445		4031		2008765		3533
446		4056		2013340		3517
447		4070		2017912		3520
448		4140		2022496		3525
449		4125		2027096		3539
450		4135		2031671		3540
451		4124		2036260		3534
452		4116		2040847		3524
453		4050		2045426		3512
454		4104		2049998		3514
455		4153		2054592		3499
456		4108		2059167		3540
457		4181		2063753		3542
458		4136		2068342		3526
459		4144		2072920		3483
460		4096		2077503		3521
461		4097		2082064		3522
462		3979		2086630		3515
463		4052		2091209		3524
464		4032		2095799		3499
465		4090		2100392		3520
466		4105		2104980		3513
467		4078		2109586		3526
468		4063		2114187		3515
469		4074		2118775		3537
470		4044		2123352		3476
471		4080		2127928		3565
472		4048		2132502		3528
473		4025		2137066		3494
474		3960		2141639		3530
475		3958		2146204		3522
476		3882		2150766		3522
477		3950		2155326		3532
478		3925		2159930		3492
479		3909		2164536		3518
480		3929		2169112		3535
481		3931		2173706		3535
482		3931		2178298		3528
483		3898		2182887		3523
484		3953		2187470		3488
485		3914		2192050		3504
486		3893		2196645		3507
487		3903		2201211		3516
488		3904		2205795		3519
489		3840		2210359		3515
490		3898		2214924		3506
491		3881		2219483		3498
492		3891		2224064		3516
493		3870		2228673		3498
494		3912		2233256		3520
495		3854		2237830		3506
496		3851		2242425		3528
497		3888		2246997		3542
498		3922		2251567		3550
499		3933		2256145		3530
500		3967		2260726		3514
501		4045		2265360		3500
502		4119		2269997		3492
503		4183		2274634		3559
504		4280		2279280		3543
505		4243		2283925		3517
506		4216		2288549		3525
507		4275		2293165		3535
508		4299		2297795		3521
509		4312		2302405		3501
510		4290		2307019		3512
511		4291		2311651		3502
512		4326		2316265		3528
513		4361		2320888		3510
514		4368		2325513		3485
515		4337		2330128		3528
516		4293		2334724		3502
517		4347		2339311		3537
518		4378		2343907		3546
519		4416		2348521		3536
520		4391		2353120		3545
521		4418		2357736		3566
522		4446		2362330		3568
523		4453		2366939		3548
524		4453		2371539		3525
525		4407		2376156		3541
526		4350		2380761		3573
527		4336		2385340		3519
528		4295		2389917		3566
529		4293		2394511		3526
530		4269		2399112		3527
531		4285		2403702		3539
532		4218		2408285		3520
533		4234		2412877		3540
534		4219		2417458		3514
535		4261		2422045		3505
536		4241		2426636		3486
537		4240		2431218		3514
538		4232		2435793		3509
539		4166		2440378		3528
540		4164		2444970		3503
541		4147		2449527		3552
542		4147		2454090		3560
543		4193		2458676		3516
544		4201		2463271		3544
545		4190		2467840		3534
546		4171		2472416		3541
547		4144		2476984		3525
548		4125		2481556		3526
549		4136		2486125		3515
550		4179		2490692		3530
551		4184		2495274		3523
552		4222		2499868		3532
553		4247		2504449		3536
554		4206		2509046		3533
555		4210		2513619		3540
556		4236		2518209		3557
557		4222		2522795		3507
558		4251		2527375		3534
559		4284		2531959		3544
560		4172		2536520		3513
561		4158		2541114		3533
562		4282		2545695		3512
563		4171		2550296		3527
564		4148		2554877		3514
565		4120		2559468		3520
566		4100		2564066		3516
567		4065		2568644		3536
568		4062		2573231		3545
569		4051		2577836		3508
570		4026		2582401		3500
571		4050		2587012		3506
572		3961		2591575		3546
573		3988		2596153		3504
574		3952		2600743		3522
575		3909		2605331		3492
576		3931		2609915		3548
577		3937		2614504		3534
578		3941		2619088		3511
579		3964		2623686		3540
580		3980		2628252		3499
581		3951		2632853		3562
582		3890		2637440		3560
583		3904		2642018		3548
584		3924		2646604		3523
585		3856		2651175		3548
586		3874		2655750		3572
587		3825		2660343		3527
588		3851		2664945		3538
589		3835		2669517		3556
590		3873		2674076		3546
591		3832		2678644		3540
592		3829		2683222		3537
593		3824		2687826		3484
594		3827		2692432		3538
595		3865		2697019		3546
596		3871		2701632		3557
597		3859		2706223		3541
598		3809		2710801		3568
599		3788		2715381		3502
600		3841		2719962		3543
601		3769		2724556		3575
602		3756		2729143		3544
603		3791		2733752		3552
604		3751		2738324		3540
605		3767		2742922		3547
606		3818		2747527		3535
607		3817		2752120		3539
608		3816		2756725		3539
609		3805		2761339		3528
610		3758		2765945		3518
611		3804		2770547		3537
612		3830		2775147		3579
613		3814		2779742		3543
614		3809		2784318		3556
615		3794		2788913		3539
616		3792		2793533		3506
617		3760		2798134		3528
618		3790		2802732		3524
619		3794		2807340		3490
620		3793		2811930		3506
621		3753		2816525		3491
622		3795		2821106		3504
623		3747		2825706		3532
624		3719		2830297		3487
625		3704		2834880		3521
626		3717		2839474		3514
627		3726		2844056		3515
628		3732		2848655		3500
629		3743		2853254		3543
630		3697		2857865		3492
631		3669		2862466		3524
632		3679		2867066		3531
633		3715		2871678		3525
634		3711		2876300		3570
635		3772		2880895		3543
636		3713		2885507		3552
637		3691		2890102		3528
638		3648		2894699		3518
639		3712		2899286		3568
640		3689		2903888		3562
641		3705		2908486		3537
642		3710		2913073		3554
643		3709		2917668		3504
644		3730		2922284		3530
645		3679		2926893		3522
646		3662		2931493		3545
647		3631		2936095		3561
648		3666		2940692		3552
649		3639		2945286		3518
650		3642		2949869		3558
651		3631		2954443		3549
652		3677		2959058		3537
653		3634		2963649		3540
654		3669		2968203		3531
655		3654		2972792		3528
656		3700		2977358		3531
657		3708		2981952		3510
658		3703		2986539		3529
659		3754		2991121		3537
660		3711		2995720		3521
661		3757		3000316		3526
662		3713		3004912		3513
663		3681		3009485		3530
664		3650		3014085		3529
665		3665		3018677		3523
666		3643		3023272		3518
667		3670		3027870		3545
668		3667		3032472		3537
669		3705		3037047		3518
670		3666		3041632		3518
671		3670		3046233		3536
672		3661		3050809		3566
673		3694		3055405		3536
674		3673		3059985		3525
675		3595		3064575		3529
676		3658		3069150		3517
677		3630		3073749		3516
678		3611		3078340		3535
679		3631		3082921		3527
680		3638		3087509		3514
681		3723		3092127		3517
682		3701		3096749		3535
683		3691		3101354		3542
684		3701		3105952		3549
685		3702		3110544		3539
686		3688		3115138		3506
687		3713		3119722		3495
688		3711		3124305		3506
689		3717		3128899		3530
690		3704		3133509		3531
691		3723		3138120		3543
692		3695		3142719		3552
693		3633		3147290		3494
694		3663		3151871		3520
695		3669		3156461		3519
696		3701		3161064		3472
697		3705		3165671		3544
698		3678		3170274		3509
699		3692		3174866		3510
700		3671		3179470		3545
701		3677		3184063		3522
702		3660		3188637		3532
703		3706		3193230		3490
704		3684		3197833		3531
705		3630		3202399		3522
706		3674		3206999		3537
707		3718		3211600		3506
708		3696		3216191		3516
709		3677		3220774		3531
710		3654		3225371		3543
711		3710		3229977		3525
712		3701		3234580		3529
713		3730		3239188		3508
714		3682		3243790		3507
715		3691		3248407		3481
716		3630		3253013		3528
717		3637		3257619		3524
718		3586		3262202		3509
719		3560		3266801		3518
720		3574		3271403		3538
721		3645		3276000		3546
722		3650		3280590		3555
723		3594		3285187		3539
724		3581		3289763		3537
725		3554		3294355		3505
726		3519		3298951		3549
727		3511		3303528		3497
728		3501		3308133		3524
729		3493		3312730		3497
730		3555		3317328		3497
731		3533		3321932		3549
732		3533		3326533		3504
733		3559		3331138		3501
734		3558		3335742		3528
735		3546		3340336		3512
736		3544		3344918		3511
737		3566		3349513		3536
738		3602		3354118		3537
739		3550		3358729		3514
740		3526		3363320		3533
741		3506		3367928		3542
742		3480		3372511		3541
743		3517		3377094		3544
744		3511		3381685		3523
745		3537		3386270		3507
746		3487		3390845		3512
747		3467		3395463		3512
748		3519		3400062		3509
749		3527		3404666		3511
750		3536		3409272		3534
751		3567		3413875		3518
752		3604		3418514		3506
753		3547		3423115		3535
754		3612		3427725		3524
755		3615		3432326		3545
756		3604		3436935		3542
757		3634		3441516		3510
758		3621		3446129		3526
759		3612		3450739		3537
760		3643		3455341		3485
761		3637		3459945		3524
762		3663		3464562		3538
763		3619		3469176		3504
764		3594		3473774		3506
765		3660		3478391		3542
766		3627		3482985		3532
767		3615		3487561		3542
768		3615		3492149		3543
769		3628		3496732		3507
770		3623		3501324		3537
771		3640		3505923		3522
772		3584		3510485		3534
773		3680		3515076		3537
774		3714		3519676		3543
775		3752		3524268		3527
776		3741		3528855		3551
777		3740		3533457		3526
778		3753		3538050		3526
779		3747		3542629		3544
780		3740		3547231		3544
781		3721		3551832		3518
782		3712		3556429		3480
783		3738		3561029		3521
784		3660		3565614		3531
785		3656		3570204		3537
786		3633		3574800		3545
787		3642		3579398		3517
788		3643		3583988		3513
789		3731		3588597		3534
790		3717		3593198		3547
791		3711		3597797		3499
792		3654		3602381		3551
793		3689		3606966		3536
794		3666		3611552		3526
795		3691		3616151		3546
796		3704		3620758		3542
797		3759		3625382		3515
798		3700		3629997		3560
799		3670		3634596		3544
800		3647		3639186		3543
801		3616		3643746		3559
802		3692		3648358		3546
803		3658		3652941		3508
804		3670		3657546		3551
805		3675		3662140		3531
806		3693		3666747		3539
807		3644		3671321		3542
808		3645		3675910		3557
809		3543		3680515		3506
810		3592		3685110		3504
811		3551		3689717		3514
812		3526		3694325		3521
813		3555		3698904		3507
814		3600		3703517		3508
815		3547		3708112		3536
816		3584		3712704		3537
817		3501		3717300		3544
818		3524		3721907		3522
819		3525		3726518		3555
820		3543		3731120		3544
821		3527		3735743		3541
822		3523		3740369		3523
823		3498		3744980		3538
824		3481		3749583		3521
825		3543		3754190		3521
826		3589		3758814		3539
827		3590		3763411		3557
828		3607		3768019		3589
829		3575		3772635		3507
830		3532		3777259		3515
831		3577		3781877		3542
832		3596		3786475		3557
833		3556		3791091		3516
834		3582		3795701		3524
835		3562		3800312		3506
836		3538		3804918		3541
837		3531		3809530		3536
838		3505		3814131		3540
839		3459		3818761		3528
840		3465		3823383		3515
841		3460		3827991		3494
842		3456		3832604		3547
843		3488		3837216		3568
844		3496		3841831		3538
845		3485		3846441		3557
846		3451		3851048		3572
847		3439		3855639		3521
848		3419		3860252		3533
849		3397		3864821		3531
850		3424		3869406		3536
851		3398		3873999		3522
852		3410		3878574		3532
853		3398		3883162		3546
854		3443		3887759		3515
855		3491		3892377		3516
856		3536		3896995		3517
857		3497		3901606		3517
858		3505		3906208		3544
859		3506		3910807		3537
860		3491		3915428		3516
861		3466		3920021		3534
862		3423		3924624		3494
863		3450		3929245		3520
864		3414		3933828		3503
865		3388		3938423		3489
866		3436		3943013		3509
867		3452		3947641		3543
868		3434		3952249		3535
869		3379		3956854		3538
870		3400		3961445		3490
871		3411		3966050		3514
872		3378		3970661		3525
873		3368		3975266		3545
874		3349		3979865		3535
875		3359		3984458		3514
876		3395		3989067		3524
877		3396		3993673		3562
878		3415		3998291		3544
879		3452		4002915		3531
880		3380		4007527		3536
881		3361		4012108		3531
882		3441		4016722		3519
883		3446		4021323		3549
884		3385		4025909		3540
885		3445		4030502		3537
886		3441		4035102		3515
887		3432		4039692		3510
888		3405		4044299		3526
889		3385		4048891		3522
890		3382		4053490		3513
891		3341		4058082		3495
892		3359		4062667		3514
893		3368		4067260		3515
894		3359		4071849		3519
895		3375		4076454		3542
896		3339		4081071		3551
897		3347		4085672		3542
898		3313		4090272		3539
899		3337		4094864		3528
900		3296		4099461		3519
901		3326		4104060		3519
902		3400		4108665		3522
903		3368		4113271		3522
904		3377		4117855		3535
905		3352		4122472		3549
906		3366		4127081		3537
907		3355		4131684		3527
908		3418		4136291		3562
909		3353		4140894		3533
910		3394		4145485		3534
911		3348		4150107		3543
912		3405		4154700		3538
913		3420		4159318		3522
914		3366		4163937		3535
915		3324		4168539		3504
916		3321		4173118		3491
917		3331		4177702		3525
918		3341		4182303		3535
919		3336		4186902		3527
920		3316		4191511		3535
921		3369		4196110		3533
922		3340		4200735		3518
923		3376		4205351		3505
924		3356		4209964		3511
925		3358		4214573		3515
926		3335		4219169		3505
927		3304		4223778		3552
928		3304		4228396		3535
929		3321		4232998		3510
930		3324		4237613		3532
931		3347		4242226		3526
932		3359		4246833		3512
933		3340		4251445		3505
934		3345		4256057		3534
935		3328		4260650		3518
936		3352		4265284		3554
937		3369		4269909		3511
938		3327		4274548		3517
939		3350		4279153		3576
940		3317		4283770		3537
941		3327		4288381		3522
942		3389		4293013		3525
943		3379		4297629		3525
944		3339		4302254		3510
945		3345		4306875		3538
946		3379		4311482		3537
947		3345		4316095		3518
948		3331		4320698		3534
949		3321		4325295		3537
950		3253		4329895		3518
951		3247		4334509		3523
952		3228		4339108		3527
953		3196		4343705		3534
954		3151		4348326		3503
955		3235		4352929		3521
956		3209		4357534		3535
957		3254		4362153		3519
958		3240		4366774		3488
959		3245		4371396		3513
960		3265		4376005		3496
961		3298		4380621		3518
962		3315		4385245		3511
963		3260		4389845		3514
964		3241		4394458		3526
965		3249		4399057		3511
966		3255		4403665		3509
967		3262		4408281		3504
968		3202		4412891		3497
969		3230		4417514		3501
970		3241		4422126		3505
971		3219		4426743		3511
972		3278		4431358		3535
973		3229		4435980		3530
974		3241		4440580		3519
975		3269		4445189		3538
976		3282		4449786		3526
977		3329		4454418		3510
978		3371		4459058		3537
979		3339		4463686		3518
980		3289		4468302		3513
981		3275		4472940		3519
982		3299		4477564		3500
983		3280		4482188		3516
984		3296		4486820		3512
985		3277		4491440		3531
986		3315		4496071		3502
987		3329		4500680		3536
988		3353		4505307		3506
989		3326		4509924		3528
990		3319		4514524		3520
991		3318		4519125		3535
992		3295		4523748		3512
993		3284		4528365		3521
994		3294		4532977		3542
995		3343		4537584		3543
996		3337		4542182		3517
997		3300		4546796		3486
998		3280		4551413		3522
999		3282		4556020		3539
