# Migration is number of nodes that have changed color.

Round		Edge-Cut		Swaps		Migrations		Skipped
0		10173		4644		3243
1		10053		9259		3305
2		9962		13876		3370
3		9760		18479		3387
4		9695		23070		3470
5		9657		27651		3434
6		9555		32237		3443
7		9545		36809		3454
8		9384		41352		3448
9		9326		45881		3536
10		9272		50391		3472
11		9242		54913		3532
12		9257		59425		3548
13		9208		63926		3511
14		9286		68463		3494
15		9185		72974		3522
16		9110		77508		3566
17		9085		82001		3537
18		9119		86499		3540
19		9013		91011		3497
20		9038		95515		3543
21		8996		100025		3513
22		8957		104510		3510
23		8901		108978		3495
24		8790		113452		3506
25		8787		117932		3497
26		8718		122387		3460
27		8771		126838		3451
28		8603		131301		3507
29		8607		135746		3479
30		8687		140192		3519
31		8644		144613		3512
32		8624		149054		3504
33		8578		153476		3523
34		8594		157876		3531
35		8443		162301		3484
36		8416		166725		3476
37		8283		171110		3476
38		8357		175496		3488
39		8210		179908		3498
40		8222		184299		3496
41		8204		188689		3512
42		8167		193054		3474
43		8191		197442		3470
44		8131		201799		3485
45		8097		206178		3491
46		8162		210581		3519
47		8150		214970		3547
48		8175		219308		3531
49		8093		223682		3570
50		8099		228099		3530
51		8083		232480		3479
52		8118		236884		3534
53		8174		241284		3563
54		8204		245671		3525
55		8135		250103		3522
56		8065		254506		3526
57		8029		258907		3528
58		8002		263255		3525
59		7880		267640		3500
60		7789		272007		3516
61		7788		276414		3538
62		7827		280811		3542
63		7767		285209		3510
64		7700		289590		3498
65		7656		293962		3502
66		7627		298327		3515
67		7587		302689		3526
68		7490		307083		3520
69		7510		311485		3506
70		7583		315876		3541
71		7625		320281		3533
72		7679		324694		3540
73		7661		329141		3530
74		7712		333558		3488
75		7618		337980		3493
76		7600		342403		3531
77		7586		346848		3503
78		7557		351233		3553
79		7522		355635		3493
80		7605		360023		3584
81		7502		364446		3489
82		7456		368875		3529
83		7459		373288		3614
84		7416		377720		3543
85		7402		382141		3516
86		7373		386540		3536
87		7342		390926		3577
88		7371		395333		3558
89		7375		399768		3578
90		7376		404171		3549
91		7367		408586		3551
92		7311		412977		3560
93		7275		417384		3538
94		7194		421791		3540
95		7200		426209		3566
96		7203		430631		3533
97		7208		435042		3531
98		7161		439473		3517
99		7183		443864		3591
100		7133		448270		3515
101		7138		452682		3497
102		7180		457084		3579
103		7187		461499		3582
104		7166		465895		3563
105		7243		470349		3528
106		7184		474790		3528
107		7108		479200		3512
108		7114		483615		3539
109		7068		488023		3569
110		7159		492461		3527
111		7166		496875		3489
112		7096		501316		3541
113		7079		505757		3556
114		7077		510191		3534
115		7073		514660		3525
116		7113		519091		3544
117		6969		523524		3524
118		7072		527980		3554
119		6987		532424		3529
120		6927		536835		3514
121		6870		541265		3483
122		6949		545701		3526
123		6930		550120		3519
124		6987		554585		3533
125		6943		559029		3540
126		6923		563421		3529
127		6950		567873		3558
128		6826		572317		3490
129		6907		576766		3503
130		6796		581201		3497
131		6729		585640		3539
132		6873		590084		3538
133		6830		594543		3551
134		6861		598984		3536
135		6823		603414		3528
136		6847		607877		3562
137		6836		612316		3536
138		6845		616760		3471
139		6757		621220		3508
140		6842		625698		3489
141		6822		630157		3492
142		6930		634621		3472
143		6855		639127		3516
144		6814		643586		3484
145		6711		648012		3524
146		6806		652439		3482
147		6825		656887		3459
148		6842		661379		3490
149		6810		665826		3497
150		6665		670311		3510
151		6698		674734		3479
152		6573		679165		3480
153		6621		683633		3501
154		6673		688081		3509
155		6614		692522		3491
156		6581		696977		3521
157		6550		701401		3516
158		6486		705873		3490
159		6518		710327		3500
160		6479		714745		3494
161		6467		719188		3462
162		6452		723632		3525
163		6439		728089		3554
164		6546		732550		3526
165		6588		737031		3540
166		6526		741491		3504
167		6608		745986		3533
168		6510		750452		3513
169		6448		754926		3529
170		6453		759391		3530
171		6341		763877		3523
172		6335		768358		3506
173		6323		772813		3539
174		6234		777273		3490
175		6291		781717		3545
176		6270		786206		3524
177		6281		790685		3565
178		6292		795147		3533
179		6341		799644		3493
180		6345		804118		3473
181		6279		808571		3550
182		6253		813054		3532
183		6129		817500		3505
184		6145		821951		3495
185		6194		826423		3512
186		6162		830901		3551
187		6142		835357		3541
188		6190		839840		3539
189		6117		844320		3533
190		6023		848767		3530
191		6096		853230		3502
192		6044		857706		3493
193		6105		862183		3566
194		6028		866646		3507
195		6088		871127		3536
196		6090		875598		3536
197		6111		880101		3501
198		5966		884586		3509
199		6012		889083		3509
200		6121		893597		3525
201		6131		898114		3501
202		6054		902618		3525
203		6036		907094		3505
204		6013		911581		3492
205		5975		916074		3519
206		5920		920560		3571
207		5891		925019		3528
208		5885		929517		3510
209		5869		933996		3537
210		5822		938455		3481
211		5952		942935		3543
212		5851		947440		3535
213		5727		951918		3514
214		5786		956387		3533
215		5849		960865		3481
216		5830		965352		3502
217		5779		969850		3518
218		5841		974351		3497
219		5705		978831		3504
220		5718		983307		3522
221		5787		987777		3519
222		5854		992288		3458
223		5824		996791		3530
224		5901		1001294		3536
225		5856		1005795		3516
226		5808		1010307		3555
227		5814		1014787		3501
228		5878		1019267		3505
229		5818		1023790		3488
230		5724		1028263		3482
231		5702		1032745		3523
232		5700		1037241		3521
233		5642		1041741		3556
234		5561		1046196		3496
235		5552		1050659		3503
236		5658		1055177		3553
237		5675		1059648		3482
238		5660		1064137		3548
239		5631		1068623		3513
240		5632		1073117		3499
241		5672		1077610		3553
242		5666		1082112		3502
243		5654		1086612		3482
244		5654		1091115		3543
245		5754		1095620		3540
246		5729		1100134		3533
247		5705		1104634		3512
248		5633		1109129		3531
249		5529		1113621		3521
250		5575		1118121		3498
251		5576		1122644		3497
252		5607		1127130		3529
253		5618		1131641		3550
254		5499		1136117		3570
255		5458		1140600		3536
256		5539		1145100		3515
257		5506		1149618		3528
258		5477		1154149		3558
259		5565		1158654		3540
260		5597		1163182		3546
261		5497		1167701		3499
262		5433		1172184		3533
263		5446		1176681		3542
264		5457		1181190		3524
265		5477		1185712		3468
266		5437		1190225		3472
267		5408		1194732		3518
268		5326		1199226		3500
269		5299		1203709		3496
270		5318		1208187		3508
271		5258		1212690		3556
272		5265		1217197		3517
273		5297		1221684		3515
274		5222		1226161		3538
275		5219		1230676		3506
276		5236		1235155		3510
277		5284		1239666		3506
278		5310		1244192		3531
279		5345		1248706		3514
280		5315		1253228		3494
281		5314		1257717		3491
282		5333		1262232		3485
283		5355		1266753		3512
284		5358		1271232		3491
285		5375		1275735		3503
286		5416		1280234		3498
287		5451		1284770		3528
288		5372		1289297		3488
289		5349		1293816		3493
290		5330		1298336		3518
291		5348		1302854		3530
292		5270		1307346		3497
293		5154		1311838		3512
294		5108		1316312		3500
295		5130		1320770		3497
296		5120		1325296		3515
297		5103		1329816		3472
298		5087		1334313		3499
299		5109		1338826		3506
300		5057		1343352		3506
301		5067		1347844		3518
302		5064		1352365		3519
303		5024		1356885		3507
304		5031		1361392		3480
305		5051		1365911		3481
306		5101		1370413		3509
307		5014		1374906		3513
308		5009		1379418		3503
309		4989		1383914		3539
310		5002		1388424		3517
311		4968		1392935		3500
312		5014		1397436		3514
313		4998		1401934		3510
314		4964		1406471		3518
315		4947		1411017		3546
316		4881		1415530		3539
317		4926		1420061		3496
318		4921		1424582		3531
319		4920		1429111		3513
320		4949		1433640		3506
321		4942		1438145		3532
322		4963		1442662		3549
323		4917		1447196		3494
324		4927		1451715		3495
325		4867		1456254		3475
326		4860		1460771		3511
327		4871		1465264		3501
328		4905		1469799		3484
329		4914		1474340		3505
330		4875		1478889		3503
331		4921		1483392		3503
332		4888		1487918		3506
333		4860		1492456		3501
334		4893		1496994		3494
335		4908		1501525		3503
336		4906		1506050		3491
337		4806		1510575		3502
338		4764		1515096		3494
339		4733		1519619		3508
340		4745		1524165		3470
341		4803		1528676		3486
342		4776		1533209		3487
343		4727		1537712		3490
344		4664		1542229		3492
345		4659		1546750		3508
346		4642		1551274		3516
347		4721		1555790		3492
348		4734		1560333		3502
349		4717		1564846		3523
350		4777		1569384		3520
351		4775		1573906		3520
352		4780		1578447		3535
353		4824		1582978		3530
354		4756		1587516		3534
355		4761		1592064		3494
356		4747		1596620		3516
357		4761		1601174		3486
358		4722		1605706		3505
359		4666		1610257		3524
360		4691		1614807		3471
361		4650		1619353		3511
362		4621		1623900		3514
363		4626		1628440		3490
364		4589		1632975		3504
365		4587		1637523		3507
366		4629		1642050		3497
367		4637		1646587		3487
368		4728		1651121		3526
369		4652		1655662		3510
370		4673		1660167		3530
371		4777		1664712		3524
372		4709		1669251		3531
373		4739		1673802		3494
374		4758		1678354		3500
375		4772		1682899		3534
376		4800		1687453		3492
377		4812		1691995		3480
378		4816		1696541		3505
379		4763		1701091		3517
380		4718		1705641		3490
381		4586		1710174		3505
382		4625		1714726		3474
383		4653		1719265		3481
384		4716		1723813		3508
385		4645		1728364		3474
386		4616		1732885		3505
387		4612		1737427		3511
388		4620		1741970		3491
389		4647		1746502		3501
390		4610		1751036		3509
391		4632		1755596		3490
392		4667		1760160		3515
393		4726		1764732		3490
394		4740		1769280		3506
395		4715		1773848		3487
396		4645		1778417		3522
397		4648		1782980		3487
398		4620		1787511		3508
399		4617		1792050		3514
400		4607		1796592		3525
401		4564		1801140		3518
402		4604		1805701		3512
403		4650		1810284		3526
404		4655		1814850		3489
405		4603		1819404		3514
406		4634		1823940		3497
407		4638		1828502		3483
408		4614		1833047		3488
409		4598		1837604		3528
410		4579		1842172		3519
411		4524		1846711		3534
412		4548		1851266		3514
413		4591		1855822		3556
414		4571		1860385		3527
415		4574		1864960		3498
416		4578		1869524		3508
417		4567		1874094		3527
418		4543		1878631		3538
419		4574		1883176		3514
420		4552		1887734		3512
421		4528		1892268		3505
422		4577		1896799		3529
423		4620		1901373		3550
424		4508		1905924		3504
425		4447		1910482		3538
426		4460		1915035		3531
427		4507		1919569		3515
428		4525		1924130		3510
429		4480		1928695		3536
430		4462		1933271		3514
431		4446		1937833		3546
432		4480		1942386		3533
433		4438		1946946		3515
434		4488		1951510		3517
435		4490		1956060		3510
436		4450		1960611		3513
437		4454		1965173		3509
438		4456		1969739		3499
439		4427		1974284		3537
440		4438		1978829		3496
441		4441		1983396		3501
442		4498		1987948		3538
443		4535		1992507		3543
444		4451		1997075		3531
445		4498		2001645		3524
446		4445		2006202		3521
447		4418		2010761		3511
448		4458		2015327		3520
449		4508		2019882		3528
450		4418		2024443		3511
451		4397		2029002		3538
452		4438		2033558		3557
453		4454		2038117		3510
454		4439		2042675		3554
455		4398		2047211		3522
456		4469		2051772		3488
457		4459		2056339		3527
458		4440		2060868		3487
459		4431		2065420		3489
460		4436		2069968		3545
461		4504		2074519		3531
462		4445		2079091		3528
463		4449		2083672		3537
464		4458		2088223		3517
465		4430		2092781		3510
466		4439		2097340		3512
467		4430		2101870		3507
468		4371		2106429		3538
469		4319		2110950		3529
470		4407		2115504		3545
471		4439		2120056		3518
472		4447		2124604		3490
473		4413		2129175		3536
474		4410		2133737		3528
475		4429		2138294		3512
476		4441		2142869		3525
477		4365		2147429		3492
478		4337		2151980		3529
479		4440		2156534		3528
480		4339		2161084		3526
481		4356		2165637		3488
482		4348		2170190		3516
483		4339		2174762		3496
484		4376		2179321		3508
485		4358		2183880		3505
486		4313		2188432		3519
487		4342		2192996		3503
488		4369		2197530		3510
489		4336		2202106		3503
490		4326		2206680		3556
491		4324		2211226		3542
492		4302		2215773		3533
493		4250		2220334		3542
494		4262		2224876		3504
495		4296		2229424		3530
496		4281		2234010		3520
497		4227		2238587		3515
498		4272		2243170		3538
499		4297		2247749		3526
500		4266		2252315		3516
501		4363		2256932		3525
502		4460		2261548		3544
503		4511		2266156		3546
504		4539		2270773		3515
505		4567		2275416		3524
506		4634		2280036		3499
507		4667		2284632		3501
508		4653		2289241		3463
509		4686		2293833		3507
510		4637		2298437		3504
511		4718		2303044		3530
512		4729		2307635		3515
513		4679		2312233		3507
514		4740		2316837		3496
515		4678		2321435		3507
516		4679		2326029		3472
517		4746		2330619		3498
518		4727		2335206		3509
519		4698		2339779		3502
520		4656		2344375		3499
521		4663		2348959		3531
522		4747		2353553		3512
523		4699		2358122		3525
524		4696		2362707		3521
525		4712		2367272		3536
526		4655		2371856		3538
527		4668		2376438		3573
528		4682		2381024		3499
529		4677		2385596		3538
530		4687		2390180		3548
531		4651		2394777		3563
532		4688		2399352		3549
533		4711		2403929		3526
534		4705		2408498		3514
535		4654		2413076		3527
536		4564		2417652		3543
537		4611		2422216		3549
538		4638		2426774		3553
539		4668		2431323		3524
540		4654		2435886		3521
541		4680		2440454		3501
542		4661		2445035		3535
543		4655		2449593		3522
544		4630		2454164		3487
545		4638		2458752		3473
546		4583		2463313		3499
547		4622		2467879		3522
548		4642		2472455		3544
549		4585		2477047		3519
550		4587		2481622		3545
551		4594		2486199		3510
552		4543		2490764		3514
553		4537		2495320		3518
554		4615		2499869		3520
555		4596		2504417		3509
556		4600		2508969		3506
557		4640		2513535		3514
558		4647		2518101		3523
559		4658		2522671		3537
560		4678		2527239		3546
561		4578		2531803		3493
562		4610		2536363		3541
563		4581		2540917		3530
564		4617		2545491		3520
565		4553		2550066		3548
566		4624		2554639		3537
567		4601		2559208		3477
568		4612		2563776		3501
569		4600		2568357		3491
570		4575		2572926		3529
571		4562		2577504		3530
572		4540		2582081		3535
573		4510		2586640		3517
574		4497		2591206		3493
575		4526		2595779		3510
576		4560		2600358		3511
577		4497		2604937		3509
578		4472		2609493		3511
579		4494		2614064		3520
580		4478		2618629		3506
581		4428		2623187		3545
582		4453		2627756		3510
583		4507		2632317		3554
584		4505		2636894		3542
585		4453		2641471		3474
586		4434		2646034		3596
587		4479		2650602		3526
588		4465		2655160		3548
589		4432		2659717		3486
590		4438		2664282		3498
591		4395		2668837		3532
592		4397		2673391		3567
593		4432		2677937		3517
594		4361		2682505		3530
595		4421		2687077		3536
596		4411		2691649		3543
597		4383		2696203		3480
598		4387		2700757		3551
599		4363		2705337		3528
600		4369		2709909		3521
601		4362		2714448		3535
602		4342		2719002		3515
603		4374		2723574		3487
604		4404		2728143		3510
605		4393		2732720		3523
606		4361		2737297		3514
607		4287		2741869		3518
608		4319		2746419		3523
609		4251		2750973		3523
610		4344		2755524		3539
611		4370		2760063		3568
612		4372		2764618		3534
613		4406		2769197		3513
614		4357		2773765		3515
615		4391		2778357		3516
616		4422		2782923		3497
617		4374		2787506		3519
618		4326		2792070		3523
619		4314		2796641		3499
620		4342		2801181		3525
621		4382		2805733		3543
622		4391		2810294		3550
623		4334		2814873		3536
624		4296		2819430		3512
625		4288		2824019		3523
626		4236		2828573		3537
627		4275		2833116		3505
628		4290		2837689		3511
629		4300		2842276		3509
630		4241		2846827		3519
631		4304		2851399		3488
632		4278		2855988		3498
633		4231		2860571		3523
634		4238		2865123		3518
635		4261		2869692		3546
636		4277		2874237		3511
637		4274		2878812		3522
638		4311		2883394		3490
639		4336		2887963		3514
640		4296		2892536		3512
641		4208		2897102		3548
642		4274		2901674		3501
643		4240		2906242		3538
644		4226		2910816		3538
645		4216		2915386		3503
646		4188		2919951		3534
647		4216		2924510		3543
648		4196		2929080		3522
649		4123		2933648		3498
650		4168		2938216		3519
651		4225		2942779		3524
652		4205		2947354		3550
653		4189		2951908		3495
654		4219		2956484		3509
655		4172		2961032		3486
656		4263		2965603		3542
657		4180		2970161		3567
658		4178		2974738		3528
659		4224		2979304		3555
660		4250		2983881		3528
661		4201		2988440		3523
662		4215		2993002		3518
663		4118		2997566		3530
664		4094		3002096		3544
665		4142		3006694		3513
666		4210		3011276		3507
667		4203		3015847		3543
668		4181		3020413		3544
669		4294		3024998		3521
670		4276		3029576		3493
671		4265		3034177		3494
672		4283		3038768		3497
673		4230		3043345		3550
674		4252		3047922		3548
675		4248		3052505		3510
676		4248		3057067		3501
677		4289		3061642		3520
678		4301		3066233		3520
679		4301		3070818		3502
680		4314		3075386		3510
681		4270		3079968		3488
682		4250		3084551		3533
683		4260		3089103		3528
684		4233		3093668		3519
685		4302		3098244		3512
686		4325		3102800		3513
687		4272		3107374		3490
688		4308		3111911		3534
689		4364		3116505		3511
690		4300		3121075		3513
691		4254		3125636		3504
692		4282		3130224		3522
693		4268		3134795		3501
694		4260		3139362		3485
695		4174		3143934		3542
696		4168		3148527		3517
697		4181		3153101		3514
698		4188		3157668		3538
699		4231		3162251		3542
700		4226		3166845		3504
701		4210		3171401		3514
702		4199		3175959		3526
703		4166		3180516		3519
704		4186		3185103		3527
705		4169		3189664		3515
706		4163		3194227		3542
707		4184		3198778		3525
708		4179		3203356		3527
709		4190		3207920		3520
710		4146		3212503		3511
711		4100		3217058		3534
712		4120		3221607		3491
713		4146		3226149		3535
714		4170		3230732		3512
715		4152		3235315		3535
716		4152		3239887		3525
717		4098		3244455		3519
718		4137		3249016		3537
719		4193		3253579		3545
720		4139		3258150		3511
721		4162		3262716		3533
722		4128		3267286		3555
723		4105		3271857		3528
724		4170		3276437		3523
725		4142		3281016		3527
726		4140		3285595		3550
727		4119		3290144		3536
728		4093		3294710		3516
729		4142		3299297		3561
730		4069		3303858		3538
731		4047		3308433		3517
732		4059		3312993		3539
733		4071		3317582		3533
734		4051		3322165		3530
735		3992		3326740		3510
736		4035		3331316		3532
737		3986		3335901		3515
738		3955		3340480		3559
739		3947		3345045		3567
740		3989		3349602		3535
741		4022		3354186		3538
742		4022		3358763		3531
743		3974		3363361		3529
744		3959		3367945		3560
745		3990		3372513		3538
746		4019		3377097		3548
747		4006		3381688		3541
748		4010		3386246		3506
749		4039		3390840		3560
750		4037		3395425		3539
751		4092		3399996		3542
752		4022		3404566		3511
753		4002		3409132		3537
754		4005		3413690		3542
755		3995		3418268		3544
756		4016		3422845		3529
757		3985		3427428		3562
758		4003		3431989		3516
759		4029		3436561		3531
760		4009		3441128		3505
761		4034		3445686		3553
762		4070		3450248		3517
763		4088		3454824		3523
764		4095		3459403		3496
765		4097		3463957		3493
766		4163		3468535		3497
767		4088		3473110		3522
768		4083		3477667		3525
769		4107		3482253		3540
770		4023		3486829		3550
771		4026		3491400		3540
772		4061		3495962		3526
773		4080		3500535		3584
774		4078		3505124		3539
775		4117		3509707		3530
776		4102		3514292		3548
777		4061		3518883		3550
778		4137		3523468		3530
779		4150		3528042		3541
780		4164		3532644		3533
781		4146		3537240		3521
782		4213		3541812		3544
783		4136		3546401		3578
784		4131		3550966		3543
785		4163		3555539		3541
786		4065		3560122		3524
787		4097		3564685		3505
788		4043		3569259		3564
789		4039		3573832		3523
790		4023		3578399		3513
791		4059		3582967		3551
792		4030		3587567		3557
793		4084		3592143		3542
794		3999		3596728		3548
795		3978		3601311		3486
796		4081		3605901		3501
797		4016		3610495		3513
798		4027		3615082		3552
799		3999		3619655		3530
800		3933		3624232		3564
801		3995		3628778		3567
802		3978		3633362		3524
803		3948		3637929		3529
804		3955		3642522		3517
805		3998		3647104		3512
806		3976		3651682		3530
807		3984		3656264		3529
808		3984		3660844		3536
809		3965		3665412		3523
810		4022		3669977		3530
811		4023		3674545		3513
812		4062		3679119		3525
813		3985		3683697		3528
814		4033		3688253		3584
815		4107		3692842		3543
816		4137		3697415		3548
817		4091		3701986		3533
818		4070		3706568		3506
819		4073		3711151		3515
820		4091		3715713		3536
821		4147		3720286		3521
822		4128		3724876		3526
823		4135		3729457		3523
824		4171		3734037		3515
825		4206		3738619		3513
826		4161		3743198		3532
827		4118		3747775		3523
828		4124		3752343		3539
829		4111		3756930		3520
830		4056		3761518		3529
831		4077		3766090		3550
832		4130		3770702		3572
833		4100		3775303		3527
834		4101		3779893		3556
835		4095		3784499		3550
836		4055		3789086		3536
837		4095		3793668		3545
838		4081		3798243		3530
839		4031		3802840		3535
840		4081		3807388		3520
841		4052		3811955		3523
842		4109		3816540		3528
843		4111		3821118		3528
844		4103		3825694		3517
845		4096		3830275		3534
846		4150		3834835		3547
847		4101		3839407		3549
848		4032		3843983		3530
849		4096		3848558		3534
850		4083		3853145		3505
851		4099		3857721		3528
852		4078		3862327		3559
853		4095		3866909		3532
854		4047		3871494		3547
855		4044		3876070		3535
856		4052		3880643		3567
857		4128		3885237		3539
858		4132		3889834		3529
859		4075		3894416		3552
860		4030		3899001		3551
861		4070		3903582		3531
862		4095		3908156		3561
863		4093		3912737		3541
864		4074		3917308		3523
865		4098		3921889		3562
866		4062		3926444		3537
867		4052		3931026		3540
868		4055		3935628		3518
869		4108		3940196		3519
870		4164		3944755		3513
871		4121		3949324		3544
872		4155		3953925		3517
873		4158		3958516		3521
874		4185		3963100		3552
875		4109		3967696		3546
876		4039		3972265		3462
877		4078		3976854		3508
878		4064		3981419		3536
879		4092		3985990		3556
880		4084		3990576		3513
881		3978		3995152		3553
882		3975		3999731		3532
883		3983		4004312		3546
884		4012		4008901		3529
885		3991		4013483		3525
886		4041		4018070		3534
887		4082		4022661		3535
888		4083		4027254		3548
889		4050		4031852		3538
890		4027		4036454		3558
891		4036		4041023		3535
892		4003		4045633		3532
893		4043		4050219		3554
894		4001		4054836		3529
895		3986		4059424		3512
896		3980		4064002		3539
897		3987		4068580		3533
898		3981		4073159		3538
899		3955		4077748		3544
900		3941		4082336		3527
901		3852		4086918		3512
902		3881		4091487		3568
903		3873		4096078		3543
904		3879		4100624		3532
905		3896		4105178		3551
906		3946		4109749		3528
907		3974		4114332		3517
908		3968		4118910		3559
909		4003		4123501		3569
910		3994		4128092		3524
911		4002		4132672		3557
912		3978		4137227		3538
913		3988		4141821		3530
914		3966		4146405		3543
915		3941		4150995		3522
916		3986		4155587		3579
917		3978		4160176		3541
918		3983		4164744		3544
919		3977		4169321		3500
920		3964		4173908		3539
921		3996		4178484		3522
922		4065		4183073		3543
923		4025		4187665		3540
924		3970		4192259		3555
925		3974		4196842		3559
926		3989		4201414		3514
927		3970		4205990		3551
928		3936		4210562		3532
929		3988		4215130		3525
930		3906		4219696		3480
931		3794		4224244		3536
932		3826		4228816		3557
933		3841		4233406		3529
934		3871		4237972		3531
935		3876		4242538		3516
936		3861		4247109		3533
937		3926		4251664		3520
938		3867		4256224		3560
939		3810		4260775		3576
940		3798		4265359		3558
941		3845		4269940		3519
942		3831		4274529		3545
943		3836		4279106		3527
944		3833		4283692		3539
945		3829		4288274		3530
946		3784		4292829		3555
947		3790		4297402		3538
948		3824		4301982		3530
949		3793		4306563		3561
950		3747		4311142		3537
951		3758		4315722		3539
952		3749		4320321		3560
953		3723		4324917		3562
954		3672		4329506		3557
955		3688		4334086		3545
956		3702		4338664		3556
957		3702		4343248		3523
958		3741		4347835		3529
959		3719		4352425		3491
960		3728		4357031		3514
961		3726		4361639		3503
962		3734		4366202		3516
963		3676		4370804		3522
964		3724		4375380		3559
965		3732		4379991		3558
966		3712		4384582		3545
967		3711		4389168		3561
968		3721		4393748		3528
969		3753		4398314		3524
970		3739		4402894		3525
971		3748		4407459		3553
972		3805		4412067		3579
973		3872		4416670		3518
974		3860		4421238		3533
975		3847		4425821		3546
976		3845		4430417		3530
977		3838		4434993		3539
978		3829		4439576		3553
979		3842		4444148		3541
980		3871		4448749		3551
981		3824		4453332		3535
982		3832		4457933		3527
983		3857		4462493		3487
984		3860		4467083		3528
985		3847		4471663		3521
986		3865		4476245		3546
987		3902		4480824		3536
988		3847		4485410		3577
989		3861		4490001		3549
990		3805		4494615		3535
991		3798		4499181		3539
992		3823		4503766		3535
993		3787		4508343		3554
994		3725		4512897		3563
995		3746		4517460		3572
996		3775		4522043		3561
997		3807		4526620		3530
998		3794		4531200		3563
999		3794		4535769		3559
