# Migration is number of nodes that have changed color.

Round		Edge-Cut		Swaps		Migrations		Skipped
0		10115		4641		3296
1		9899		9274		3293
2		9812		13872		3427
3		9744		18474		3451
4		9718		23063		3480
5		9674		27657		3478
6		9556		32229		3466
7		9597		36783		3502
8		9590		41358		3521
9		9552		45945		3404
10		9546		50501		3495
11		9408		55072		3506
12		9311		59611		3506
13		9233		64152		3478
14		9160		68675		3502
15		9217		73212		3452
16		9234		77740		3510
17		9132		82290		3523
18		9081		86797		3476
19		9036		91306		3552
20		9050		95856		3485
21		9009		100343		3492
22		8989		104859		3508
23		8935		109350		3450
24		8874		113887		3487
25		8797		118373		3547
26		8766		122833		3502
27		8860		127340		3476
28		8851		131810		3502
29		8709		136304		3461
30		8610		140750		3424
31		8653		145228		3469
32		8596		149699		3495
33		8533		154140		3484
34		8553		158594		3527
35		8586		163026		3506
36		8571		167477		3489
37		8562		171943		3474
38		8611		176419		3461
39		8454		180862		3515
40		8453		185308		3500
41		8348		189749		3499
42		8297		194181		3510
43		8272		198617		3478
44		8235		203033		3533
45		8206		207429		3448
46		8220		211843		3530
47		8230		216234		3509
48		8138		220659		3531
49		8078		225070		3477
50		8060		229471		3504
51		8098		233874		3496
52		8024		238275		3445
53		7974		242679		3479
54		7963		247086		3501
55		7987		251491		3503
56		7978		255919		3480
57		8040		260347		3482
58		7924		264760		3522
59		7868		269167		3503
60		7845		273551		3560
61		7819		277947		3496
62		7775		282338		3495
63		7681		286719		3481
64		7688		291077		3493
65		7689		295436		3461
66		7720		299849		3549
67		7718		304246		3516
68		7834		308638		3546
69		7756		313059		3494
70		7815		317510		3526
71		7739		321963		3520
72		7688		326360		3519
73		7663		330779		3477
74		7519		335193		3549
75		7535		339611		3530
76		7505		344035		3514
77		7457		348459		3533
78		7415		352877		3511
79		7395		357265		3503
80		7297		361685		3526
81		7262		366106		3489
82		7268		370527		3475
83		7302		374963		3512
84		7310		379377		3533
85		7209		383784		3509
86		7272		388207		3530
87		7285		392640		3505
88		7177		397056		3516
89		7202		401454		3515
90		7146		405875		3517
91		7075		410307		3510
92		7080		414707		3527
93		7039		419115		3516
94		6998		423524		3523
95		7052		427946		3486
96		6969		432361		3521
97		6953		436787		3466
98		6997		441210		3510
99		6963		445626		3496
100		6942		450030		3497
101		6914		454431		3517
102		6823		458862		3507
103		6913		463272		3506
104		6878		467686		3541
105		6850		472131		3501
106		6834		476579		3473
107		6828		481007		3487
108		6781		485454		3489
109		6791		489908		3468
110		6756		494303		3491
111		6897		498751		3509
112		6765		503189		3481
113		6726		507624		3470
114		6778		512044		3452
115		6709		516480		3474
116		6765		520920		3512
117		6785		525380		3486
118		6685		529828		3470
119		6670		534284		3483
120		6688		538690		3441
121		6738		543138		3462
122		6755		547566		3487
123		6733		551997		3465
124		6680		556420		3449
125		6707		560860		3443
126		6687		565274		3466
127		6710		569715		3472
128		6595		574115		3503
129		6647		578583		3485
130		6629		583029		3508
131		6661		587494		3509
132		6649		591971		3522
133		6650		596420		3482
134		6565		600881		3500
135		6557		605325		3525
136		6623		609792		3484
137		6540		614231		3497
138		6521		618664		3479
139		6514		623102		3458
140		6428		627531		3498
141		6420		631979		3519
142		6442		636435		3498
143		6379		640902		3508
144		6463		645386		3462
145		6425		649849		3482
146		6445		654313		3475
147		6443		658798		3491
148		6448		663275		3470
149		6388		667759		3457
150		6298		672226		3479
151		6355		676709		3460
152		6383		681189		3464
153		6293		685653		3430
154		6291		690116		3456
155		6188		694584		3504
156		6167		699032		3486
157		6255		703481		3520
158		6252		707947		3510
159		6267		712420		3516
160		6243		716869		3485
161		6230		721330		3490
162		6266		725773		3502
163		6244		730256		3498
164		6251		734719		3510
165		6204		739207		3534
166		6187		743689		3484
167		6092		748163		3501
168		6063		752666		3488
169		6093		757121		3452
170		6072		761588		3532
171		6094		766042		3513
172		6091		770535		3489
173		6036		774994		3501
174		6009		779450		3462
175		5955		783878		3494
176		5975		788333		3482
177		5922		792780		3516
178		6002		797234		3486
179		6066		801727		3488
180		6113		806204		3508
181		6004		810676		3485
182		5994		815154		3508
183		6083		819654		3483
184		6086		824122		3493
185		6044		828581		3489
186		6015		833047		3509
187		6080		837487		3505
188		6065		841963		3471
189		6076		846422		3513
190		6044		850904		3458
191		6062		855386		3534
192		6053		859863		3480
193		5991		864327		3523
194		5859		868787		3516
195		5926		873242		3489
196		5864		877728		3494
197		5848		882194		3496
198		5797		886686		3485
199		5785		891166		3465
200		5805		895611		3488
201		5754		900083		3469
202		5758		904541		3476
203		5762		909034		3456
204		5825		913540		3522
205		5866		918036		3474
206		5809		922535		3502
207		5809		927036		3495
208		5815		931517		3483
209		5814		936006		3510
210		5898		940515		3520
211		5823		945018		3528
212		5780		949521		3495
213		5702		953969		3487
214		5760		958434		3530
215		5786		962961		3506
216		5754		967430		3493
217		5666		971921		3510
218		5671		976396		3498
219		5676		980878		3504
220		5632		985372		3491
221		5563		989888		3468
222		5500		994385		3505
223		5493		998839		3458
224		5528		1003332		3511
225		5570		1007811		3474
226		5631		1012334		3524
227		5532		1016848		3492
228		5567		1021328		3491
229		5583		1025825		3498
230		5483		1030285		3500
231		5442		1034762		3482
232		5459		1039239		3511
233		5518		1043722		3487
234		5485		1048234		3508
235		5441		1052716		3510
236		5514		1057216		3485
237		5529		1061739		3512
238		5457		1066252		3511
239		5490		1070772		3490
240		5410		1075266		3463
241		5448		1079773		3477
242		5462		1084308		3477
243		5397		1088760		3499
244		5378		1093253		3484
245		5335		1097753		3510
246		5367		1102257		3530
247		5366		1106750		3491
248		5451		1111250		3531
249		5464		1115749		3478
250		5452		1120260		3526
251		5389		1124753		3501
252		5345		1129236		3488
253		5389		1133719		3481
254		5459		1138223		3524
255		5362		1142723		3478
256		5298		1147225		3492
257		5257		1151721		3495
258		5170		1156229		3514
259		5167		1160707		3491
260		5122		1165207		3496
261		5142		1169717		3482
262		5102		1174235		3472
263		5182		1178698		3484
264		5091		1183194		3495
265		5163		1187712		3505
266		5071		1192228		3487
267		5097		1196754		3491
268		5086		1201246		3495
269		5117		1205770		3505
270		5182		1210281		3448
271		5111		1214801		3502
272		5120		1219326		3493
273		5130		1223852		3482
274		5165		1228398		3449
275		5134		1232921		3468
276		5078		1237430		3449
277		5084		1241919		3478
278		5117		1246450		3489
279		5076		1250983		3466
280		5040		1255490		3498
281		5057		1260004		3493
282		5014		1264513		3476
283		5001		1269021		3483
284		4988		1273508		3514
285		5006		1278009		3494
286		5001		1282541		3466
287		4989		1287056		3484
288		5006		1291580		3511
289		4998		1296113		3492
290		5012		1300642		3492
291		5018		1305188		3481
292		5041		1309717		3480
293		5040		1314242		3482
294		4999		1318767		3462
295		4969		1323285		3483
296		4965		1327810		3506
297		4974		1332329		3491
298		4987		1336850		3487
299		4923		1341398		3489
300		4881		1345899		3502
301		4934		1350406		3475
302		4920		1354937		3498
303		4897		1359466		3515
304		4905		1363990		3512
305		4865		1368521		3486
306		4807		1373068		3492
307		4896		1377617		3473
308		4900		1382143		3473
309		4834		1386676		3513
310		4813		1391212		3489
311		4805		1395752		3511
312		4810		1400294		3468
313		4804		1404824		3522
314		4800		1409339		3458
315		4721		1413851		3487
316		4766		1418370		3540
317		4721		1422917		3512
318		4750		1427458		3471
319		4763		1431986		3485
320		4732		1436516		3439
321		4702		1441032		3493
322		4735		1445559		3483
323		4754		1450094		3512
324		4724		1454634		3520
325		4722		1459170		3486
326		4730		1463715		3501
327		4751		1468253		3506
328		4865		1472793		3461
329		4840		1477341		3479
330		4803		1481887		3508
331		4811		1486410		3494
332		4834		1490950		3464
333		4767		1495509		3494
334		4739		1500056		3495
335		4748		1504613		3477
336		4786		1509174		3471
337		4739		1513727		3462
338		4719		1518280		3472
339		4774		1522812		3521
340		4775		1527351		3486
341		4714		1531903		3474
342		4735		1536438		3458
343		4736		1540995		3479
344		4741		1545535		3476
345		4684		1550083		3474
346		4696		1554637		3465
347		4701		1559172		3494
348		4720		1563736		3480
349		4684		1568272		3474
350		4718		1572801		3500
351		4770		1577355		3471
352		4762		1581911		3487
353		4741		1586467		3490
354		4711		1591024		3438
355		4698		1595566		3493
356		4696		1600129		3492
357		4671		1604663		3486
358		4688		1609214		3493
359		4725		1613752		3474
360		4658		1618304		3496
361		4670		1622856		3464
362		4620		1627410		3473
363		4628		1631971		3461
364		4541		1636495		3462
365		4595		1641040		3474
366		4616		1645569		3444
367		4669		1650131		3486
368		4613		1654664		3481
369		4598		1659222		3458
370		4619		1663723		3490
371		4633		1668245		3484
372		4539		1672789		3490
373		4476		1677323		3451
374		4523		1681836		3515
375		4490		1686396		3507
376		4476		1690947		3520
377		4513		1695505		3476
378		4495		1700057		3508
379		4521		1704605		3509
380		4441		1709154		3497
381		4432		1713698		3504
382		4503		1718250		3490
383		4510		1722805		3469
384		4493		1727355		3480
385		4526		1731907		3504
386		4521		1736446		3453
387		4550		1741005		3471
388		4528		1745556		3485
389		4521		1750098		3460
390		4539		1754649		3526
391		4525		1759205		3516
392		4557		1763749		3494
393		4585		1768294		3466
394		4595		1772860		3479
395		4568		1777433		3455
396		4506		1781984		3484
397		4518		1786524		3493
398		4506		1791073		3530
399		4512		1795594		3490
400		4661		1800151		3461
401		4666		1804707		3519
402		4670		1809268		3521
403		4672		1813815		3552
404		4658		1818366		3491
405		4661		1822908		3504
406		4610		1827472		3507
407		4613		1832002		3452
408		4678		1836557		3464
409		4652		1841108		3468
410		4755		1845665		3499
411		4743		1850228		3507
412		4669		1854782		3497
413		4752		1859344		3527
414		4731		1863888		3485
415		4693		1868447		3484
416		4662		1873014		3508
417		4588		1877565		3495
418		4579		1882117		3489
419		4596		1886671		3487
420		4616		1891219		3524
421		4579		1895764		3473
422		4556		1900300		3463
423		4475		1904838		3534
424		4491		1909360		3510
425		4472		1913885		3516
426		4475		1918430		3515
427		4477		1922990		3471
428		4419		1927544		3537
429		4438		1932071		3501
430		4414		1936608		3502
431		4434		1941144		3490
432		4459		1945682		3493
433		4476		1950221		3535
434		4433		1954782		3509
435		4467		1959331		3466
436		4465		1963877		3479
437		4464		1968454		3466
438		4461		1973034		3458
439		4468		1977586		3447
440		4390		1982158		3470
441		4350		1986715		3477
442		4396		1991289		3472
443		4379		1995854		3463
444		4345		2000439		3447
445		4350		2005000		3472
446		4352		2009561		3495
447		4344		2014114		3494
448		4305		2018696		3488
449		4293		2023263		3493
450		4308		2027798		3488
451		4264		2032350		3491
452		4375		2036933		3506
453		4328		2041488		3486
454		4318		2046039		3498
455		4284		2050576		3522
456		4330		2055113		3544
457		4246		2059683		3511
458		4260		2064223		3472
459		4261		2068763		3495
460		4252		2073303		3480
461		4291		2077856		3488
462		4280		2082407		3527
463		4312		2086989		3487
464		4285		2091532		3493
465		4254		2096077		3476
466		4252		2100622		3482
467		4247		2105187		3504
468		4324		2109752		3505
469		4336		2114320		3486
470		4384		2118880		3512
471		4388		2123439		3474
472		4421		2128002		3534
473		4340		2132562		3488
474		4336		2137145		3494
475		4334		2141672		3487
476		4307		2146256		3504
477		4309		2150822		3453
478		4315		2155372		3489
479		4312		2159927		3488
480		4347		2164478		3461
481		4297		2169030		3472
482		4316		2173570		3467
483		4330		2178137		3484
484		4344		2182714		3451
485		4345		2187263		3440
486		4299		2191817		3458
487		4270		2196386		3474
488		4206		2200937		3503
489		4284		2205497		3488
490		4316		2210036		3469
491		4318		2214596		3499
492		4351		2219146		3478
493		4301		2223723		3495
494		4280		2228275		3491
495		4286		2232810		3506
496		4326		2237362		3503
497		4269		2241935		3497
498		4224		2246466		3499
499		4289		2251030		3470
500		4232		2255579		3507
501		4373		2260180		3491
502		4504		2264755		3503
503		4548		2269351		3487
504		4651		2273964		3495
505		4737		2278582		3448
506		4757		2283187		3477
507		4775		2287795		3520
508		4827		2292398		3502
509		4745		2296991		3498
510		4795		2301593		3495
511		4787		2306199		3496
512		4793		2310788		3480
513		4876		2315396		3507
514		4840		2319991		3493
515		4811		2324590		3473
516		4866		2329176		3498
517		4965		2333770		3521
518		5004		2338371		3497
519		5049		2342969		3511
520		4998		2347569		3474
521		4977		2352151		3514
522		4950		2356740		3489
523		4913		2361326		3505
524		4922		2365900		3515
525		4912		2370479		3510
526		4912		2375055		3505
527		4879		2379625		3476
528		4881		2384211		3501
529		4859		2388779		3485
530		4820		2393333		3512
531		4789		2397895		3506
532		4824		2402452		3506
533		4807		2407008		3518
534		4852		2411558		3501
535		4793		2416112		3513
536		4849		2420659		3467
537		4757		2425201		3499
538		4858		2429778		3487
539		4797		2434348		3495
540		4791		2438909		3505
541		4814		2443465		3483
542		4808		2448031		3460
543		4765		2452592		3508
544		4712		2457130		3504
545		4744		2461682		3493
546		4821		2466243		3538
547		4807		2470789		3551
548		4842		2475346		3498
549		4890		2479920		3502
550		4820		2484476		3469
551		4834		2489035		3480
552		4829		2493602		3485
553		4870		2498161		3488
554		4865		2502722		3498
555		4821		2507290		3487
556		4848		2511829		3480
557		4828		2516390		3530
558		4744		2520948		3498
559		4785		2525496		3517
560		4771		2530057		3526
561		4799		2534631		3476
562		4838		2539184		3501
563		4862		2543748		3480
564		4850		2548309		3515
565		4840		2552865		3505
566		4861		2557429		3466
567		4886		2561983		3527
568		4847		2566527		3502
569		4846		2571072		3546
570		4863		2575626		3490
571		4855		2580184		3508
572		4828		2584728		3506
573		4715		2589282		3495
574		4645		2593824		3486
575		4674		2598391		3489
576		4617		2602945		3508
577		4632		2607496		3464
578		4684		2612066		3492
579		4683		2616646		3494
580		4651		2621207		3505
581		4719		2625788		3506
582		4710		2630359		3499
583		4730		2634933		3479
584		4767		2639515		3482
585		4753		2644111		3499
586		4792		2648702		3484
587		4752		2653257		3476
588		4680		2657789		3505
589		4707		2662338		3518
590		4736		2666904		3521
591		4673		2671488		3524
592		4732		2676049		3510
593		4709		2680606		3480
594		4682		2685190		3493
595		4678		2689752		3515
596		4673		2694333		3496
597		4629		2698877		3507
598		4660		2703434		3506
599		4643		2707984		3493
600		4660		2712528		3485
601		4643		2717077		3522
602		4685		2721639		3515
603		4682		2726192		3520
604		4710		2730756		3492
605		4602		2735334		3494
606		4579		2739888		3537
607		4563		2744445		3545
608		4422		2748996		3530
609		4422		2753538		3540
610		4412		2758075		3527
611		4431		2762617		3509
612		4393		2767181		3512
613		4382		2771720		3488
614		4464		2776275		3482
615		4462		2780815		3485
616		4487		2785374		3524
617		4453		2789917		3499
618		4395		2794447		3532
619		4415		2799000		3528
620		4391		2803560		3504
621		4423		2808112		3549
622		4421		2812668		3500
623		4463		2817240		3535
624		4447		2821818		3524
625		4432		2826393		3529
626		4425		2830954		3520
627		4422		2835536		3531
628		4448		2840088		3501
629		4391		2844641		3522
630		4338		2849215		3546
631		4288		2853759		3531
632		4361		2858299		3503
633		4405		2862847		3504
634		4404		2867402		3538
635		4459		2871957		3532
636		4431		2876508		3470
637		4466		2881081		3489
638		4500		2885644		3488
639		4435		2890207		3526
640		4426		2894764		3486
641		4420		2899316		3500
642		4402		2903878		3512
643		4379		2908449		3514
644		4361		2912993		3519
645		4406		2917542		3544
646		4422		2922118		3517
647		4409		2926702		3525
648		4520		2931279		3513
649		4422		2935827		3510
650		4422		2940397		3489
651		4432		2944969		3505
652		4447		2949535		3509
653		4421		2954105		3525
654		4419		2958668		3561
655		4367		2963224		3513
656		4383		2967801		3522
657		4400		2972356		3516
658		4402		2976923		3536
659		4386		2981491		3513
660		4374		2986052		3543
661		4419		2990570		3529
662		4405		2995148		3518
663		4434		2999736		3520
664		4412		3004311		3517
665		4354		3008869		3501
666		4346		3013429		3508
667		4302		3017995		3539
668		4337		3022536		3519
669		4321		3027102		3510
670		4327		3031668		3515
671		4263		3036214		3490
672		4324		3040778		3522
673		4318		3045350		3515
674		4313		3049913		3502
675		4291		3054477		3512
676		4266		3059039		3512
677		4275		3063591		3499
678		4301		3068153		3493
679		4264		3072713		3505
680		4266		3077265		3492
681		4275		3081819		3502
682		4242		3086361		3504
683		4179		3090923		3511
684		4214		3095457		3522
685		4181		3100022		3536
686		4190		3104591		3524
687		4229		3109148		3505
688		4180		3113706		3476
689		4146		3118267		3510
690		4188		3122830		3523
691		4222		3127398		3513
692		4242		3131949		3485
693		4281		3136524		3467
694		4181		3141071		3519
695		4196		3145612		3493
696		4200		3150180		3498
697		4083		3154750		3508
698		4061		3159300		3552
699		4132		3163870		3505
700		4123		3168431		3492
701		4128		3172988		3500
702		4126		3177547		3497
703		4140		3182099		3512
704		4233		3186682		3461
705		4186		3191255		3475
706		4206		3195834		3487
707		4230		3200400		3516
708		4170		3204967		3484
709		4195		3209532		3549
710		4167		3214095		3507
711		4213		3218688		3503
712		4162		3223258		3510
713		4168		3227819		3524
714		4158		3232379		3522
715		4185		3236971		3510
716		4199		3241556		3489
717		4190		3246095		3490
718		4147		3250670		3469
719		4080		3255219		3488
720		4110		3259779		3477
721		4109		3264369		3457
722		4167		3268941		3509
723		4173		3273510		3484
724		4132		3278064		3489
725		4148		3282617		3490
726		4116		3287185		3458
727		4103		3291751		3483
728		4112		3296314		3468
729		4166		3300872		3520
730		4228		3305435		3483
731		4161		3310007		3495
732		4189		3314581		3440
733		4199		3319137		3482
734		4180		3323711		3492
735		4178		3328286		3500
736		4121		3332873		3491
737		4171		3337453		3488
738		4179		3342038		3526
739		4131		3346593		3512
740		4086		3351173		3497
741		4117		3355760		3487
742		4157		3360345		3529
743		4155		3364925		3528
744		4150		3369494		3503
745		4141		3374096		3529
746		4237		3378700		3494
747		4164		3383296		3531
748		4172		3387865		3494
749		4164		3392435		3527
750		4175		3397029		3504
751		4172		3401602		3482
752		4140		3406188		3487
753		4154		3410766		3502
754		4178		3415331		3517
755		4203		3419921		3531
756		4140		3424501		3500
757		4104		3429068		3501
758		4121		3433657		3521
759		4132		3438232		3514
760		4080		3442805		3495
761		4049		3447390		3502
762		4050		3451960		3532
763		4064		3456531		3541
764		3998		3461120		3500
765		4004		3465684		3509
766		3966		3470264		3517
767		3988		3474841		3486
768		4009		3479425		3481
769		4058		3483977		3517
770		4061		3488554		3508
771		4092		3493140		3497
772		4128		3497729		3485
773		4153		3502287		3495
774		4163		3506859		3503
775		4146		3511451		3517
776		4095		3516031		3527
777		4086		3520606		3497
778		4135		3525182		3521
779		4169		3529767		3461
780		4153		3534359		3491
781		4159		3538949		3501
782		4134		3543510		3511
783		4130		3548088		3511
784		4096		3552675		3521
785		4056		3557234		3520
786		4117		3561812		3533
787		4072		3566383		3501
788		4149		3570967		3508
789		4124		3575553		3535
790		4128		3580131		3516
791		4135		3584719		3506
792		4134		3589273		3551
793		4046		3593853		3515
794		4081		3598437		3495
795		4162		3602992		3494
796		4090		3607572		3507
797		4014		3612131		3520
798		4134		3616696		3542
799		4034		3621252		3518
800		4010		3625826		3531
801		4005		3630400		3538
802		4024		3634986		3525
803		4018		3639580		3527
804		3980		3644152		3531
805		3980		3648738		3512
806		3940		3653299		3538
807		3931		3657890		3538
808		3984		3662461		3516
809		4040		3667035		3502
810		4010		3671614		3520
811		4027		3676194		3515
812		4014		3680795		3505
813		4029		3685377		3493
814		4036		3689946		3481
815		4033		3694492		3499
816		4067		3699053		3495
817		4081		3703631		3522
818		4024		3708209		3469
819		3997		3712789		3509
820		3931		3717371		3492
821		3863		3721939		3544
822		3901		3726525		3500
823		3875		3731093		3539
824		3838		3735665		3543
825		3817		3740230		3492
826		3859		3744790		3502
827		3856		3749379		3518
828		3883		3753946		3494
829		3939		3758523		3450
830		3958		3763119		3508
831		3966		3767713		3515
832		3960		3772311		3508
833		3959		3776904		3526
834		3994		3781479		3530
835		3912		3786073		3544
836		3904		3790656		3528
837		3869		3795243		3518
838		3899		3799789		3500
839		3969		3804362		3502
840		3918		3808901		3535
841		3979		3813479		3507
842		3913		3818062		3540
843		3846		3822632		3502
844		3899		3827193		3499
845		3920		3831781		3510
846		3933		3836375		3501
847		3934		3840952		3526
848		3934		3845537		3505
849		3913		3850129		3491
850		3841		3854705		3507
851		3921		3859277		3512
852		3863		3863858		3500
853		3930		3868465		3514
854		3932		3873050		3465
855		3909		3877624		3478
856		3962		3882217		3514
857		4002		3886821		3489
858		3973		3891412		3469
859		3962		3896008		3495
860		3978		3900599		3481
861		4022		3905204		3486
862		3955		3909807		3482
863		3876		3914428		3464
864		3938		3919013		3482
865		3912		3923618		3537
866		3881		3928195		3502
867		3870		3932797		3488
868		3870		3937374		3495
869		3821		3941958		3512
870		3873		3946532		3519
871		3895		3951127		3516
872		3910		3955709		3494
873		3895		3960304		3502
874		3915		3964881		3514
875		3869		3969467		3509
876		3923		3974050		3495
877		3915		3978631		3502
878		3958		3983228		3519
879		3899		3987817		3513
880		3903		3992396		3524
881		3927		3996977		3505
882		3880		4001562		3504
883		3842		4006152		3483
884		3881		4010747		3543
885		3875		4015340		3493
886		3875		4019932		3534
887		3888		4024509		3501
888		3955		4029086		3546
889		3883		4033682		3492
890		3901		4038264		3519
891		3879		4042843		3514
892		3829		4047455		3534
893		3832		4052077		3488
894		3863		4056662		3512
895		3849		4061251		3515
896		3894		4065861		3509
897		3832		4070451		3483
898		3833		4075056		3524
899		3836		4079633		3522
900		3911		4084207		3502
901		3906		4088796		3519
902		3911		4093398		3530
903		3944		4097995		3483
904		3968		4102602		3501
905		3930		4107167		3499
906		3907		4111765		3521
907		3956		4116345		3509
908		3988		4120950		3504
909		3914		4125529		3492
910		3967		4130116		3498
911		3888		4134707		3485
912		3927		4139308		3505
913		3898		4143903		3521
914		3845		4148474		3507
915		3835		4153055		3496
916		3861		4157627		3502
917		3839		4162178		3546
918		3830		4166743		3511
919		3868		4171316		3541
920		3909		4175894		3546
921		3925		4180483		3526
922		3927		4185060		3523
923		3920		4189661		3528
924		3936		4194239		3539
925		3873		4198810		3527
926		3873		4203402		3513
927		3921		4207992		3512
928		3911		4212592		3510
929		3890		4217169		3488
930		3813		4221733		3533
931		3908		4226287		3518
932		3904		4230858		3518
933		3884		4235446		3526
934		3870		4240015		3550
935		3901		4244596		3557
936		3888		4249172		3504
937		3812		4253755		3507
938		3797		4258335		3536
939		3801		4262914		3480
940		3850		4267486		3528
941		3850		4272070		3499
942		3862		4276665		3495
943		3830		4281248		3533
944		3804		4285831		3549
945		3765		4290396		3521
946		3757		4294976		3519
947		3757		4299548		3521
948		3729		4304146		3489
949		3680		4308723		3527
950		3714		4313290		3510
951		3709		4317857		3512
952		3693		4322437		3523
953		3692		4327010		3505
954		3644		4331596		3497
955		3646		4336178		3512
956		3618		4340746		3518
957		3622		4345324		3536
958		3596		4349910		3525
959		3627		4354475		3537
960		3685		4359035		3520
961		3627		4363612		3523
962		3565		4368172		3513
963		3601		4372746		3548
964		3662		4377325		3524
965		3650		4381935		3545
966		3707		4386508		3503
967		3712		4391117		3508
968		3682		4395714		3503
969		3660		4400287		3516
970		3651		4404880		3499
971		3656		4409458		3475
972		3600		4414054		3485
973		3671		4418664		3502
974		3758		4423258		3516
975		3761		4427856		3489
976		3746		4432469		3501
977		3692		4437064		3496
978		3687		4441653		3452
979		3768		4446242		3494
980		3747		4450821		3483
981		3745		4455408		3467
982		3724		4459990		3530
983		3723		4464570		3491
984		3747		4469139		3477
985		3778		4473733		3486
986		3715		4478329		3507
987		3646		4482897		3501
988		3681		4487454		3532
989		3721		4492028		3529
990		3733		4496612		3513
991		3717		4501188		3512
992		3765		4505778		3515
993		3775		4510366		3498
994		3764		4514974		3487
995		3762		4519576		3491
996		3684		4524162		3468
997		3726		4528752		3492
998		3755		4533344		3536
999		3746		4537936		3532
