# Migration is number of nodes that have changed color.

Round		Edge-Cut		Swaps		Migrations		Skipped
0		3467		2357		1611
1		2655		4635		1722
2		2377		6871		1760
3		2230		9065		1778
4		2200		11251		1757
5		2130		13422		1769
6		2082		15617		1780
7		2112		17802		1807
8		2097		19958		1791
9		2078		22153		1804
10		2012		24301		1811
11		2040		26476		1801
12		2058		28634		1783
13		2053		30802		1819
14		2010		32965		1832
15		1999		35127		1816
16		2016		37258		1780
17		2020		39436		1817
18		2026		41592		1796
19		2011		43745		1788
20		2033		45862		1824
21		2064		48016		1804
22		2050		50193		1811
23		2028		52358		1790
24		2036		54521		1781
25		2057		56677		1785
26		1986		58818		1797
27		2009		60981		1803
28		1964		63113		1810
29		1980		65263		1817
30		2010		67406		1816
31		1994		69545		1820
32		2019		71710		1799
33		2058		73870		1797
34		2058		76031		1807
35		2074		78197		1791
36		1995		80360		1787
37		2014		82526		1780
38		1998		84688		1794
39		1952		86862		1801
40		1999		89010		1785
41		1971		91130		1787
42		1982		93269		1814
43		1972		95402		1801
44		1994		97558		1779
45		1974		99710		1794
46		1970		101851		1816
47		1943		104010		1805
48		1985		106179		1817
49		1984		108313		1829
50		1923		110459		1818
51		1931		112609		1825
52		1977		114749		1809
53		1987		116870		1795
54		1982		119026		1790
55		1991		121162		1791
56		2006		123331		1788
57		2007		125502		1781
58		1989		127645		1801
59		1942		129782		1769
60		1934		131927		1792
61		1972		134066		1835
62		2017		136245		1823
63		1986		138398		1805
64		1989		140552		1807
65		1987		142670		1785
66		1907		144799		1798
67		1944		146926		1780
68		1952		149062		1812
69		2008		151179		1791
70		1994		153338		1788
71		2007		155496		1782
72		1971		157652		1803
73		1995		159809		1797
74		2022		161963		1787
75		1993		164099		1807
76		1976		166244		1778
77		1948		168407		1813
78		1973		170551		1811
79		1952		172699		1810
80		1933		174835		1808
81		1940		176980		1796
82		1936		179119		1791
83		1938		181264		1804
84		1943		183406		1808
85		1941		185546		1819
86		1945		187678		1814
87		1982		189821		1793
88		2012		191951		1809
89		2016		194082		1779
90		1960		196233		1777
91		1964		198387		1782
92		1961		200529		1787
93		1992		202678		1810
94		1995		204872		1810
95		1982		207015		1812
96		1946		209157		1806
97		1959		211292		1816
98		1926		213420		1820
99		1937		215553		1812
100		1928		217696		1806
101		1954		219856		1794
102		1973		221966		1796
103		1959		224125		1796
104		1927		226246		1814
105		1939		228378		1793
106		1886		230512		1810
107		1912		232627		1801
108		1933		234747		1800
109		1933		236887		1825
110		1956		239020		1796
111		1979		241154		1835
112		1994		243280		1812
113		1955		245421		1807
114		1956		247551		1805
115		1962		249652		1823
116		1961		251782		1794
117		1932		253931		1790
118		1924		256081		1807
119		1914		258212		1809
120		1924		260331		1806
121		1952		262438		1809
122		1918		264581		1803
123		1931		266719		1804
124		1933		268860		1822
125		1951		271002		1814
126		1947		273142		1804
127		1918		275279		1814
128		1915		277390		1787
129		1949		279526		1806
130		1953		281663		1834
131		1932		283804		1808
132		1929		285928		1815
133		1936		288078		1793
134		1904		290184		1778
135		1932		292321		1793
136		1912		294444		1801
137		1911		296590		1809
138		1894		298718		1797
139		1897		300842		1800
140		1898		302975		1795
141		1921		305101		1793
142		1923		307247		1811
143		1933		309370		1806
144		1932		311519		1818
145		1928		313637		1801
146		1916		315753		1823
147		1943		317888		1808
148		1935		320017		1781
149		1935		322134		1811
150		1912		324267		1813
151		1902		326426		1811
152		1898		328584		1798
153		1920		330709		1809
154		1921		332834		1807
155		1916		334936		1816
156		1930		337089		1804
157		1912		339202		1813
158		1926		341319		1815
159		1927		343479		1783
160		1867		345623		1793
161		1889		347732		1787
162		1909		349839		1815
163		1919		351961		1805
164		1914		354093		1809
165		1932		356218		1829
166		1916		358358		1825
167		1905		360497		1828
168		1886		362596		1847
169		1858		364721		1827
170		1876		366867		1840
171		1872		368958		1839
172		1886		371088		1818
173		1902		373250		1798
174		1919		375351		1813
175		1901		377476		1814
176		1962		379593		1834
177		1869		381718		1811
178		1864		383832		1824
179		1853		385956		1797
180		1850		388062		1786
181		1862		390165		1786
182		1828		392253		1805
183		1815		394314		1805
184		1790		396390		1807
185		1807		398468		1801
186		1834		400539		1820
187		1823		402638		1802
188		1831		404774		1799
189		1818		406890		1798
190		1818		408979		1789
191		1827		411090		1781
192		1815		413202		1782
193		1818		415297		1788
194		1800		417391		1781
195		1819		419487		1784
196		1812		421615		1799
197		1831		423722		1809
198		1837		425815		1807
199		1827		427905		1820
200		1832		430039		1817
201		1849		432150		1809
202		1847		434249		1800
203		1834		436379		1791
204		1842		438495		1802
205		1838		440597		1805
206		1823		442695		1793
207		1821		444767		1794
208		1834		446834		1817
209		1830		448929		1792
210		1824		451045		1807
211		1843		453169		1807
212		1817		455246		1817
213		1808		457305		1816
214		1780		459389		1805
215		1770		461449		1812
216		1783		463553		1783
217		1770		465617		1787
218		1749		467695		1793
219		1750		469786		1795
220		1737		471855		1808
221		1730		473942		1797
222		1744		476003		1803
223		1741		478072		1808
224		1756		480150		1802
225		1744		482219		1801
226		1745		484295		1817
227		1736		486357		1798
228		1714		488411		1806
229		1707		490491		1812
230		1695		492547		1805
231		1702		494584		1805
232		1694		496648		1796
233		1702		498707		1804
234		1690		500770		1804
235		1689		502806		1803
236		1712		504872		1803
237		1725		506920		1814
238		1722		508983		1831
239		1710		511046		1820
240		1694		513118		1825
241		1709		515191		1799
242		1699		517254		1812
243		1728		519334		1813
244		1713		521390		1802
245		1714		523457		1802
246		1701		525505		1795
247		1697		527554		1806
248		1689		529608		1814
249		1664		531664		1802
250		1665		533717		1807
251		1648		535727		1805
252		1650		537782		1801
253		1645		539800		1807
254		1652		541830		1808
255		1664		543861		1796
256		1659		545887		1803
257		1662		547912		1800
258		1651		549973		1799
259		1659		552026		1802
260		1643		554063		1800
261		1657		556088		1805
262		1649		558126		1801
263		1638		560139		1809
264		1643		562184		1806
265		1641		564220		1815
266		1661		566248		1805
267		1659		568277		1810
268		1669		570317		1800
269		1651		572354		1810
270		1653		574374		1804
271		1640		576423		1809
272		1643		578465		1817
273		1640		580509		1809
274		1645		582546		1794
275		1626		584571		1789
276		1637		586601		1803
277		1649		588635		1815
278		1636		590648		1808
279		1631		592690		1809
280		1624		594699		1806
281		1622		596730		1808
282		1613		598726		1802
283		1616		600735		1800
284		1616		602751		1804
285		1621		604775		1803
286		1616		606808		1805
287		1620		608864		1804
288		1604		610890		1811
289		1601		612943		1802
290		1608		614977		1796
291		1593		617002		1790
292		1595		618975		1781
293		1605		620975		1787
294		1608		622994		1796
295		1611		625029		1802
296		1611		627052		1786
297		1610		629076		1790
298		1607		631100		1793
299		1604		633136		1786
300		1602		635152		1794
301		1598		637178		1792
302		1603		639157		1809
303		1605		641194		1802
304		1586		643197		1802
305		1590		645205		1801
306		1593		647260		1801
307		1604		649258		1801
308		1610		651295		1798
309		1608		653295		1798
310		1599		655327		1790
311		1596		657379		1788
312		1590		659387		1787
313		1601		661397		1778
314		1590		663426		1770
315		1600		665442		1797
316		1594		667448		1807
317		1594		669499		1794
318		1590		671526		1799
319		1592		673544		1805
320		1583		675562		1803
321		1594		677623		1813
322		1590		679631		1822
323		1593		681652		1814
324		1590		683652		1821
325		1588		685687		1824
326		1593		687704		1830
327		1591		689725		1830
328		1594		691734		1818
329		1595		693734		1808
330		1594		695721		1806
331		1593		697761		1811
332		1585		699775		1799
333		1584		701748		1799
334		1589		703761		1806
335		1589		705770		1796
336		1595		707802		1792
337		1609		709842		1797
338		1593		711872		1801
339		1593		713886		1806
340		1598		715924		1793
341		1589		717946		1801
342		1593		719942		1802
343		1595		721950		1806
344		1593		723980		1807
345		1591		726003		1808
346		1590		728003		1795
347		1590		730011		1789
348		1594		732042		1792
349		1597		734031		1782
350		1600		736019		1791
351		1594		738022		1784
352		1601		740033		1782
353		1586		742033		1781
354		1578		744040		1792
355		1568		746045		1782
356		1564		748059		1772
357		1558		750020		1769
358		1554		752010		1770
359		1540		754010		1777
360		1534		755998		1781
361		1531		757975		1783
362		1531		759956		1786
363		1526		761957		1786
364		1525		763934		1781
365		1522		765905		1775
366		1522		767903		1779
367		1522		769888		1777
368		1522		771895		1776
369		1526		773873		1773
370		1524		775845		1785
371		1521		777831		1781
372		1522		779817		1787
373		1520		781783		1785
374		1522		783758		1787
375		1519		785732		1787
376		1516		787714		1784
377		1522		789671		1794
378		1518		791646		1797
379		1516		793633		1796
380		1515		795611		1794
381		1513		797574		1797
382		1512		799579		1798
383		1509		801556		1797
384		1508		803509		1794
385		1508		805510		1792
386		1507		807486		1798
387		1506		809443		1796
388		1505		809444		1797
389		1502		809447		1798
390		1501		809448		1798
391		1500		809449		1798
392		1500		809449		1798
393		1498		809451		1797
394		1496		809453		1797
395		1496		809453		1797
396		1496		809456		1794
397		1496		809456		1794
398		1496		809457		1794
399		1496		809459		1795
400		1496		809460		1795
401		1496		809460		1795
402		1496		809460		1795
403		1496		809460		1795
404		1496		809462		1794
405		1495		809463		1795
406		1494		809464		1795
407		1494		809464		1795
408		1494		809464		1795
409		1493		809465		1796
410		1493		809465		1796
411		1492		809466		1797
412		1492		809466		1797
413		1492		809466		1797
414		1492		809466		1797
415		1492		809466		1797
416		1492		809466		1797
417		1492		809466		1797
418		1492		809466		1797
419		1492		809466		1797
420		1492		809466		1797
421		1492		809466		1797
422		1492		809466		1797
423		1492		809466		1797
424		1491		809467		1797
425		1491		809467		1797
426		1491		809467		1797
427		1491		809467		1797
428		1491		809467		1797
429		1491		809467		1797
430		1491		809467		1797
431		1491		809467		1797
432		1491		809467		1797
433		1491		809467		1797
434		1491		809467		1797
435		1491		809469		1795
436		1491		809469		1795
437		1491		809469		1795
438		1491		809469		1795
439		1490		809470		1794
440		1490		809470		1794
441		1490		809470		1794
442		1489		809471		1796
443		1489		809471		1796
444		1489		809471		1796
445		1489		809471		1796
446		1489		809471		1796
447		1489		809471		1796
448		1489		809471		1796
449		1489		809471		1796
450		1489		809471		1796
451		1489		809471		1796
452		1488		809472		1795
453		1488		809472		1795
454		1488		809472		1795
455		1488		809472		1795
456		1488		809472		1795
457		1488		809472		1795
458		1488		809472		1795
459		1488		809472		1795
460		1488		809472		1795
461		1488		809472		1795
462		1488		809472		1795
463		1487		809473		1797
464		1487		809473		1797
465		1487		809473		1797
466		1487		809473		1797
467		1487		809473		1797
468		1487		809473		1797
469		1487		809473		1797
470		1487		809473		1797
471		1488		809474		1797
472		1488		809474		1797
473		1488		809475		1798
474		1487		809476		1798
475		1487		809476		1798
476		1487		809476		1798
477		1487		809476		1798
478		1487		809476		1798
479		1487		809476		1798
480		1487		809476		1798
481		1487		809476		1798
482		1487		809476		1798
483		1486		809477		1798
484		1486		809477		1798
485		1486		809477		1798
486		1486		809477		1798
487		1486		809477		1798
488		1486		809477		1798
489		1486		809477		1798
490		1486		809477		1798
491		1486		809477		1798
492		1486		809477		1798
493		1486		809477		1798
494		1486		809477		1798
495		1486		809477		1798
496		1486		809477		1798
497		1486		809477		1798
498		1486		809477		1798
499		1486		809477		1798
500		1486		809477		1798
501		1486		809477		1798
502		1486		809477		1798
503		1486		809477		1798
504		1486		809477		1798
505		1486		809477		1798
506		1486		809477		1798
507		1486		809477		1798
508		1486		809477		1798
509		1486		809477		1798
510		1486		809477		1798
511		1485		809478		1798
512		1485		809478		1798
513		1485		809478		1798
514		1485		809478		1798
515		1485		809478		1798
516		1485		809478		1798
517		1485		809478		1798
518		1485		809478		1798
519		1485		809478		1798
520		1485		809478		1798
521		1485		809478		1798
522		1485		809478		1798
523		1485		809478		1798
524		1485		809478		1798
525		1485		809478		1798
526		1485		809478		1798
527		1485		809478		1798
528		1485		809478		1798
529		1485		809478		1798
530		1485		809478		1798
531		1485		809478		1798
532		1485		809478		1798
533		1485		809478		1798
534		1485		809478		1798
535		1485		809478		1798
536		1485		809478		1798
537		1485		809478		1798
538		1485		809478		1798
539		1485		809478		1798
540		1486		809479		1796
541		1485		809480		1797
542		1485		809480		1797
543		1485		809480		1797
544		1485		809480		1797
545		1485		809480		1797
546		1485		809480		1797
547		1485		809480		1797
548		1485		809480		1797
549		1485		809480		1797
550		1485		809480		1797
551		1485		809480		1797
552		1485		809480		1797
553		1485		809480		1797
554		1485		809482		1797
555		1485		809482		1797
556		1485		809484		1794
557		1485		809484		1794
558		1484		809485		1794
559		1484		809486		1795
560		1484		809486		1795
561		1484		809486		1795
562		1484		809486		1795
563		1484		809486		1795
564		1484		809486		1795
565		1484		809486		1795
566		1484		809486		1795
567		1484		809486		1795
568		1484		809486		1795
569		1484		809486		1795
570		1484		809486		1795
571		1484		809486		1795
572		1484		809486		1795
573		1484		809486		1795
574		1484		809486		1795
575		1484		809486		1795
576		1484		809486		1795
577		1484		809486		1795
578		1484		809486		1795
579		1484		809486		1795
580		1484		809486		1795
581		1484		809486		1795
582		1484		809486		1795
583		1484		809486		1795
584		1484		809486		1795
585		1484		809486		1795
586		1484		809486		1795
587		1484		809486		1795
588		1484		809486		1795
589		1484		809486		1795
590		1484		809486		1795
591		1484		809486		1795
592		1484		809486		1795
593		1484		809486		1795
594		1484		809486		1795
595		1484		809486		1795
596		1484		809486		1795
597		1484		809486		1795
598		1484		809486		1795
599		1484		809486		1795
600		1484		809486		1795
601		1484		809486		1795
602		1484		809486		1795
603		1483		809487		1794
604		1483		809487		1794
605		1483		809487		1794
606		1483		809487		1794
607		1483		809487		1794
608		1483		809487		1794
609		1483		809487		1794
610		1483		809487		1794
611		1483		809487		1794
612		1483		809487		1794
613		1483		809487		1794
614		1483		809487		1794
615		1483		809487		1794
616		1483		809487		1794
617		1483		809487		1794
618		1483		809487		1794
619		1483		809487		1794
620		1483		809487		1794
621		1483		809487		1794
622		1483		809487		1794
623		1483		809487		1794
624		1483		809487		1794
625		1483		809487		1794
626		1483		809487		1794
627		1483		809487		1794
628		1483		809487		1794
629		1483		809487		1794
630		1483		809487		1794
631		1483		809487		1794
632		1483		809487		1794
633		1483		809487		1794
634		1483		809487		1794
635		1483		809487		1794
636		1483		809487		1794
637		1483		809487		1794
638		1483		809487		1794
639		1483		809487		1794
640		1483		809487		1794
641		1483		809487		1794
642		1483		809487		1794
643		1483		809487		1794
644		1483		809487		1794
645		1483		809487		1794
646		1483		809487		1794
647		1483		809487		1794
648		1483		809487		1794
649		1483		809487		1794
650		1483		809487		1794
651		1483		809487		1794
652		1483		809487		1794
653		1483		809487		1794
654		1483		809487		1794
655		1483		809487		1794
656		1483		809487		1794
657		1483		809487		1794
658		1483		809487		1794
659		1483		809487		1794
660		1483		809487		1794
661		1483		809487		1794
662		1483		809487		1794
663		1483		809487		1794
664		1483		809487		1794
665		1483		809487		1794
666		1483		809487		1794
667		1483		809487		1794
668		1483		809487		1794
669		1483		809487		1794
670		1483		809487		1794
671		1483		809487		1794
672		1483		809487		1794
673		1483		809487		1794
674		1483		809487		1794
675		1483		809487		1794
676		1483		809487		1794
677		1483		809487		1794
678		1483		809487		1794
679		1483		809487		1794
680		1483		809487		1794
681		1483		809487		1794
682		1484		809488		1794
683		1483		809489		1793
684		1483		809489		1793
685		1483		809489		1793
686		1483		809489		1793
687		1483		809489		1793
688		1483		809489		1793
689		1483		809489		1793
690		1483		809489		1793
691		1483		809489		1793
692		1483		809489		1793
693		1483		809489		1793
694		1483		809489		1793
695		1483		809489		1793
696		1483		809489		1793
697		1483		809489		1793
698		1483		809489		1793
699		1483		809489		1793
700		1483		809489		1793
701		1483		809489		1793
702		1483		809489		1793
703		1483		809489		1793
704		1483		809489		1793
705		1483		809489		1793
706		1483		809489		1793
707		1483		809489		1793
708		1483		809489		1793
709		1483		809489		1793
710		1483		809489		1793
711		1483		809489		1793
712		1483		809489		1793
713		1483		809489		1793
714		1483		809489		1793
715		1483		809489		1793
716		1483		809489		1793
717		1483		809489		1793
718		1483		809489		1793
719		1483		809489		1793
720		1483		809489		1793
721		1483		809489		1793
722		1483		809489		1793
723		1483		809489		1793
724		1483		809489		1793
725		1483		809489		1793
726		1483		809489		1793
727		1483		809489		1793
728		1483		809489		1793
729		1483		809489		1793
730		1483		809489		1793
731		1483		809489		1793
732		1483		809489		1793
733		1483		809489		1793
734		1483		809489		1793
735		1483		809489		1793
736		1483		809489		1793
737		1483		809489		1793
738		1483		809489		1793
739		1483		809489		1793
740		1483		809489		1793
741		1483		809489		1793
742		1483		809489		1793
743		1483		809489		1793
744		1483		809489		1793
745		1483		809489		1793
746		1483		809489		1793
747		1483		809489		1793
748		1483		809489		1793
749		1483		809489		1793
750		1483		809489		1793
751		1483		809489		1793
752		1483		809489		1793
753		1483		809489		1793
754		1483		809489		1793
755		1483		809489		1793
756		1483		809489		1793
757		1483		809489		1793
758		1483		809489		1793
759		1483		809489		1793
760		1483		809489		1793
761		1483		809489		1793
762		1483		809489		1793
763		1483		809489		1793
764		1483		809489		1793
765		1483		809489		1793
766		1483		809489		1793
767		1483		809489		1793
768		1483		809489		1793
769		1483		809489		1793
770		1483		809489		1793
771		1483		809489		1793
772		1483		809489		1793
773		1483		809489		1793
774		1483		809489		1793
775		1483		809489		1793
776		1483		809489		1793
777		1483		809489		1793
778		1483		809489		1793
779		1483		809489		1793
780		1483		809489		1793
781		1483		809489		1793
782		1483		809489		1793
783		1483		809489		1793
784		1483		809489		1793
785		1483		809489		1793
786		1483		809489		1793
787		1483		809489		1793
788		1483		809489		1793
789		1483		809489		1793
790		1483		809489		1793
791		1483		809489		1793
792		1483		809489		1793
793		1483		809489		1793
794		1483		809489		1793
795		1483		809489		1793
796		1483		809489		1793
797		1483		809489		1793
798		1483		809489		1793
799		1483		809489		1793
800		1483		809489		1793
801		1483		809489		1793
802		1483		809489		1793
803		1483		809489		1793
804		1483		809489		1793
805		1483		809489		1793
806		1483		809489		1793
807		1483		809489		1793
808		1483		809489		1793
809		1483		809489		1793
810		1483		809489		1793
811		1483		809489		1793
812		1483		809489		1793
813		1483		809489		1793
814		1483		809489		1793
815		1483		809489		1793
816		1483		809489		1793
817		1483		809489		1793
818		1483		809489		1793
819		1483		809489		1793
820		1483		809489		1793
821		1483		809489		1793
822		1483		809489		1793
823		1483		809489		1793
824		1483		809489		1793
825		1483		809489		1793
826		1483		809489		1793
827		1483		809489		1793
828		1483		809489		1793
829		1483		809489		1793
830		1483		809489		1793
831		1483		809489		1793
832		1483		809489		1793
833		1483		809489		1793
834		1483		809489		1793
835		1483		809489		1793
836		1483		809489		1793
837		1483		809489		1793
838		1483		809489		1793
839		1483		809489		1793
840		1483		809489		1793
841		1483		809489		1793
842		1483		809489		1793
843		1483		809489		1793
844		1483		809489		1793
845		1483		809489		1793
846		1483		809489		1793
847		1483		809489		1793
848		1483		809489		1793
849		1483		809489		1793
850		1483		809489		1793
851		1483		809489		1793
852		1483		809489		1793
853		1483		809489		1793
854		1483		809489		1793
855		1483		809489		1793
856		1483		809489		1793
857		1483		809489		1793
858		1484		809490		1795
859		1483		809491		1793
860		1483		809491		1793
861		1483		809491		1793
862		1483		809491		1793
863		1483		809491		1793
864		1483		809491		1793
865		1483		809491		1793
866		1483		809491		1793
867		1483		809491		1793
868		1483		809491		1793
869		1483		809491		1793
870		1483		809493		1795
871		1483		809493		1795
872		1483		809493		1795
873		1483		809493		1795
874		1483		809493		1795
875		1483		809493		1795
876		1483		809493		1795
877		1483		809493		1795
878		1483		809493		1795
879		1483		809493		1795
880		1483		809493		1795
881		1483		809493		1795
882		1483		809493		1795
883		1483		809493		1795
884		1483		809493		1795
885		1483		809493		1795
886		1483		809493		1795
887		1483		809493		1795
888		1483		809493		1795
889		1483		809493		1795
890		1483		809493		1795
891		1483		809493		1795
892		1483		809493		1795
893		1483		809493		1795
894		1483		809493		1795
895		1483		809493		1795
896		1483		809493		1795
897		1483		809493		1795
898		1483		809493		1795
899		1483		809493		1795
900		1483		809493		1795
901		1483		809493		1795
902		1483		809493		1795
903		1483		809495		1794
904		1483		809495		1794
905		1483		809495		1794
906		1483		809495		1794
907		1483		809495		1794
908		1483		809495		1794
909		1483		809495		1794
910		1483		809495		1794
911		1483		809495		1794
912		1483		809495		1794
913		1483		809495		1794
914		1483		809495		1794
915		1483		809495		1794
916		1483		809495		1794
917		1483		809495		1794
918		1483		809495		1794
919		1483		809495		1794
920		1483		809495		1794
921		1483		809497		1794
922		1483		809497		1794
923		1483		809498		1792
924		1483		809498		1792
925		1483		809498		1792
926		1483		809498		1792
927		1483		809498		1792
928		1483		809498		1792
929		1483		809498		1792
930		1483		809498		1792
931		1483		809498		1792
932		1483		809498		1792
933		1483		809498		1792
934		1483		809498		1792
935		1483		809498		1792
936		1483		809498		1792
937		1483		809498		1792
938		1483		809498		1792
939		1483		809498		1792
940		1483		809498		1792
941		1483		809498		1792
942		1483		809498		1792
943		1483		809498		1792
944		1483		809498		1792
945		1483		809498		1792
946		1483		809498		1792
947		1483		809498		1792
948		1483		809498		1792
949		1483		809498		1792
950		1483		809498		1792
951		1483		809498		1792
952		1483		809498		1792
953		1483		809498		1792
954		1483		809498		1792
955		1483		809498		1792
956		1483		809498		1792
957		1483		809498		1792
958		1483		809498		1792
959		1483		809498		1792
960		1483		809498		1792
961		1483		809498		1792
962		1483		809498		1792
963		1483		809498		1792
964		1483		809498		1792
965		1483		809498		1792
966		1483		809498		1792
967		1483		809498		1792
968		1483		809498		1792
969		1483		809498		1792
970		1483		809498		1792
971		1483		809498		1792
972		1483		809498		1792
973		1483		809498		1792
974		1483		809498		1792
975		1483		809498		1792
976		1483		809498		1792
977		1483		809498		1792
978		1483		809498		1792
979		1483		809498		1792
980		1483		809498		1792
981		1483		809498		1792
982		1483		809498		1792
983		1483		809498		1792
984		1483		809498		1792
985		1483		809498		1792
986		1483		809498		1792
987		1483		809498		1792
988		1483		809498		1792
989		1483		809498		1792
990		1483		809498		1792
991		1483		809498		1792
992		1483		809498		1792
993		1483		809498		1792
994		1483		809498		1792
995		1483		809498		1792
996		1483		809498		1792
997		1483		809498		1792
998		1483		809498		1792
999		1483		809498		1792
