# Migration is number of nodes that have changed color.

Round		Edge-Cut		Swaps		Migrations		Skipped
0		3080		2289		1559
1		2427		4478		1712
2		2154		6606		1751
3		2031		8731		1741
4		1955		10768		1767
5		1895		12830		1760
6		1862		14876		1773
7		1831		16928		1772
8		1816		18973		1765
9		1782		21042		1764
10		1759		23077		1776
11		1761		25114		1773
12		1736		27172		1761
13		1737		29229		1760
14		1719		31289		1778
15		1719		33341		1784
16		1703		35381		1774
17		1677		37443		1755
18		1667		39476		1764
19		1654		41512		1775
20		1646		43526		1783
21		1621		45565		1775
22		1623		47577		1785
23		1609		49621		1783
24		1619		51625		1769
25		1627		53641		1781
26		1630		55672		1764
27		1622		57724		1772
28		1612		59748		1764
29		1620		61769		1765
30		1615		63786		1771
31		1607		65833		1776
32		1603		67853		1766
33		1616		69902		1754
34		1630		71949		1772
35		1639		73994		1768
36		1628		76001		1764
37		1633		78012		1750
38		1639		80051		1767
39		1637		82119		1781
40		1623		84135		1773
41		1608		86180		1767
42		1612		88196		1745
43		1621		90248		1756
44		1637		92293		1759
45		1636		94314		1759
46		1618		96324		1773
47		1615		98333		1782
48		1611		100369		1776
49		1601		102383		1772
50		1595		104415		1770
51		1601		106449		1765
52		1609		108495		1765
53		1600		110526		1761
54		1600		112531		1757
55		1599		114546		1758
56		1601		116592		1755
57		1603		118596		1758
58		1597		120631		1770
59		1586		122642		1767
60		1581		124658		1755
61		1589		126713		1760
62		1594		128739		1761
63		1584		130779		1756
64		1585		132804		1761
65		1592		134831		1762
66		1590		136843		1760
67		1593		138866		1768
68		1591		140886		1765
69		1590		142899		1775
70		1593		144906		1769
71		1592		146933		1768
72		1582		148963		1755
73		1581		151029		1753
74		1581		153039		1744
75		1577		155067		1752
76		1567		157093		1743
77		1585		159135		1735
78		1583		161161		1746
79		1584		163177		1759
80		1594		165208		1765
81		1589		167235		1772
82		1604		169260		1746
83		1590		171296		1752
84		1588		173324		1761
85		1590		175323		1757
86		1595		177336		1769
87		1598		179314		1765
88		1600		181335		1761
89		1596		183345		1764
90		1595		185402		1776
91		1597		187408		1781
92		1595		189432		1788
93		1577		191459		1776
94		1564		193416		1773
95		1552		195409		1780
96		1551		197430		1781
97		1545		199439		1787
98		1539		201410		1788
99		1534		203372		1786
100		1532		205352		1776
101		1529		207316		1779
102		1524		209275		1782
103		1521		211267		1784
104		1520		213269		1783
105		1518		215239		1785
106		1518		217226		1783
107		1515		219210		1784
108		1513		221177		1787
109		1511		223176		1786
110		1509		225154		1783
111		1508		227141		1787
112		1504		229118		1786
113		1504		231075		1786
114		1502		233055		1780
115		1501		234998		1783
116		1500		236957		1789
117		1500		238940		1790
118		1500		240929		1790
119		1498		242908		1789
120		1498		244894		1791
121		1498		246890		1785
122		1497		248886		1785
123		1497		250848		1787
124		1494		250851		1789
125		1491		250854		1791
126		1490		250855		1791
127		1489		250856		1792
128		1489		250856		1792
129		1488		250857		1793
130		1487		250858		1795
131		1486		250859		1793
132		1485		250860		1793
133		1485		250860		1793
134		1485		250860		1793
135		1484		250861		1794
136		1484		250861		1794
137		1484		250861		1794
138		1484		250861		1794
139		1484		250861		1794
140		1483		250862		1795
141		1483		250862		1795
142		1482		250863		1795
143		1482		250863		1795
144		1482		250863		1795
145		1482		250863		1795
146		1482		250863		1795
147		1482		250863		1795
148		1482		250863		1795
149		1481		250864		1794
150		1481		250864		1794
151		1481		250864		1794
152		1481		250864		1794
153		1481		250864		1794
154		1481		250864		1794
155		1481		250864		1794
156		1482		250865		1794
157		1481		250866		1795
158		1481		250866		1795
159		1481		250866		1795
160		1481		250866		1795
161		1481		250866		1795
162		1481		250866		1795
163		1481		250866		1795
164		1481		250866		1795
165		1481		250866		1795
166		1482		250868		1794
167		1482		250868		1794
168		1482		250868		1794
169		1482		250868		1794
170		1482		250868		1794
171		1481		250869		1795
172		1481		250869		1795
173		1481		250869		1795
174		1481		250869		1795
175		1481		250869		1795
176		1481		250869		1795
177		1481		250869		1795
178		1481		250869		1795
179		1481		250869		1795
180		1481		250869		1795
181		1481		250869		1795
182		1481		250869		1795
183		1481		250869		1795
184		1481		250869		1795
185		1481		250871		1795
186		1481		250871		1795
187		1481		250871		1795
188		1481		250871		1795
189		1481		250871		1795
190		1481		250871		1795
191		1481		250871		1795
192		1481		250871		1795
193		1481		250871		1795
194		1481		250871		1795
195		1481		250871		1795
196		1481		250871		1795
197		1481		250871		1795
198		1481		250871		1795
199		1481		250871		1795
200		1481		250871		1795
201		1481		250871		1795
202		1481		250871		1795
203		1481		250871		1795
204		1481		250871		1795
205		1481		250871		1795
206		1481		250871		1795
207		1481		250871		1795
208		1481		250871		1795
209		1481		250871		1795
210		1481		250871		1795
211		1481		250871		1795
212		1481		250871		1795
213		1480		250872		1795
214		1480		250872		1795
215		1480		250872		1795
216		1480		250872		1795
217		1480		250872		1795
218		1480		250872		1795
219		1480		250872		1795
220		1480		250872		1795
221		1480		250872		1795
222		1480		250872		1795
223		1480		250872		1795
224		1480		250872		1795
225		1480		250872		1795
226		1480		250872		1795
227		1480		250872		1795
228		1480		250872		1795
229		1480		250872		1795
230		1480		250872		1795
231		1480		250872		1795
232		1480		250872		1795
233		1480		250872		1795
234		1480		250872		1795
235		1480		250872		1795
236		1480		250872		1795
237		1480		250872		1795
238		1480		250872		1795
239		1480		250872		1795
240		1480		250872		1795
241		1480		250872		1795
242		1480		250872		1795
243		1480		250872		1795
244		1480		250872		1795
245		1480		250872		1795
246		1480		250872		1795
247		1480		250872		1795
248		1480		250872		1795
249		1480		250872		1795
250		1480		250872		1795
251		1480		250872		1795
252		1480		250872		1795
253		1480		250872		1795
254		1480		250872		1795
255		1480		250872		1795
256		1480		250872		1795
257		1480		250872		1795
258		1480		250872		1795
259		1480		250872		1795
260		1480		250872		1795
261		1480		250872		1795
262		1480		250872		1795
263		1480		250872		1795
264		1480		250872		1795
265		1480		250872		1795
266		1480		250872		1795
267		1480		250872		1795
268		1480		250872		1795
269		1480		250872		1795
270		1480		250872		1795
271		1480		250872		1795
272		1480		250872		1795
273		1480		250872		1795
274		1480		250872		1795
275		1480		250872		1795
276		1480		250872		1795
277		1480		250872		1795
278		1480		250872		1795
279		1480		250872		1795
280		1480		250872		1795
281		1480		250872		1795
282		1480		250872		1795
283		1480		250872		1795
284		1480		250872		1795
285		1480		250872		1795
286		1480		250872		1795
287		1480		250872		1795
288		1480		250872		1795
289		1480		250872		1795
290		1480		250872		1795
291		1480		250872		1795
292		1480		250872		1795
293		1480		250872		1795
294		1480		250872		1795
295		1480		250872		1795
296		1480		250872		1795
297		1480		250872		1795
298		1480		250872		1795
299		1480		250872		1795
300		1480		250872		1795
301		1480		250872		1795
302		1480		250872		1795
303		1480		250872		1795
304		1480		250872		1795
305		1480		250872		1795
306		1480		250872		1795
307		1480		250872		1795
308		1480		250872		1795
309		1480		250872		1795
310		1480		250872		1795
311		1480		250872		1795
312		1480		250872		1795
313		1480		250872		1795
314		1480		250872		1795
315		1480		250872		1795
316		1480		250872		1795
317		1480		250872		1795
318		1480		250872		1795
319		1480		250872		1795
320		1480		250872		1795
321		1480		250872		1795
322		1480		250872		1795
323		1480		250872		1795
324		1480		250872		1795
325		1480		250872		1795
326		1480		250872		1795
327		1480		250872		1795
328		1480		250872		1795
329		1480		250872		1795
330		1480		250872		1795
331		1480		250872		1795
332		1480		250872		1795
333		1480		250872		1795
334		1480		250872		1795
335		1480		250872		1795
336		1480		250872		1795
337		1480		250872		1795
338		1480		250872		1795
339		1480		250872		1795
340		1480		250872		1795
341		1480		250872		1795
342		1480		250872		1795
343		1480		250872		1795
344		1480		250872		1795
345		1480		250872		1795
346		1480		250872		1795
347		1480		250872		1795
348		1480		250872		1795
349		1480		250872		1795
350		1480		250872		1795
351		1480		250872		1795
352		1480		250872		1795
353		1480		250872		1795
354		1480		250872		1795
355		1480		250872		1795
356		1480		250872		1795
357		1480		250872		1795
358		1480		250872		1795
359		1480		250872		1795
360		1480		250872		1795
361		1480		250872		1795
362		1480		250872		1795
363		1480		250872		1795
364		1480		250872		1795
365		1480		250872		1795
366		1480		250872		1795
367		1480		250872		1795
368		1480		250872		1795
369		1480		250872		1795
370		1480		250872		1795
371		1480		250872		1795
372		1480		250872		1795
373		1479		250873		1795
374		1479		250873		1795
375		1479		250873		1795
376		1478		250874		1796
377		1478		250874		1796
378		1478		250874		1796
379		1478		250874		1796
380		1478		250874		1796
381		1478		250874		1796
382		1478		250874		1796
383		1478		250874		1796
384		1478		250874		1796
385		1478		250874		1796
386		1478		250874		1796
387		1478		250874		1796
388		1478		250874		1796
389		1478		250874		1796
390		1478		250874		1796
391		1478		250874		1796
392		1478		250874		1796
393		1478		250874		1796
394		1478		250874		1796
395		1478		250874		1796
396		1478		250874		1796
397		1478		250874		1796
398		1478		250874		1796
399		1478		250874		1796
400		1478		250874		1796
401		1478		250874		1796
402		1478		250874		1796
403		1478		250874		1796
404		1478		250874		1796
405		1478		250874		1796
406		1478		250874		1796
407		1478		250874		1796
408		1478		250874		1796
409		1478		250874		1796
410		1478		250874		1796
411		1478		250874		1796
412		1478		250874		1796
413		1478		250874		1796
414		1478		250874		1796
415		1478		250874		1796
416		1478		250874		1796
417		1478		250874		1796
418		1478		250874		1796
419		1478		250874		1796
420		1478		250874		1796
421		1478		250874		1796
422		1478		250874		1796
423		1478		250874		1796
424		1478		250874		1796
425		1478		250874		1796
426		1478		250874		1796
427		1478		250874		1796
428		1478		250874		1796
429		1478		250874		1796
430		1478		250874		1796
431		1478		250874		1796
432		1478		250874		1796
433		1478		250874		1796
434		1478		250874		1796
435		1478		250874		1796
436		1478		250874		1796
437		1478		250874		1796
438		1478		250874		1796
439		1478		250874		1796
440		1478		250874		1796
441		1478		250874		1796
442		1478		250874		1796
443		1478		250874		1796
444		1478		250874		1796
445		1478		250874		1796
446		1478		250874		1796
447		1478		250874		1796
448		1478		250874		1796
449		1478		250874		1796
450		1478		250874		1796
451		1478		250874		1796
452		1478		250874		1796
453		1478		250874		1796
454		1478		250874		1796
455		1478		250874		1796
456		1478		250874		1796
457		1478		250874		1796
458		1478		250874		1796
459		1478		250874		1796
460		1478		250874		1796
461		1478		250874		1796
462		1478		250874		1796
463		1478		250874		1796
464		1478		250874		1796
465		1478		250874		1796
466		1478		250874		1796
467		1478		250874		1796
468		1478		250874		1796
469		1478		250874		1796
470		1478		250874		1796
471		1478		250874		1796
472		1478		250874		1796
473		1478		250874		1796
474		1478		250874		1796
475		1478		250874		1796
476		1478		250874		1796
477		1478		250874		1796
478		1478		250874		1796
479		1478		250874		1796
480		1478		250874		1796
481		1478		250874		1796
482		1478		250874		1796
483		1478		250874		1796
484		1478		250874		1796
485		1478		250874		1796
486		1478		250874		1796
487		1478		250874		1796
488		1478		250874		1796
489		1478		250874		1796
490		1478		250874		1796
491		1478		250874		1796
492		1478		250874		1796
493		1478		250874		1796
494		1478		250874		1796
495		1478		250874		1796
496		1478		250874		1796
497		1478		250874		1796
498		1478		250874		1796
499		1478		250874		1796
500		1478		250874		1796
501		1478		250874		1796
502		1478		250874		1796
503		1478		250874		1796
504		1478		250874		1796
505		1479		250876		1797
506		1479		250876		1797
507		1479		250876		1797
508		1479		250876		1797
509		1479		250876		1797
510		1479		250876		1797
511		1479		250876		1797
512		1479		250876		1797
513		1479		250876		1797
514		1479		250876		1797
515		1479		250876		1797
516		1479		250876		1797
517		1479		250876		1797
518		1479		250876		1797
519		1479		250876		1797
520		1479		250876		1797
521		1479		250876		1797
522		1479		250876		1797
523		1479		250876		1797
524		1479		250876		1797
525		1479		250876		1797
526		1479		250876		1797
527		1479		250876		1797
528		1479		250876		1797
529		1479		250876		1797
530		1479		250876		1797
531		1479		250876		1797
532		1479		250876		1797
533		1479		250876		1797
534		1479		250876		1797
535		1479		250876		1797
536		1479		250876		1797
537		1479		250876		1797
538		1479		250876		1797
539		1479		250876		1797
540		1479		250876		1797
541		1478		250877		1797
542		1478		250877		1797
543		1478		250877		1797
544		1478		250877		1797
545		1478		250877		1797
546		1478		250877		1797
547		1478		250877		1797
548		1478		250877		1797
549		1478		250877		1797
550		1478		250877		1797
551		1478		250877		1797
552		1478		250877		1797
553		1478		250877		1797
554		1478		250877		1797
555		1478		250877		1797
556		1478		250877		1797
557		1478		250877		1797
558		1478		250877		1797
559		1478		250877		1797
560		1478		250877		1797
561		1478		250877		1797
562		1478		250877		1797
563		1478		250877		1797
564		1478		250877		1797
565		1478		250877		1797
566		1478		250877		1797
567		1478		250877		1797
568		1478		250877		1797
569		1478		250877		1797
570		1478		250877		1797
571		1478		250877		1797
572		1478		250877		1797
573		1478		250877		1797
574		1478		250877		1797
575		1478		250877		1797
576		1478		250877		1797
577		1478		250877		1797
578		1478		250877		1797
579		1478		250877		1797
580		1478		250877		1797
581		1478		250877		1797
582		1478		250877		1797
583		1478		250877		1797
584		1478		250877		1797
585		1478		250877		1797
586		1478		250877		1797
587		1478		250877		1797
588		1478		250877		1797
589		1478		250877		1797
590		1478		250877		1797
591		1478		250877		1797
592		1478		250877		1797
593		1478		250877		1797
594		1478		250877		1797
595		1478		250877		1797
596		1478		250877		1797
597		1478		250877		1797
598		1478		250877		1797
599		1478		250877		1797
600		1478		250877		1797
601		1478		250877		1797
602		1478		250877		1797
603		1478		250877		1797
604		1478		250877		1797
605		1478		250877		1797
606		1478		250877		1797
607		1478		250877		1797
608		1478		250877		1797
609		1478		250877		1797
610		1478		250877		1797
611		1478		250877		1797
612		1478		250877		1797
613		1478		250877		1797
614		1478		250877		1797
615		1478		250877		1797
616		1478		250877		1797
617		1478		250877		1797
618		1478		250877		1797
619		1478		250877		1797
620		1478		250877		1797
621		1478		250877		1797
622		1478		250877		1797
623		1478		250877		1797
624		1478		250877		1797
625		1478		250877		1797
626		1478		250877		1797
627		1478		250877		1797
628		1478		250877		1797
629		1478		250877		1797
630		1478		250877		1797
631		1478		250877		1797
632		1478		250877		1797
633		1478		250877		1797
634		1478		250877		1797
635		1478		250877		1797
636		1478		250877		1797
637		1478		250877		1797
638		1478		250877		1797
639		1478		250877		1797
640		1478		250877		1797
641		1478		250877		1797
642		1478		250877		1797
643		1478		250877		1797
644		1478		250877		1797
645		1478		250877		1797
646		1478		250877		1797
647		1478		250877		1797
648		1478		250877		1797
649		1478		250877		1797
650		1478		250877		1797
651		1478		250877		1797
652		1478		250877		1797
653		1478		250877		1797
654		1478		250877		1797
655		1478		250877		1797
656		1478		250877		1797
657		1478		250877		1797
658		1478		250877		1797
659		1478		250877		1797
660		1478		250877		1797
661		1478		250877		1797
662		1478		250877		1797
663		1478		250877		1797
664		1478		250877		1797
665		1478		250877		1797
666		1478		250877		1797
667		1478		250877		1797
668		1478		250877		1797
669		1478		250877		1797
670		1478		250877		1797
671		1478		250877		1797
672		1478		250877		1797
673		1478		250877		1797
674		1478		250877		1797
675		1478		250877		1797
676		1478		250877		1797
677		1478		250877		1797
678		1478		250877		1797
679		1478		250877		1797
680		1478		250877		1797
681		1478		250877		1797
682		1478		250877		1797
683		1478		250877		1797
684		1478		250877		1797
685		1478		250877		1797
686		1478		250877		1797
687		1478		250877		1797
688		1478		250877		1797
689		1478		250877		1797
690		1478		250877		1797
691		1478		250877		1797
692		1478		250877		1797
693		1478		250877		1797
694		1478		250877		1797
695		1478		250877		1797
696		1478		250877		1797
697		1478		250877		1797
698		1478		250877		1797
699		1478		250877		1797
700		1478		250877		1797
701		1478		250877		1797
702		1478		250877		1797
703		1478		250877		1797
704		1478		250877		1797
705		1478		250877		1797
706		1478		250877		1797
707		1478		250877		1797
708		1478		250877		1797
709		1478		250877		1797
710		1478		250877		1797
711		1478		250877		1797
712		1478		250877		1797
713		1478		250877		1797
714		1478		250877		1797
715		1478		250877		1797
716		1478		250877		1797
717		1478		250877		1797
718		1478		250877		1797
719		1478		250877		1797
720		1478		250877		1797
721		1478		250877		1797
722		1478		250877		1797
723		1478		250877		1797
724		1478		250877		1797
725		1478		250877		1797
726		1478		250877		1797
727		1478		250877		1797
728		1478		250877		1797
729		1478		250877		1797
730		1478		250877		1797
731		1478		250877		1797
732		1478		250877		1797
733		1478		250877		1797
734		1478		250877		1797
735		1478		250877		1797
736		1478		250877		1797
737		1478		250877		1797
738		1478		250877		1797
739		1478		250877		1797
740		1478		250877		1797
741		1478		250877		1797
742		1478		250877		1797
743		1478		250877		1797
744		1478		250877		1797
745		1478		250877		1797
746		1478		250877		1797
747		1478		250877		1797
748		1478		250877		1797
749		1478		250877		1797
750		1478		250877		1797
751		1478		250877		1797
752		1478		250877		1797
753		1478		250877		1797
754		1478		250877		1797
755		1478		250877		1797
756		1478		250877		1797
757		1478		250877		1797
758		1478		250877		1797
759		1478		250877		1797
760		1478		250877		1797
761		1478		250877		1797
762		1478		250877		1797
763		1478		250877		1797
764		1478		250877		1797
765		1478		250877		1797
766		1478		250877		1797
767		1478		250877		1797
768		1478		250877		1797
769		1479		250878		1797
770		1478		250879		1797
771		1478		250879		1797
772		1478		250879		1797
773		1478		250879		1797
774		1478		250879		1797
775		1478		250879		1797
776		1478		250879		1797
777		1478		250879		1797
778		1478		250879		1797
779		1478		250879		1797
780		1478		250879		1797
781		1478		250879		1797
782		1478		250879		1797
783		1478		250879		1797
784		1478		250879		1797
785		1478		250879		1797
786		1478		250879		1797
787		1478		250879		1797
788		1478		250879		1797
789		1478		250879		1797
790		1478		250879		1797
791		1478		250879		1797
792		1478		250879		1797
793		1478		250879		1797
794		1478		250879		1797
795		1478		250879		1797
796		1478		250879		1797
797		1478		250879		1797
798		1478		250879		1797
799		1478		250879		1797
800		1478		250879		1797
801		1478		250879		1797
802		1478		250879		1797
803		1478		250879		1797
804		1478		250879		1797
805		1478		250879		1797
806		1478		250879		1797
807		1478		250879		1797
808		1478		250879		1797
809		1478		250879		1797
810		1478		250879		1797
811		1478		250879		1797
812		1478		250879		1797
813		1478		250879		1797
814		1478		250879		1797
815		1478		250879		1797
816		1478		250879		1797
817		1478		250879		1797
818		1478		250879		1797
819		1478		250879		1797
820		1478		250879		1797
821		1478		250879		1797
822		1478		250879		1797
823		1478		250879		1797
824		1478		250879		1797
825		1478		250879		1797
826		1478		250879		1797
827		1478		250879		1797
828		1478		250879		1797
829		1478		250879		1797
830		1478		250879		1797
831		1478		250879		1797
832		1478		250879		1797
833		1478		250879		1797
834		1478		250879		1797
835		1478		250879		1797
836		1478		250879		1797
837		1478		250879		1797
838		1478		250879		1797
839		1478		250879		1797
840		1478		250879		1797
841		1478		250879		1797
842		1478		250879		1797
843		1478		250879		1797
844		1478		250879		1797
845		1478		250879		1797
846		1478		250879		1797
847		1478		250879		1797
848		1478		250879		1797
849		1478		250879		1797
850		1478		250879		1797
851		1478		250879		1797
852		1478		250879		1797
853		1478		250879		1797
854		1478		250879		1797
855		1478		250879		1797
856		1478		250879		1797
857		1478		250879		1797
858		1478		250879		1797
859		1478		250879		1797
860		1478		250879		1797
861		1478		250879		1797
862		1478		250879		1797
863		1478		250879		1797
864		1478		250879		1797
865		1478		250879		1797
866		1478		250879		1797
867		1478		250879		1797
868		1478		250879		1797
869		1478		250879		1797
870		1478		250879		1797
871		1478		250879		1797
872		1478		250879		1797
873		1478		250879		1797
874		1478		250879		1797
875		1478		250879		1797
876		1478		250879		1797
877		1478		250879		1797
878		1478		250879		1797
879		1478		250879		1797
880		1478		250879		1797
881		1478		250879		1797
882		1478		250879		1797
883		1478		250879		1797
884		1478		250879		1797
885		1478		250879		1797
886		1478		250879		1797
887		1478		250879		1797
888		1478		250879		1797
889		1478		250879		1797
890		1478		250879		1797
891		1478		250879		1797
892		1478		250879		1797
893		1478		250879		1797
894		1478		250879		1797
895		1478		250879		1797
896		1478		250879		1797
897		1478		250879		1797
898		1478		250879		1797
899		1478		250879		1797
900		1478		250879		1797
901		1478		250879		1797
902		1478		250879		1797
903		1478		250879		1797
904		1478		250879		1797
905		1478		250879		1797
906		1478		250879		1797
907		1478		250879		1797
908		1478		250879		1797
909		1478		250879		1797
910		1478		250879		1797
911		1478		250879		1797
912		1478		250879		1797
913		1478		250879		1797
914		1478		250879		1797
915		1478		250879		1797
916		1478		250879		1797
917		1478		250879		1797
918		1479		250880		1797
919		1479		250881		1797
920		1479		250881		1797
921		1479		250881		1797
922		1479		250881		1797
923		1479		250881		1797
924		1479		250881		1797
925		1479		250881		1797
926		1478		250882		1797
927		1478		250882		1797
928		1478		250882		1797
929		1478		250882		1797
930		1478		250882		1797
931		1478		250882		1797
932		1478		250882		1797
933		1478		250882		1797
934		1478		250882		1797
935		1478		250882		1797
936		1478		250882		1797
937		1478		250882		1797
938		1478		250882		1797
939		1478		250882		1797
940		1478		250882		1797
941		1478		250882		1797
942		1478		250882		1797
943		1478		250882		1797
944		1478		250882		1797
945		1478		250882		1797
946		1478		250882		1797
947		1478		250882		1797
948		1478		250882		1797
949		1478		250882		1797
950		1478		250882		1797
951		1478		250882		1797
952		1478		250882		1797
953		1478		250882		1797
954		1478		250882		1797
955		1478		250882		1797
956		1478		250882		1797
957		1478		250882		1797
958		1478		250882		1797
959		1478		250882		1797
960		1478		250882		1797
961		1478		250882		1797
962		1478		250882		1797
963		1478		250882		1797
964		1478		250882		1797
965		1478		250882		1797
966		1478		250882		1797
967		1478		250882		1797
968		1478		250882		1797
969		1478		250882		1797
970		1478		250882		1797
971		1478		250882		1797
972		1478		250882		1797
973		1478		250882		1797
974		1478		250882		1797
975		1478		250882		1797
976		1479		250883		1796
977		1479		250884		1796
978		1479		250884		1796
979		1479		250884		1796
980		1479		250884		1796
981		1479		250884		1796
982		1479		250884		1796
983		1479		250884		1796
984		1479		250884		1796
985		1479		250884		1796
986		1479		250884		1796
987		1479		250884		1796
988		1479		250884		1796
989		1479		250884		1796
990		1479		250884		1796
991		1478		250885		1797
992		1478		250885		1797
993		1478		250885		1797
994		1478		250885		1797
995		1478		250885		1797
996		1478		250885		1797
997		1478		250885		1797
998		1478		250885		1797
999		1478		250885		1797
