# Migration is number of nodes that have changed color.

Round		Edge-Cut		Swaps		Migrations		Skipped
0		3742		2347		1588
1		2861		4604		1733
2		2576		6842		1751
3		2389		9066		1750
4		2237		11222		1741
5		2152		13403		1783
6		2140		15585		1775
7		2163		17725		1760
8		2125		19882		1760
9		2090		22061		1786
10		2079		24228		1796
11		2057		26366		1777
12		2009		28498		1794
13		1954		30665		1775
14		1960		32782		1772
15		1941		34937		1781
16		1917		37065		1776
17		1934		39187		1754
18		1914		41316		1748
19		1938		43455		1758
20		1920		45562		1758
21		1912		47700		1762
22		1907		49830		1778
23		1928		51964		1787
24		1944		54093		1773
25		1968		56256		1795
26		1938		58408		1797
27		1955		60548		1781
28		1906		62671		1786
29		1923		64812		1773
30		1948		66935		1782
31		1920		69048		1760
32		1913		71198		1771
33		1916		73338		1776
34		1913		75427		1796
35		1951		77584		1787
36		1941		79755		1766
37		1925		81899		1774
38		1925		84015		1761
39		1868		86147		1746
40		1888		88262		1765
41		1888		90385		1759
42		1891		92508		1780
43		1877		94632		1784
44		1883		96747		1778
45		1836		98846		1799
46		1847		100939		1791
47		1887		103058		1791
48		1910		105194		1795
49		1903		107323		1797
50		1872		109464		1787
51		1871		111575		1777
52		1891		113728		1764
53		1864		115834		1797
54		1890		117967		1784
55		1851		120074		1805
56		1847		122187		1809
57		1839		124319		1797
58		1828		126406		1803
59		1883		128500		1797
60		1868		130634		1776
61		1876		132787		1790
62		1872		134918		1790
63		1871		137044		1806
64		1886		139166		1785
65		1881		141293		1785
66		1856		143419		1766
67		1858		145555		1777
68		1877		147691		1778
69		1867		149797		1796
70		1863		151944		1777
71		1814		154041		1754
72		1794		156143		1767
73		1810		158277		1776
74		1834		160358		1793
75		1805		162467		1812
76		1769		164555		1782
77		1747		166667		1763
78		1753		168767		1778
79		1739		170861		1789
80		1724		172962		1789
81		1752		175061		1790
82		1746		177144		1777
83		1768		179228		1767
84		1783		181329		1789
85		1770		183372		1790
86		1775		185461		1816
87		1777		187548		1811
88		1803		189660		1791
89		1791		191721		1796
90		1744		193833		1798
91		1765		195922		1786
92		1752		198013		1782
93		1783		200100		1772
94		1792		202187		1776
95		1787		204274		1793
96		1770		206361		1777
97		1784		208465		1783
98		1817		210564		1793
99		1780		212658		1807
100		1801		214767		1806
101		1788		216865		1790
102		1789		218956		1767
103		1803		221095		1759
104		1762		223177		1762
105		1762		225258		1769
106		1729		227333		1763
107		1730		229422		1782
108		1720		231498		1771
109		1733		233555		1781
110		1698		235655		1770
111		1710		237724		1778
112		1724		239804		1777
113		1722		241865		1749
114		1706		243942		1768
115		1708		246022		1762
116		1675		248077		1774
117		1698		250134		1774
118		1760		252188		1771
119		1762		254272		1763
120		1729		256341		1775
121		1735		258393		1781
122		1708		260452		1785
123		1726		262510		1776
124		1724		264587		1766
125		1727		266653		1795
126		1705		268721		1801
127		1702		270798		1801
128		1706		272870		1776
129		1710		274906		1758
130		1714		276975		1757
131		1723		279038		1763
132		1707		281079		1768
133		1701		283141		1780
134		1689		285195		1759
135		1665		287292		1764
136		1685		289339		1770
137		1662		291400		1776
138		1676		293454		1779
139		1696		295504		1774
140		1701		297561		1784
141		1680		299632		1783
142		1679		301734		1790
143		1658		303769		1771
144		1646		305807		1762
145		1629		307856		1766
146		1648		309898		1772
147		1628		311925		1780
148		1621		313963		1764
149		1615		315998		1775
150		1609		318037		1786
151		1621		320079		1761
152		1613		322113		1774
153		1615		324150		1776
154		1625		326180		1783
155		1625		328211		1783
156		1611		330264		1786
157		1605		332248		1782
158		1608		334286		1783
159		1589		336332		1783
160		1588		338380		1788
161		1591		340417		1782
162		1595		342462		1790
163		1597		344513		1770
164		1604		346512		1780
165		1614		348542		1770
166		1625		350574		1778
167		1617		352582		1771
168		1610		354589		1783
169		1598		356630		1778
170		1611		358692		1763
171		1615		360760		1768
172		1620		362799		1765
173		1608		364840		1786
174		1606		366889		1773
175		1606		368941		1777
176		1598		370999		1769
177		1602		373017		1771
178		1598		375040		1780
179		1585		377090		1777
180		1579		379107		1787
181		1592		381161		1784
182		1590		383169		1765
183		1588		385198		1780
184		1593		387188		1776
185		1596		389247		1778
186		1581		391286		1785
187		1579		393303		1784
188		1581		395316		1782
189		1591		397341		1770
190		1588		399368		1766
191		1577		401387		1777
192		1575		403413		1776
193		1577		405427		1780
194		1585		407434		1781
195		1589		409475		1777
196		1580		411527		1790
197		1594		413547		1784
198		1585		415577		1782
199		1589		417584		1794
200		1587		419630		1791
201		1577		421626		1790
202		1579		423683		1774
203		1579		425704		1771
204		1590		427731		1790
205		1581		429749		1788
206		1580		431764		1770
207		1578		433768		1763
208		1576		435763		1770
209		1584		437793		1757
210		1578		439842		1767
211		1585		441832		1768
212		1578		443870		1775
213		1577		445900		1765
214		1576		447954		1780
215		1577		449964		1790
216		1565		451992		1782
217		1570		453975		1780
218		1562		456016		1791
219		1559		458029		1787
220		1556		460024		1788
221		1564		462068		1778
222		1569		464050		1768
223		1574		466094		1771
224		1586		468085		1776
225		1590		470117		1762
226		1587		472142		1773
227		1581		474141		1775
228		1580		476154		1768
229		1576		478188		1774
230		1584		480181		1763
231		1584		482188		1762
232		1589		484190		1768
233		1589		486188		1763
234		1583		488189		1756
235		1579		490198		1768
236		1576		492208		1771
237		1575		494210		1775
238		1575		496273		1772
239		1573		498303		1759
240		1574		500337		1766
241		1574		502372		1753
242		1575		504397		1755
243		1567		506410		1765
244		1574		508435		1759
245		1573		510501		1753
246		1583		512505		1763
247		1570		514519		1753
248		1555		516517		1757
249		1544		518502		1767
250		1532		520494		1765
251		1521		522480		1772
252		1518		524468		1773
253		1515		526476		1767
254		1510		528434		1775
255		1506		530433		1773
256		1505		532436		1770
257		1502		534441		1771
258		1498		536391		1769
259		1496		538375		1770
260		1493		540375		1773
261		1490		542364		1777
262		1490		544363		1770
263		1491		546331		1764
264		1491		548330		1770
265		1489		550301		1768
266		1487		552251		1762
267		1484		554247		1762
268		1481		556253		1760
269		1481		558238		1760
270		1480		560205		1769
271		1478		562182		1769
272		1477		564201		1768
273		1474		566179		1767
274		1472		568186		1765
275		1472		570179		1767
276		1472		572121		1768
277		1471		574108		1772
278		1471		576101		1778
279		1469		578076		1780
280		1468		580043		1781
281		1468		582017		1779
282		1467		582018		1780
283		1466		582019		1780
284		1466		582019		1780
285		1466		582019		1780
286		1464		582021		1779
287		1464		582021		1779
288		1464		582021		1779
289		1464		582021		1779
290		1464		582021		1779
291		1464		582021		1779
292		1464		582021		1779
293		1464		582021		1779
294		1463		582022		1779
295		1464		582023		1780
296		1464		582023		1780
297		1464		582023		1780
298		1464		582023		1780
299		1462		582024		1780
300		1462		582024		1780
301		1461		582025		1779
302		1461		582025		1779
303		1461		582025		1779
304		1462		582026		1780
305		1462		582026		1780
306		1462		582026		1780
307		1462		582026		1780
308		1462		582026		1780
309		1462		582026		1780
310		1462		582026		1780
311		1462		582026		1780
312		1462		582026		1780
313		1463		582027		1781
314		1463		582028		1781
315		1463		582028		1781
316		1462		582029		1783
317		1460		582031		1782
318		1461		582032		1780
319		1461		582032		1780
320		1461		582033		1780
321		1461		582033		1780
322		1460		582034		1780
323		1459		582035		1781
324		1459		582035		1781
325		1459		582035		1781
326		1459		582035		1781
327		1459		582035		1781
328		1459		582035		1781
329		1459		582035		1781
330		1458		582036		1781
331		1458		582036		1781
332		1458		582036		1781
333		1458		582036		1781
334		1458		582036		1781
335		1458		582036		1781
336		1458		582036		1781
337		1458		582036		1781
338		1458		582036		1781
339		1458		582036		1781
340		1458		582036		1781
341		1458		582036		1781
342		1458		582036		1781
343		1457		582037		1781
344		1457		582037		1781
345		1457		582037		1781
346		1457		582037		1781
347		1457		582037		1781
348		1457		582037		1781
349		1457		582037		1781
350		1457		582037		1781
351		1457		582037		1781
352		1457		582037		1781
353		1457		582037		1781
354		1457		582037		1781
355		1456		582038		1782
356		1456		582038		1782
357		1456		582038		1782
358		1456		582038		1782
359		1456		582038		1782
360		1456		582038		1782
361		1456		582038		1782
362		1456		582038		1782
363		1456		582038		1782
364		1456		582038		1782
365		1456		582038		1782
366		1456		582038		1782
367		1456		582038		1782
368		1456		582038		1782
369		1456		582038		1782
370		1456		582038		1782
371		1456		582038		1782
372		1456		582038		1782
373		1456		582038		1782
374		1456		582038		1782
375		1456		582038		1782
376		1456		582038		1782
377		1456		582038		1782
378		1456		582038		1782
379		1456		582038		1782
380		1456		582038		1782
381		1456		582038		1782
382		1456		582038		1782
383		1456		582038		1782
384		1456		582038		1782
385		1456		582038		1782
386		1456		582038		1782
387		1456		582038		1782
388		1456		582038		1782
389		1456		582038		1782
390		1456		582038		1782
391		1456		582038		1782
392		1456		582038		1782
393		1456		582038		1782
394		1456		582038		1782
395		1456		582038		1782
396		1456		582038		1782
397		1456		582038		1782
398		1456		582038		1782
399		1456		582038		1782
400		1456		582038		1782
401		1456		582038		1782
402		1456		582038		1782
403		1456		582038		1782
404		1456		582038		1782
405		1456		582038		1782
406		1456		582038		1782
407		1456		582038		1782
408		1456		582038		1782
409		1456		582038		1782
410		1456		582038		1782
411		1456		582038		1782
412		1456		582038		1782
413		1456		582038		1782
414		1456		582038		1782
415		1456		582038		1782
416		1456		582038		1782
417		1456		582038		1782
418		1456		582038		1782
419		1456		582038		1782
420		1456		582038		1782
421		1456		582038		1782
422		1456		582038		1782
423		1456		582038		1782
424		1456		582038		1782
425		1456		582038		1782
426		1456		582038		1782
427		1456		582038		1782
428		1456		582038		1782
429		1456		582038		1782
430		1456		582038		1782
431		1456		582038		1782
432		1456		582038		1782
433		1456		582038		1782
434		1456		582038		1782
435		1456		582038		1782
436		1456		582038		1782
437		1456		582038		1782
438		1456		582038		1782
439		1456		582038		1782
440		1456		582038		1782
441		1456		582038		1782
442		1456		582038		1782
443		1456		582038		1782
444		1456		582038		1782
445		1456		582038		1782
446		1456		582038		1782
447		1456		582038		1782
448		1456		582038		1782
449		1456		582038		1782
450		1456		582038		1782
451		1456		582038		1782
452		1456		582038		1782
453		1456		582038		1782
454		1456		582038		1782
455		1456		582038		1782
456		1456		582038		1782
457		1456		582038		1782
458		1456		582038		1782
459		1456		582038		1782
460		1456		582038		1782
461		1456		582038		1782
462		1456		582038		1782
463		1456		582038		1782
464		1456		582038		1782
465		1456		582038		1782
466		1456		582038		1782
467		1456		582038		1782
468		1456		582038		1782
469		1456		582038		1782
470		1456		582038		1782
471		1456		582038		1782
472		1456		582038		1782
473		1456		582038		1782
474		1456		582038		1782
475		1456		582038		1782
476		1456		582038		1782
477		1456		582038		1782
478		1456		582038		1782
479		1456		582038		1782
480		1456		582038		1782
481		1456		582038		1782
482		1456		582038		1782
483		1456		582038		1782
484		1456		582038		1782
485		1456		582038		1782
486		1456		582038		1782
487		1456		582038		1782
488		1456		582038		1782
489		1456		582038		1782
490		1456		582038		1782
491		1456		582038		1782
492		1456		582038		1782
493		1456		582038		1782
494		1456		582038		1782
495		1456		582038		1782
496		1456		582038		1782
497		1456		582038		1782
498		1456		582038		1782
499		1456		582038		1782
500		1456		582038		1782
501		1456		582038		1782
502		1456		582038		1782
503		1456		582038		1782
504		1456		582038		1782
505		1456		582038		1782
506		1456		582038		1782
507		1456		582038		1782
508		1456		582038		1782
509		1456		582038		1782
510		1456		582038		1782
511		1456		582038		1782
512		1456		582038		1782
513		1456		582038		1782
514		1456		582038		1782
515		1456		582038		1782
516		1456		582038		1782
517		1456		582038		1782
518		1456		582038		1782
519		1456		582038		1782
520		1456		582038		1782
521		1456		582038		1782
522		1456		582038		1782
523		1456		582038		1782
524		1456		582038		1782
525		1456		582038		1782
526		1456		582038		1782
527		1456		582038		1782
528		1456		582038		1782
529		1456		582038		1782
530		1456		582038		1782
531		1456		582038		1782
532		1456		582038		1782
533		1456		582038		1782
534		1456		582038		1782
535		1456		582038		1782
536		1456		582038		1782
537		1456		582038		1782
538		1456		582038		1782
539		1456		582038		1782
540		1456		582038		1782
541		1456		582038		1782
542		1456		582038		1782
543		1456		582038		1782
544		1456		582038		1782
545		1456		582038		1782
546		1456		582038		1782
547		1456		582038		1782
548		1456		582038		1782
549		1456		582038		1782
550		1456		582038		1782
551		1456		582038		1782
552		1456		582038		1782
553		1456		582038		1782
554		1456		582038		1782
555		1456		582038		1782
556		1456		582038		1782
557		1456		582038		1782
558		1456		582038		1782
559		1456		582038		1782
560		1456		582038		1782
561		1456		582038		1782
562		1456		582038		1782
563		1456		582038		1782
564		1456		582038		1782
565		1456		582038		1782
566		1456		582038		1782
567		1456		582038		1782
568		1456		582038		1782
569		1456		582038		1782
570		1456		582038		1782
571		1456		582038		1782
572		1456		582038		1782
573		1457		582039		1781
574		1456		582040		1781
575		1456		582040		1781
576		1456		582040		1781
577		1456		582040		1781
578		1456		582040		1781
579		1456		582040		1781
580		1456		582040		1781
581		1456		582040		1781
582		1456		582040		1781
583		1456		582040		1781
584		1456		582040		1781
585		1456		582040		1781
586		1456		582040		1781
587		1456		582040		1781
588		1456		582040		1781
589		1456		582040		1781
590		1456		582040		1781
591		1456		582040		1781
592		1456		582040		1781
593		1456		582040		1781
594		1456		582040		1781
595		1456		582040		1781
596		1456		582040		1781
597		1456		582040		1781
598		1456		582040		1781
599		1456		582040		1781
600		1456		582040		1781
601		1456		582040		1781
602		1456		582040		1781
603		1456		582040		1781
604		1456		582040		1781
605		1456		582040		1781
606		1456		582040		1781
607		1456		582040		1781
608		1456		582040		1781
609		1456		582040		1781
610		1456		582040		1781
611		1456		582040		1781
612		1456		582040		1781
613		1456		582040		1781
614		1456		582040		1781
615		1456		582040		1781
616		1456		582040		1781
617		1456		582040		1781
618		1456		582040		1781
619		1456		582040		1781
620		1456		582040		1781
621		1456		582040		1781
622		1456		582040		1781
623		1456		582040		1781
624		1456		582040		1781
625		1456		582040		1781
626		1456		582040		1781
627		1456		582040		1781
628		1456		582040		1781
629		1456		582040		1781
630		1456		582040		1781
631		1456		582040		1781
632		1456		582040		1781
633		1456		582040		1781
634		1456		582040		1781
635		1456		582040		1781
636		1456		582040		1781
637		1456		582040		1781
638		1456		582040		1781
639		1456		582040		1781
640		1456		582040		1781
641		1456		582040		1781
642		1456		582040		1781
643		1456		582040		1781
644		1456		582040		1781
645		1456		582040		1781
646		1456		582040		1781
647		1456		582040		1781
648		1456		582040		1781
649		1456		582040		1781
650		1456		582040		1781
651		1456		582040		1781
652		1456		582040		1781
653		1456		582040		1781
654		1456		582040		1781
655		1456		582040		1781
656		1456		582040		1781
657		1456		582040		1781
658		1456		582040		1781
659		1456		582040		1781
660		1456		582040		1781
661		1456		582040		1781
662		1456		582040		1781
663		1456		582040		1781
664		1456		582040		1781
665		1456		582040		1781
666		1456		582040		1781
667		1456		582040		1781
668		1456		582040		1781
669		1456		582040		1781
670		1456		582040		1781
671		1456		582040		1781
672		1456		582040		1781
673		1456		582040		1781
674		1456		582040		1781
675		1456		582040		1781
676		1456		582040		1781
677		1456		582040		1781
678		1456		582040		1781
679		1456		582040		1781
680		1456		582040		1781
681		1456		582040		1781
682		1456		582040		1781
683		1456		582040		1781
684		1456		582040		1781
685		1456		582040		1781
686		1456		582040		1781
687		1456		582040		1781
688		1456		582040		1781
689		1456		582040		1781
690		1456		582040		1781
691		1456		582040		1781
692		1456		582040		1781
693		1456		582040		1781
694		1456		582040		1781
695		1456		582040		1781
696		1456		582040		1781
697		1456		582040		1781
698		1456		582040		1781
699		1456		582040		1781
700		1456		582040		1781
701		1456		582040		1781
702		1456		582040		1781
703		1456		582040		1781
704		1456		582040		1781
705		1456		582040		1781
706		1456		582040		1781
707		1456		582040		1781
708		1456		582040		1781
709		1456		582040		1781
710		1456		582040		1781
711		1456		582040		1781
712		1456		582040		1781
713		1456		582040		1781
714		1456		582040		1781
715		1456		582040		1781
716		1456		582040		1781
717		1456		582040		1781
718		1456		582040		1781
719		1456		582040		1781
720		1456		582040		1781
721		1456		582040		1781
722		1456		582040		1781
723		1456		582040		1781
724		1456		582040		1781
725		1456		582040		1781
726		1456		582040		1781
727		1456		582040		1781
728		1456		582040		1781
729		1456		582040		1781
730		1456		582040		1781
731		1456		582040		1781
732		1456		582040		1781
733		1456		582040		1781
734		1456		582040		1781
735		1456		582040		1781
736		1456		582040		1781
737		1456		582040		1781
738		1456		582040		1781
739		1456		582040		1781
740		1456		582040		1781
741		1456		582040		1781
742		1456		582040		1781
743		1456		582040		1781
744		1456		582040		1781
745		1456		582040		1781
746		1456		582040		1781
747		1456		582040		1781
748		1456		582040		1781
749		1456		582040		1781
750		1456		582040		1781
751		1456		582040		1781
752		1456		582040		1781
753		1456		582040		1781
754		1456		582040		1781
755		1456		582040		1781
756		1456		582040		1781
757		1456		582040		1781
758		1456		582040		1781
759		1456		582040		1781
760		1456		582040		1781
761		1456		582040		1781
762		1456		582040		1781
763		1456		582040		1781
764		1456		582040		1781
765		1456		582040		1781
766		1456		582040		1781
767		1456		582040		1781
768		1456		582040		1781
769		1456		582040		1781
770		1456		582040		1781
771		1456		582040		1781
772		1456		582040		1781
773		1456		582040		1781
774		1456		582040		1781
775		1456		582040		1781
776		1456		582040		1781
777		1456		582040		1781
778		1456		582040		1781
779		1456		582040		1781
780		1456		582040		1781
781		1456		582040		1781
782		1456		582040		1781
783		1456		582040		1781
784		1456		582040		1781
785		1456		582040		1781
786		1456		582040		1781
787		1456		582040		1781
788		1456		582040		1781
789		1456		582040		1781
790		1456		582040		1781
791		1456		582040		1781
792		1456		582040		1781
793		1456		582040		1781
794		1456		582040		1781
795		1456		582040		1781
796		1456		582040		1781
797		1456		582040		1781
798		1456		582040		1781
799		1456		582040		1781
800		1456		582040		1781
801		1456		582040		1781
802		1456		582040		1781
803		1456		582040		1781
804		1456		582040		1781
805		1456		582040		1781
806		1456		582040		1781
807		1456		582040		1781
808		1456		582040		1781
809		1456		582040		1781
810		1456		582040		1781
811		1456		582040		1781
812		1456		582040		1781
813		1456		582040		1781
814		1456		582040		1781
815		1456		582040		1781
816		1456		582040		1781
817		1456		582040		1781
818		1456		582040		1781
819		1456		582040		1781
820		1456		582040		1781
821		1456		582040		1781
822		1456		582040		1781
823		1456		582040		1781
824		1456		582040		1781
825		1456		582040		1781
826		1456		582040		1781
827		1456		582040		1781
828		1456		582040		1781
829		1456		582040		1781
830		1456		582040		1781
831		1456		582040		1781
832		1456		582040		1781
833		1456		582040		1781
834		1456		582040		1781
835		1456		582040		1781
836		1456		582040		1781
837		1456		582040		1781
838		1456		582040		1781
839		1456		582040		1781
840		1456		582040		1781
841		1456		582040		1781
842		1456		582040		1781
843		1456		582040		1781
844		1456		582040		1781
845		1456		582040		1781
846		1456		582040		1781
847		1456		582040		1781
848		1456		582040		1781
849		1456		582040		1781
850		1456		582040		1781
851		1456		582040		1781
852		1456		582040		1781
853		1456		582040		1781
854		1456		582040		1781
855		1456		582040		1781
856		1456		582040		1781
857		1456		582040		1781
858		1456		582040		1781
859		1456		582040		1781
860		1456		582040		1781
861		1456		582040		1781
862		1456		582040		1781
863		1456		582040		1781
864		1456		582040		1781
865		1456		582040		1781
866		1456		582040		1781
867		1456		582040		1781
868		1456		582040		1781
869		1456		582040		1781
870		1456		582040		1781
871		1456		582040		1781
872		1456		582040		1781
873		1456		582040		1781
874		1456		582040		1781
875		1456		582040		1781
876		1456		582040		1781
877		1456		582040		1781
878		1456		582040		1781
879		1456		582040		1781
880		1456		582040		1781
881		1456		582040		1781
882		1456		582040		1781
883		1456		582040		1781
884		1456		582040		1781
885		1456		582040		1781
886		1456		582040		1781
887		1456		582040		1781
888		1456		582040		1781
889		1456		582040		1781
890		1456		582040		1781
891		1456		582040		1781
892		1456		582040		1781
893		1456		582040		1781
894		1456		582040		1781
895		1456		582040		1781
896		1456		582040		1781
897		1456		582040		1781
898		1456		582040		1781
899		1456		582040		1781
900		1456		582040		1781
901		1456		582040		1781
902		1456		582040		1781
903		1456		582040		1781
904		1456		582040		1781
905		1456		582040		1781
906		1456		582040		1781
907		1456		582040		1781
908		1456		582040		1781
909		1456		582040		1781
910		1456		582040		1781
911		1456		582040		1781
912		1456		582040		1781
913		1456		582040		1781
914		1456		582040		1781
915		1456		582040		1781
916		1456		582040		1781
917		1456		582040		1781
918		1456		582040		1781
919		1456		582040		1781
920		1456		582040		1781
921		1456		582040		1781
922		1456		582040		1781
923		1456		582040		1781
924		1456		582040		1781
925		1456		582040		1781
926		1456		582040		1781
927		1456		582040		1781
928		1456		582040		1781
929		1456		582040		1781
930		1456		582040		1781
931		1456		582040		1781
932		1456		582040		1781
933		1456		582040		1781
934		1456		582040		1781
935		1456		582040		1781
936		1456		582040		1781
937		1456		582040		1781
938		1456		582040		1781
939		1456		582040		1781
940		1456		582040		1781
941		1456		582040		1781
942		1456		582040		1781
943		1456		582040		1781
944		1456		582040		1781
945		1456		582040		1781
946		1456		582040		1781
947		1456		582040		1781
948		1456		582040		1781
949		1456		582040		1781
950		1457		582042		1780
951		1457		582042		1780
952		1457		582042		1780
953		1456		582043		1781
954		1456		582043		1781
955		1456		582043		1781
956		1456		582043		1781
957		1456		582043		1781
958		1456		582043		1781
959		1456		582043		1781
960		1456		582043		1781
961		1456		582043		1781
962		1456		582043		1781
963		1456		582043		1781
964		1456		582043		1781
965		1457		582044		1783
966		1456		582045		1782
967		1456		582045		1782
968		1456		582045		1782
969		1456		582045		1782
970		1456		582045		1782
971		1456		582045		1782
972		1456		582045		1782
973		1456		582045		1782
974		1456		582045		1782
975		1456		582045		1782
976		1456		582045		1782
977		1456		582045		1782
978		1456		582045		1782
979		1456		582045		1782
980		1456		582045		1782
981		1456		582045		1782
982		1456		582045		1782
983		1456		582045		1782
984		1456		582045		1782
985		1456		582045		1782
986		1456		582045		1782
987		1456		582045		1782
988		1456		582045		1782
989		1456		582045		1782
990		1456		582045		1782
991		1456		582045		1782
992		1456		582045		1782
993		1456		582045		1782
994		1456		582045		1782
995		1456		582045		1782
996		1456		582045		1782
997		1456		582045		1782
998		1456		582045		1782
999		1456		582045		1782
