# Migration is number of nodes that have changed color.

Round		Edge-Cut		Swaps		Migrations		Skipped
0		2928		2271		1539
1		2227		4438		1693
2		2048		6528		1709
3		1940		8613		1714
4		1869		10655		1724
5		1811		12700		1744
6		1790		14743		1747
7		1770		16717		1748
8		1749		18722		1753
9		1738		20750		1755
10		1727		22728		1763
11		1712		24759		1747
12		1699		26752		1757
13		1686		28732		1755
14		1682		30732		1761
15		1673		32738		1759
16		1671		34732		1758
17		1669		36688		1759
18		1669		38654		1759
19		1667		40641		1745
20		1663		42601		1748
21		1659		44583		1752
22		1656		46556		1760
23		1650		48559		1757
24		1647		50535		1764
25		1644		52498		1766
26		1642		54460		1771
27		1640		56453		1766
28		1638		58404		1769
29		1636		60398		1765
30		1634		62408		1762
31		1633		64373		1765
32		1633		66328		1762
33		1630		68323		1763
34		1629		70294		1760
35		1629		72291		1763
36		1627		72293		1762
37		1627		72293		1762
38		1624		72296		1764
39		1624		72296		1764
40		1624		72296		1764
41		1623		72297		1763
42		1623		72297		1763
43		1623		72300		1765
44		1622		72301		1763
45		1619		72304		1766
46		1619		72304		1766
47		1618		72305		1767
48		1618		72305		1767
49		1618		72305		1767
50		1618		72305		1767
51		1618		72305		1767
52		1618		72305		1767
53		1618		72307		1768
54		1617		72308		1766
55		1615		72310		1768
56		1615		72310		1768
57		1615		72310		1768
58		1614		72311		1769
59		1614		72311		1769
60		1614		72311		1769
61		1614		72311		1769
62		1614		72311		1769
63		1614		72311		1769
64		1614		72311		1769
65		1614		72311		1769
66		1614		72311		1769
67		1614		72311		1769
68		1614		72311		1769
69		1614		72311		1769
70		1614		72311		1769
71		1614		72311		1769
72		1614		72311		1769
73		1614		72311		1769
74		1613		72312		1769
75		1613		72312		1769
76		1613		72312		1769
77		1613		72312		1769
78		1613		72312		1769
79		1613		72312		1769
80		1613		72312		1769
81		1613		72312		1769
82		1613		72312		1769
83		1613		72312		1769
84		1613		72312		1769
85		1613		72312		1769
86		1613		72312		1769
87		1613		72312		1769
88		1612		72313		1769
89		1612		72313		1769
90		1611		72314		1768
91		1611		72314		1768
92		1610		72315		1767
93		1610		72315		1767
94		1610		72315		1767
95		1611		72317		1768
96		1611		72317		1768
97		1611		72317		1768
98		1611		72317		1768
99		1611		72317		1768
100		1611		72317		1768
101		1611		72317		1768
102		1611		72317		1768
103		1611		72317		1768
104		1611		72320		1766
105		1611		72320		1766
106		1611		72320		1766
107		1611		72320		1766
108		1611		72320		1766
109		1610		72321		1768
110		1609		72322		1769
111		1609		72322		1769
112		1609		72322		1769
113		1609		72322		1769
114		1608		72323		1768
115		1608		72323		1768
116		1608		72323		1768
117		1608		72323		1768
118		1608		72323		1768
119		1608		72323		1768
120		1608		72323		1768
121		1608		72323		1768
122		1608		72323		1768
123		1608		72323		1768
124		1608		72323		1768
125		1607		72324		1769
126		1607		72324		1769
127		1607		72324		1769
128		1607		72324		1769
129		1607		72324		1769
130		1607		72324		1769
131		1607		72324		1769
132		1607		72324		1769
133		1607		72324		1769
134		1607		72324		1769
135		1607		72324		1769
136		1607		72324		1769
137		1607		72324		1769
138		1607		72324		1769
139		1607		72324		1769
140		1607		72324		1769
141		1607		72324		1769
142		1607		72324		1769
143		1607		72324		1769
144		1607		72324		1769
145		1607		72324		1769
146		1607		72324		1769
147		1607		72324		1769
148		1607		72324		1769
149		1607		72324		1769
150		1607		72324		1769
151		1607		72324		1769
152		1607		72324		1769
153		1607		72324		1769
154		1607		72324		1769
155		1607		72324		1769
156		1607		72324		1769
157		1607		72324		1769
158		1607		72324		1769
159		1607		72324		1769
160		1607		72324		1769
161		1607		72324		1769
162		1607		72324		1769
163		1607		72324		1769
164		1607		72324		1769
165		1607		72324		1769
166		1607		72324		1769
167		1607		72324		1769
168		1607		72324		1769
169		1607		72324		1769
170		1607		72324		1769
171		1607		72324		1769
172		1607		72324		1769
173		1607		72324		1769
174		1607		72324		1769
175		1607		72324		1769
176		1607		72324		1769
177		1607		72324		1769
178		1607		72324		1769
179		1607		72324		1769
180		1607		72324		1769
181		1607		72324		1769
182		1607		72324		1769
183		1607		72324		1769
184		1607		72324		1769
185		1607		72324		1769
186		1607		72324		1769
187		1608		72326		1769
188		1608		72326		1769
189		1608		72326		1769
190		1608		72326		1769
191		1608		72326		1769
192		1608		72326		1769
193		1608		72326		1769
194		1608		72326		1769
195		1608		72326		1769
196		1607		72327		1768
197		1607		72327		1768
198		1607		72327		1768
199		1607		72327		1768
200		1607		72327		1768
201		1607		72327		1768
202		1607		72327		1768
203		1607		72327		1768
204		1607		72327		1768
205		1607		72327		1768
206		1607		72327		1768
207		1607		72327		1768
208		1607		72327		1768
209		1607		72327		1768
210		1607		72327		1768
211		1607		72327		1768
212		1607		72327		1768
213		1607		72327		1768
214		1607		72327		1768
215		1607		72327		1768
216		1607		72327		1768
217		1607		72327		1768
218		1607		72327		1768
219		1607		72327		1768
220		1607		72327		1768
221		1607		72327		1768
222		1607		72327		1768
223		1607		72327		1768
224		1607		72327		1768
225		1607		72327		1768
226		1607		72327		1768
227		1607		72327		1768
228		1607		72327		1768
229		1607		72327		1768
230		1607		72327		1768
231		1607		72327		1768
232		1607		72327		1768
233		1607		72327		1768
234		1607		72327		1768
235		1607		72327		1768
236		1607		72327		1768
237		1607		72327		1768
238		1607		72327		1768
239		1607		72327		1768
240		1607		72327		1768
241		1607		72327		1768
242		1607		72327		1768
243		1607		72327		1768
244		1607		72327		1768
245		1607		72327		1768
246		1607		72327		1768
247		1607		72327		1768
248		1607		72327		1768
249		1607		72327		1768
250		1607		72327		1768
251		1607		72327		1768
252		1607		72327		1768
253		1607		72327		1768
254		1607		72327		1768
255		1607		72327		1768
256		1607		72327		1768
257		1607		72327		1768
258		1607		72327		1768
259		1607		72327		1768
260		1607		72327		1768
261		1607		72327		1768
262		1607		72327		1768
263		1607		72327		1768
264		1607		72327		1768
265		1607		72327		1768
266		1607		72327		1768
267		1607		72327		1768
268		1607		72327		1768
269		1607		72327		1768
270		1607		72327		1768
271		1607		72327		1768
272		1607		72327		1768
273		1607		72327		1768
274		1607		72327		1768
275		1607		72327		1768
276		1607		72327		1768
277		1607		72327		1768
278		1607		72327		1768
279		1607		72327		1768
280		1607		72327		1768
281		1607		72327		1768
282		1607		72327		1768
283		1607		72327		1768
284		1607		72327		1768
285		1607		72327		1768
286		1607		72327		1768
287		1607		72327		1768
288		1607		72327		1768
289		1607		72327		1768
290		1607		72327		1768
291		1607		72327		1768
292		1607		72327		1768
293		1607		72327		1768
294		1607		72327		1768
295		1607		72327		1768
296		1607		72327		1768
297		1607		72327		1768
298		1607		72327		1768
299		1607		72327		1768
300		1607		72327		1768
301		1607		72327		1768
302		1607		72327		1768
303		1607		72327		1768
304		1607		72327		1768
305		1607		72327		1768
306		1607		72327		1768
307		1607		72327		1768
308		1607		72327		1768
309		1607		72327		1768
310		1607		72327		1768
311		1607		72327		1768
312		1607		72327		1768
313		1607		72327		1768
314		1607		72327		1768
315		1607		72327		1768
316		1607		72327		1768
317		1607		72327		1768
318		1607		72327		1768
319		1607		72327		1768
320		1607		72327		1768
321		1607		72327		1768
322		1607		72327		1768
323		1607		72327		1768
324		1607		72327		1768
325		1607		72327		1768
326		1607		72327		1768
327		1607		72327		1768
328		1607		72327		1768
329		1607		72327		1768
330		1607		72327		1768
331		1607		72327		1768
332		1607		72327		1768
333		1607		72327		1768
334		1607		72327		1768
335		1607		72327		1768
336		1607		72327		1768
337		1607		72327		1768
338		1607		72327		1768
339		1607		72327		1768
340		1607		72327		1768
341		1607		72327		1768
342		1607		72327		1768
343		1607		72327		1768
344		1607		72327		1768
345		1607		72327		1768
346		1607		72327		1768
347		1607		72327		1768
348		1607		72327		1768
349		1607		72327		1768
350		1607		72327		1768
351		1607		72327		1768
352		1607		72327		1768
353		1607		72327		1768
354		1607		72327		1768
355		1607		72327		1768
356		1607		72327		1768
357		1607		72327		1768
358		1607		72327		1768
359		1607		72327		1768
360		1607		72327		1768
361		1607		72327		1768
362		1607		72327		1768
363		1607		72327		1768
364		1607		72327		1768
365		1607		72327		1768
366		1607		72327		1768
367		1607		72327		1768
368		1607		72327		1768
369		1607		72327		1768
370		1607		72327		1768
371		1607		72327		1768
372		1607		72327		1768
373		1607		72327		1768
374		1607		72327		1768
375		1607		72327		1768
376		1607		72327		1768
377		1607		72327		1768
378		1607		72327		1768
379		1607		72327		1768
380		1607		72327		1768
381		1607		72327		1768
382		1607		72327		1768
383		1607		72327		1768
384		1607		72327		1768
385		1607		72327		1768
386		1607		72327		1768
387		1607		72327		1768
388		1607		72327		1768
389		1607		72327		1768
390		1607		72327		1768
391		1607		72327		1768
392		1607		72327		1768
393		1607		72327		1768
394		1607		72327		1768
395		1607		72327		1768
396		1607		72327		1768
397		1607		72327		1768
398		1607		72327		1768
399		1607		72327		1768
400		1607		72327		1768
401		1607		72327		1768
402		1607		72327		1768
403		1607		72327		1768
404		1607		72327		1768
405		1607		72327		1768
406		1607		72327		1768
407		1607		72327		1768
408		1607		72327		1768
409		1607		72327		1768
410		1607		72327		1768
411		1607		72327		1768
412		1607		72327		1768
413		1607		72327		1768
414		1607		72327		1768
415		1607		72327		1768
416		1607		72327		1768
417		1607		72327		1768
418		1607		72327		1768
419		1607		72327		1768
420		1607		72327		1768
421		1607		72327		1768
422		1607		72327		1768
423		1607		72327		1768
424		1607		72327		1768
425		1607		72327		1768
426		1607		72327		1768
427		1607		72327		1768
428		1607		72327		1768
429		1607		72327		1768
430		1607		72327		1768
431		1607		72327		1768
432		1607		72327		1768
433		1607		72327		1768
434		1607		72327		1768
435		1607		72327		1768
436		1607		72327		1768
437		1607		72327		1768
438		1607		72327		1768
439		1607		72327		1768
440		1607		72327		1768
441		1607		72327		1768
442		1607		72327		1768
443		1607		72327		1768
444		1607		72327		1768
445		1607		72327		1768
446		1607		72327		1768
447		1607		72327		1768
448		1607		72327		1768
449		1607		72327		1768
450		1607		72327		1768
451		1607		72327		1768
452		1607		72327		1768
453		1607		72327		1768
454		1607		72327		1768
455		1607		72327		1768
456		1607		72327		1768
457		1607		72327		1768
458		1607		72327		1768
459		1607		72327		1768
460		1607		72327		1768
461		1607		72327		1768
462		1607		72327		1768
463		1607		72327		1768
464		1607		72327		1768
465		1607		72327		1768
466		1607		72327		1768
467		1607		72327		1768
468		1607		72327		1768
469		1607		72327		1768
470		1607		72327		1768
471		1607		72327		1768
472		1607		72327		1768
473		1607		72327		1768
474		1607		72327		1768
475		1607		72327		1768
476		1607		72327		1768
477		1607		72327		1768
478		1607		72327		1768
479		1607		72327		1768
480		1607		72327		1768
481		1607		72327		1768
482		1607		72327		1768
483		1607		72327		1768
484		1607		72327		1768
485		1607		72327		1768
486		1607		72327		1768
487		1607		72327		1768
488		1607		72327		1768
489		1607		72327		1768
490		1607		72327		1768
491		1607		72327		1768
492		1607		72327		1768
493		1607		72327		1768
494		1607		72327		1768
495		1607		72327		1768
496		1607		72327		1768
497		1607		72327		1768
498		1607		72327		1768
499		1607		72327		1768
500		1607		72327		1768
501		1607		72327		1768
502		1607		72327		1768
503		1607		72327		1768
504		1607		72327		1768
505		1607		72327		1768
506		1607		72327		1768
507		1607		72327		1768
508		1607		72327		1768
509		1607		72327		1768
510		1607		72327		1768
511		1607		72327		1768
512		1607		72327		1768
513		1607		72327		1768
514		1607		72327		1768
515		1607		72327		1768
516		1607		72327		1768
517		1607		72327		1768
518		1607		72327		1768
519		1607		72327		1768
520		1607		72327		1768
521		1607		72327		1768
522		1607		72327		1768
523		1607		72327		1768
524		1607		72327		1768
525		1607		72327		1768
526		1607		72327		1768
527		1607		72327		1768
528		1607		72327		1768
529		1607		72327		1768
530		1607		72327		1768
531		1607		72327		1768
532		1607		72327		1768
533		1607		72327		1768
534		1607		72327		1768
535		1607		72327		1768
536		1607		72327		1768
537		1607		72327		1768
538		1607		72327		1768
539		1607		72327		1768
540		1607		72327		1768
541		1607		72327		1768
542		1607		72327		1768
543		1607		72327		1768
544		1607		72327		1768
545		1607		72327		1768
546		1607		72327		1768
547		1607		72327		1768
548		1607		72327		1768
549		1607		72327		1768
550		1607		72327		1768
551		1607		72327		1768
552		1607		72327		1768
553		1607		72327		1768
554		1607		72327		1768
555		1607		72327		1768
556		1607		72327		1768
557		1607		72327		1768
558		1607		72327		1768
559		1607		72327		1768
560		1607		72327		1768
561		1607		72327		1768
562		1607		72327		1768
563		1607		72327		1768
564		1607		72327		1768
565		1607		72327		1768
566		1607		72327		1768
567		1607		72327		1768
568		1607		72327		1768
569		1607		72327		1768
570		1607		72327		1768
571		1607		72327		1768
572		1607		72327		1768
573		1607		72327		1768
574		1607		72327		1768
575		1607		72327		1768
576		1607		72327		1768
577		1607		72327		1768
578		1607		72327		1768
579		1607		72327		1768
580		1607		72327		1768
581		1607		72327		1768
582		1607		72327		1768
583		1607		72327		1768
584		1607		72327		1768
585		1607		72327		1768
586		1607		72327		1768
587		1607		72327		1768
588		1607		72327		1768
589		1607		72327		1768
590		1607		72327		1768
591		1607		72327		1768
592		1607		72327		1768
593		1607		72327		1768
594		1607		72327		1768
595		1607		72327		1768
596		1607		72327		1768
597		1607		72327		1768
598		1607		72327		1768
599		1607		72327		1768
600		1607		72327		1768
601		1607		72327		1768
602		1607		72327		1768
603		1607		72327		1768
604		1607		72327		1768
605		1607		72327		1768
606		1607		72327		1768
607		1607		72327		1768
608		1607		72327		1768
609		1607		72327		1768
610		1607		72327		1768
611		1607		72327		1768
612		1607		72327		1768
613		1607		72327		1768
614		1607		72327		1768
615		1607		72327		1768
616		1607		72327		1768
617		1607		72327		1768
618		1607		72327		1768
619		1607		72327		1768
620		1607		72327		1768
621		1607		72327		1768
622		1607		72327		1768
623		1607		72327		1768
624		1607		72327		1768
625		1607		72327		1768
626		1607		72327		1768
627		1607		72327		1768
628		1607		72327		1768
629		1608		72328		1767
630		1608		72328		1767
631		1608		72329		1767
632		1608		72329		1767
633		1608		72329		1767
634		1608		72329		1767
635		1608		72329		1767
636		1608		72329		1767
637		1608		72329		1767
638		1608		72329		1767
639		1608		72329		1767
640		1608		72329		1767
641		1608		72329		1767
642		1608		72329		1767
643		1607		72330		1767
644		1607		72330		1767
645		1607		72330		1767
646		1607		72330		1767
647		1607		72330		1767
648		1607		72330		1767
649		1607		72330		1767
650		1607		72330		1767
651		1607		72330		1767
652		1607		72330		1767
653		1607		72330		1767
654		1607		72330		1767
655		1607		72330		1767
656		1607		72330		1767
657		1607		72330		1767
658		1607		72330		1767
659		1607		72330		1767
660		1607		72330		1767
661		1607		72330		1767
662		1607		72330		1767
663		1607		72330		1767
664		1607		72330		1767
665		1607		72330		1767
666		1607		72330		1767
667		1607		72330		1767
668		1607		72330		1767
669		1607		72330		1767
670		1607		72330		1767
671		1607		72330		1767
672		1607		72330		1767
673		1607		72330		1767
674		1607		72330		1767
675		1607		72330		1767
676		1607		72330		1767
677		1607		72330		1767
678		1607		72330		1767
679		1607		72330		1767
680		1607		72330		1767
681		1607		72330		1767
682		1607		72330		1767
683		1607		72330		1767
684		1607		72330		1767
685		1607		72330		1767
686		1607		72330		1767
687		1607		72330		1767
688		1607		72330		1767
689		1607		72330		1767
690		1607		72330		1767
691		1607		72330		1767
692		1607		72330		1767
693		1607		72330		1767
694		1607		72330		1767
695		1607		72330		1767
696		1607		72330		1767
697		1607		72330		1767
698		1607		72330		1767
699		1607		72330		1767
700		1606		72331		1767
701		1606		72331		1767
702		1606		72331		1767
703		1606		72331		1767
704		1606		72331		1767
705		1606		72331		1767
706		1606		72331		1767
707		1606		72331		1767
708		1606		72331		1767
709		1606		72331		1767
710		1606		72331		1767
711		1606		72331		1767
712		1606		72331		1767
713		1606		72331		1767
714		1606		72331		1767
715		1606		72331		1767
716		1606		72331		1767
717		1606		72331		1767
718		1606		72331		1767
719		1606		72331		1767
720		1606		72331		1767
721		1606		72331		1767
722		1606		72331		1767
723		1606		72331		1767
724		1606		72331		1767
725		1606		72331		1767
726		1606		72331		1767
727		1606		72331		1767
728		1606		72331		1767
729		1606		72331		1767
730		1606		72331		1767
731		1606		72331		1767
732		1606		72331		1767
733		1606		72331		1767
734		1606		72331		1767
735		1606		72331		1767
736		1606		72331		1767
737		1606		72331		1767
738		1606		72331		1767
739		1606		72331		1767
740		1606		72331		1767
741		1606		72331		1767
742		1606		72331		1767
743		1606		72331		1767
744		1606		72331		1767
745		1606		72331		1767
746		1606		72331		1767
747		1606		72331		1767
748		1606		72331		1767
749		1606		72331		1767
750		1606		72331		1767
751		1606		72331		1767
752		1606		72331		1767
753		1606		72331		1767
754		1606		72331		1767
755		1606		72331		1767
756		1606		72331		1767
757		1606		72331		1767
758		1606		72331		1767
759		1606		72331		1767
760		1606		72331		1767
761		1606		72331		1767
762		1606		72331		1767
763		1606		72331		1767
764		1606		72331		1767
765		1606		72331		1767
766		1606		72331		1767
767		1606		72331		1767
768		1606		72331		1767
769		1606		72331		1767
770		1606		72331		1767
771		1606		72331		1767
772		1606		72331		1767
773		1606		72331		1767
774		1606		72331		1767
775		1606		72331		1767
776		1606		72331		1767
777		1606		72331		1767
778		1606		72331		1767
779		1606		72331		1767
780		1606		72331		1767
781		1606		72331		1767
782		1606		72331		1767
783		1606		72331		1767
784		1606		72331		1767
785		1606		72331		1767
786		1606		72331		1767
787		1606		72331		1767
788		1606		72331		1767
789		1606		72331		1767
790		1606		72331		1767
791		1606		72331		1767
792		1606		72331		1767
793		1606		72331		1767
794		1606		72331		1767
795		1606		72331		1767
796		1606		72331		1767
797		1606		72331		1767
798		1606		72331		1767
799		1606		72331		1767
800		1606		72331		1767
801		1606		72331		1767
802		1606		72331		1767
803		1606		72331		1767
804		1606		72331		1767
805		1606		72331		1767
806		1606		72331		1767
807		1606		72331		1767
808		1606		72331		1767
809		1606		72331		1767
810		1606		72331		1767
811		1606		72331		1767
812		1606		72331		1767
813		1606		72331		1767
814		1606		72331		1767
815		1606		72331		1767
816		1606		72331		1767
817		1606		72331		1767
818		1606		72331		1767
819		1606		72331		1767
820		1606		72331		1767
821		1606		72331		1767
822		1606		72331		1767
823		1606		72331		1767
824		1606		72331		1767
825		1606		72331		1767
826		1606		72331		1767
827		1606		72331		1767
828		1606		72331		1767
829		1606		72331		1767
830		1606		72331		1767
831		1606		72331		1767
832		1606		72331		1767
833		1606		72331		1767
834		1606		72331		1767
835		1606		72331		1767
836		1606		72331		1767
837		1606		72331		1767
838		1606		72331		1767
839		1606		72331		1767
840		1606		72331		1767
841		1606		72331		1767
842		1606		72331		1767
843		1606		72331		1767
844		1606		72331		1767
845		1606		72331		1767
846		1606		72331		1767
847		1606		72331		1767
848		1606		72331		1767
849		1606		72331		1767
850		1606		72331		1767
851		1606		72331		1767
852		1606		72331		1767
853		1606		72331		1767
854		1606		72331		1767
855		1606		72331		1767
856		1606		72331		1767
857		1606		72331		1767
858		1606		72331		1767
859		1606		72331		1767
860		1606		72331		1767
861		1606		72331		1767
862		1606		72331		1767
863		1606		72331		1767
864		1606		72331		1767
865		1606		72331		1767
866		1606		72331		1767
867		1606		72331		1767
868		1606		72331		1767
869		1606		72331		1767
870		1606		72331		1767
871		1606		72331		1767
872		1606		72331		1767
873		1606		72331		1767
874		1606		72331		1767
875		1606		72331		1767
876		1606		72331		1767
877		1606		72331		1767
878		1606		72331		1767
879		1606		72331		1767
880		1606		72331		1767
881		1606		72331		1767
882		1606		72331		1767
883		1606		72331		1767
884		1606		72331		1767
885		1606		72331		1767
886		1606		72331		1767
887		1606		72331		1767
888		1606		72331		1767
889		1606		72331		1767
890		1606		72331		1767
891		1606		72331		1767
892		1606		72331		1767
893		1606		72331		1767
894		1606		72331		1767
895		1606		72331		1767
896		1606		72331		1767
897		1606		72331		1767
898		1606		72331		1767
899		1606		72331		1767
900		1606		72331		1767
901		1606		72331		1767
902		1606		72331		1767
903		1606		72331		1767
904		1606		72331		1767
905		1606		72331		1767
906		1606		72331		1767
907		1606		72331		1767
908		1606		72331		1767
909		1606		72331		1767
910		1606		72331		1767
911		1606		72331		1767
912		1606		72331		1767
913		1606		72331		1767
914		1606		72331		1767
915		1606		72331		1767
916		1606		72331		1767
917		1606		72331		1767
918		1606		72331		1767
919		1606		72331		1767
920		1606		72331		1767
921		1606		72331		1767
922		1606		72331		1767
923		1606		72331		1767
924		1606		72331		1767
925		1606		72331		1767
926		1606		72331		1767
927		1606		72331		1767
928		1606		72331		1767
929		1606		72331		1767
930		1606		72331		1767
931		1606		72331		1767
932		1606		72331		1767
933		1606		72331		1767
934		1606		72331		1767
935		1606		72331		1767
936		1606		72331		1767
937		1606		72331		1767
938		1606		72331		1767
939		1606		72331		1767
940		1606		72331		1767
941		1606		72331		1767
942		1606		72331		1767
943		1606		72331		1767
944		1606		72331		1767
945		1606		72331		1767
946		1606		72331		1767
947		1606		72331		1767
948		1606		72331		1767
949		1606		72331		1767
950		1606		72331		1767
951		1606		72331		1767
952		1606		72331		1767
953		1606		72331		1767
954		1606		72331		1767
955		1606		72331		1767
956		1606		72331		1767
957		1606		72331		1767
958		1606		72331		1767
959		1606		72331		1767
960		1606		72331		1767
961		1606		72331		1767
962		1606		72331		1767
963		1606		72331		1767
964		1606		72331		1767
965		1606		72331		1767
966		1606		72331		1767
967		1606		72331		1767
968		1606		72331		1767
969		1606		72331		1767
970		1606		72331		1767
971		1606		72331		1767
972		1606		72331		1767
973		1606		72331		1767
974		1606		72331		1767
975		1606		72331		1767
976		1606		72331		1767
977		1606		72331		1767
978		1606		72331		1767
979		1606		72331		1767
980		1606		72331		1767
981		1606		72331		1767
982		1606		72331		1767
983		1606		72331		1767
984		1606		72331		1767
985		1606		72331		1767
986		1606		72331		1767
987		1606		72331		1767
988		1606		72331		1767
989		1606		72331		1767
990		1606		72331		1767
991		1606		72331		1767
992		1606		72331		1767
993		1606		72331		1767
994		1606		72331		1767
995		1606		72331		1767
996		1606		72331		1767
997		1606		72331		1767
998		1606		72331		1767
999		1606		72331		1767
