# Migration is number of nodes that have changed color.

Round		Edge-Cut		Swaps		Migrations		Skipped
0		4436		2297		1555
1		3892		4509		1710
2		3692		6682		1757
3		3530		8832		1765
4		3431		10972		1778
5		3341		13070		1771
6		3306		15136		1781
7		3216		17211		1759
8		3183		19279		1776
9		3159		21317		1765
10		3131		23403		1808
11		3077		25456		1798
12		3024		27487		1810
13		2954		29513		1796
14		2977		31560		1772
15		2947		33564		1783
16		2918		35598		1774
17		2912		37608		1787
18		2918		39606		1778
19		2903		41600		1790
20		2842		43597		1798
21		2837		45610		1795
22		2816		47618		1806
23		2812		49620		1813
24		2799		51606		1797
25		2767		53625		1819
26		2746		55600		1794
27		2718		57563		1817
28		2708		59577		1808
29		2711		61583		1800
30		2653		63593		1792
31		2623		65597		1802
32		2622		67579		1792
33		2604		69552		1790
34		2593		71498		1811
35		2570		73458		1792
36		2546		75425		1835
37		2538		77407		1777
38		2536		79382		1809
39		2505		81388		1772
40		2500		83365		1811
41		2487		85368		1772
42		2480		87371		1780
43		2458		89343		1779
44		2443		91311		1778
45		2424		93278		1768
46		2411		95282		1757
47		2410		97270		1786
48		2414		99232		1791
49		2409		101213		1785
50		2424		103207		1799
51		2435		105236		1773
52		2409		107250		1783
53		2395		109242		1785
54		2387		111224		1777
55		2373		113222		1774
56		2355		115202		1793
57		2342		117204		1805
58		2326		119203		1787
59		2334		121185		1804
60		2332		123164		1768
61		2331		125159		1804
62		2344		127152		1792
63		2341		129141		1796
64		2316		131156		1788
65		2321		133125		1791
66		2323		135118		1795
67		2313		137123		1798
68		2294		139122		1792
69		2281		141116		1760
70		2296		143128		1783
71		2281		145125		1798
72		2274		147147		1785
73		2280		149139		1790
74		2248		151110		1776
75		2246		153103		1775
76		2219		155090		1772
77		2230		157081		1777
78		2235		159072		1780
79		2236		161070		1779
80		2249		163068		1786
81		2270		165062		1784
82		2266		167065		1759
83		2259		169071		1768
84		2250		171058		1775
85		2245		173062		1792
86		2248		175077		1793
87		2239		177105		1757
88		2254		179152		1778
89		2245		181173		1759
90		2246		183198		1757
91		2239		185215		1782
92		2247		187221		1791
93		2229		189244		1783
94		2225		191227		1787
95		2238		193264		1787
96		2232		195260		1774
97		2208		197257		1808
98		2225		199289		1783
99		2213		201316		1790
100		2205		203330		1792
101		2228		205323		1798
102		2216		207352		1789
103		2220		209390		1785
104		2210		211409		1794
105		2230		213451		1771
106		2204		215453		1774
107		2211		217463		1785
108		2223		219457		1768
109		2209		221457		1773
110		2227		223497		1765
111		2198		225492		1766
112		2190		227505		1767
113		2173		229510		1792
114		2154		231525		1794
115		2168		233546		1803
116		2172		235577		1788
117		2157		237606		1789
118		2148		239619		1805
119		2137		241635		1794
120		2122		243672		1801
121		2118		245688		1798
122		2114		247709		1799
123		2144		249707		1783
124		2143		251711		1783
125		2117		253698		1801
126		2119		255708		1782
127		2129		257714		1785
128		2127		259716		1792
129		2133		261690		1796
130		2118		263718		1790
131		2126		265726		1809
132		2115		267748		1792
133		2129		269736		1793
134		2124		271760		1788
135		2118		273756		1784
136		2126		275784		1795
137		2120		277848		1798
138		2117		279856		1804
139		2114		281860		1790
140		2109		283873		1799
141		2105		285883		1778
142		2096		287883		1796
143		2090		289889		1793
144		2090		291894		1797
145		2078		293897		1777
146		2070		295910		1778
147		2071		297944		1776
148		2071		299991		1803
149		2066		302023		1795
150		2054		304035		1778
151		2043		306038		1797
152		2058		308040		1790
153		2056		310069		1790
154		2048		312062		1789
155		2055		314103		1801
156		2072		316115		1770
157		2072		318142		1786
158		2083		320155		1793
159		2065		322194		1799
160		2063		324200		1793
161		2060		326224		1800
162		2068		328225		1795
163		2062		330236		1798
164		2046		332257		1799
165		2078		334274		1817
166		2061		336263		1799
167		2042		338269		1787
168		2061		340284		1799
169		2066		342307		1799
170		2058		344348		1810
171		2072		346371		1790
172		2063		348392		1786
173		2079		350417		1795
174		2065		352419		1795
175		2049		354439		1801
176		2068		356465		1815
177		2054		358498		1814
178		2066		360530		1808
179		2064		362545		1813
180		2062		364556		1811
181		2070		366568		1796
182		2055		368602		1812
183		2059		370624		1801
184		2058		372657		1785
185		2054		374669		1782
186		2044		376686		1803
187		2063		378703		1800
188		2061		380724		1803
189		2052		382747		1820
190		2063		384763		1785
191		2066		386770		1795
192		2053		388780		1803
193		2051		390776		1816
194		2044		392794		1806
195		2043		394822		1801
196		2036		396822		1807
197		2041		398829		1799
198		2036		400832		1803
199		2035		402820		1798
200		2046		404835		1800
201		2024		406851		1812
202		2012		408863		1797
203		2008		410905		1816
204		2010		412880		1804
205		1993		414847		1802
206		2011		416859		1814
207		1997		418850		1815
208		1988		420846		1794
209		1984		422867		1796
210		1982		424861		1793
211		1976		426882		1812
212		1968		428899		1808
213		1968		430914		1802
214		1981		432937		1801
215		1976		434949		1796
216		1978		436957		1798
217		1979		438965		1804
218		1966		440980		1807
219		1978		442957		1802
220		1987		444947		1808
221		1990		446958		1801
222		1981		448939		1792
223		1992		450959		1801
224		1997		452977		1790
225		1978		454978		1805
226		1982		456961		1815
227		1984		458983		1795
228		1977		460997		1812
229		1976		463021		1791
230		1968		465017		1808
231		1967		467025		1803
232		1968		469022		1810
233		1982		471016		1798
234		1971		473046		1822
235		1986		475033		1801
236		1991		477041		1823
237		1987		479063		1817
238		1991		481071		1819
239		1976		483084		1815
240		1973		485100		1807
241		1969		487120		1818
242		1977		489172		1807
243		2007		491178		1805
244		2001		493186		1803
245		1987		495218		1808
246		1987		497250		1794
247		1987		499248		1805
248		1989		501262		1806
249		1982		503295		1793
250		1983		505317		1797
251		1981		507335		1802
252		1991		509316		1813
253		1987		511321		1807
254		1997		513323		1807
255		1995		515345		1805
256		1990		517356		1806
257		2014		519380		1820
258		1999		521368		1809
259		2017		523382		1818
260		2023		525399		1798
261		2021		527399		1804
262		2032		529388		1807
263		2027		531400		1790
264		2049		533422		1806
265		2049		535457		1800
266		2049		537481		1802
267		2038		539459		1801
268		2044		541444		1801
269		2044		543448		1808
270		2044		545472		1815
271		2026		547477		1810
272		2049		549452		1811
273		2043		551469		1801
274		2063		553492		1800
275		2040		555518		1804
276		2054		557523		1812
277		2061		559520		1797
278		2043		561529		1800
279		2053		563538		1783
280		2046		565514		1796
281		2063		567511		1795
282		2057		569497		1801
283		2046		571504		1785
284		2043		573532		1794
285		2044		575529		1792
286		2060		577540		1819
287		2065		579540		1784
288		2059		581557		1796
289		2063		583574		1792
290		2066		585576		1790
291		2073		587589		1797
292		2061		589615		1802
293		2067		591618		1805
294		2077		593639		1801
295		2074		595633		1786
296		2061		597650		1791
297		2064		599657		1785
298		2057		601678		1787
299		2061		603674		1782
300		2058		605705		1797
301		2054		607715		1795
302		2072		609736		1805
303		2076		611747		1797
304		2073		613732		1793
305		2060		615743		1808
306		2058		617767		1790
307		2049		619778		1804
308		2040		621794		1795
309		2043		623799		1788
310		2061		625823		1791
311		2074		627837		1806
312		2051		629823		1799
313		2053		631816		1805
314		2052		633855		1799
315		2067		635854		1802
316		2050		637870		1809
317		2054		639856		1795
318		2040		641848		1794
319		2039		643841		1800
320		2039		645867		1797
321		2047		647862		1792
322		2026		649868		1794
323		2041		651877		1805
324		2026		653891		1795
325		2039		655913		1792
326		2033		657930		1800
327		2040		659929		1785
328		2043		661948		1794
329		2029		663939		1793
330		2040		665970		1787
331		2029		667990		1797
332		2013		669971		1794
333		2025		671988		1800
334		2022		674028		1783
335		2029		676032		1774
336		2016		678052		1784
337		2009		680067		1785
338		2036		682090		1782
339		2032		684108		1804
340		2019		686135		1793
341		2027		688126		1795
342		2018		690137		1799
343		2021		692150		1790
344		2019		694167		1792
345		2023		696172		1810
346		2007		698192		1792
347		2016		700218		1797
348		2033		702270		1810
349		2045		704301		1808
350		2021		706324		1798
351		2028		708331		1803
352		2051		710380		1807
353		2046		712399		1778
354		2058		714416		1804
355		2061		716432		1805
356		2071		718466		1793
357		2055		720502		1813
358		2053		722518		1817
359		2059		724516		1812
360		2053		726511		1813
361		2044		728517		1814
362		2051		730564		1815
363		2049		732547		1802
364		2042		734551		1819
365		2037		736549		1811
366		2039		738540		1808
367		2041		740573		1821
368		2019		742572		1813
369		2037		744576		1806
370		2026		746611		1816
371		2041		748597		1817
372		2029		750633		1818
373		2049		752617		1814
374		2031		754636		1812
375		2027		756657		1800
376		2037		758689		1803
377		2037		760728		1817
378		2011		762737		1815
379		2031		764762		1815
380		2006		766775		1823
381		2015		768783		1813
382		2018		770803		1802
383		2001		772807		1808
384		2005		774823		1822
385		2015		776837		1823
386		2018		778846		1821
387		2000		780843		1809
388		2003		782857		1822
389		1999		784855		1809
390		2004		786872		1804
391		2015		788903		1818
392		2015		790893		1801
393		2024		792916		1801
394		2030		794930		1823
395		2036		796951		1822
396		2032		798983		1795
397		2037		801034		1807
398		2039		803055		1807
399		2028		805044		1812
400		2027		807050		1801
401		2040		809047		1800
402		2040		811065		1792
403		2050		813091		1795
404		2062		815096		1813
405		2066		817094		1809
406		2065		819107		1788
407		2037		821130		1806
408		2039		823138		1798
409		2048		825163		1816
410		2028		827164		1825
411		2019		829184		1822
412		2009		831215		1809
413		2027		833225		1806
414		2021		835227		1809
415		2018		837249		1809
416		2033		839270		1811
417		2038		841282		1801
418		2026		843322		1786
419		2039		845315		1786
420		2022		847353		1779
421		2012		849358		1789
422		2011		851395		1782
423		2015		853431		1769
424		2021		855450		1790
425		2029		857473		1781
426		2019		859491		1789
427		1997		861478		1794
428		2007		863512		1781
429		2015		865533		1781
430		2017		867524		1774
431		2014		869518		1779
432		2005		871530		1791
433		2005		873519		1797
434		2031		875520		1777
435		2023		877543		1782
436		2021		879568		1783
437		2025		881601		1777
438		2030		883614		1795
439		2031		885654		1805
440		2020		887657		1796
441		2020		889673		1783
442		2009		891684		1784
443		2006		893724		1764
444		2031		895731		1795
445		2011		897756		1786
446		2002		899780		1789
447		1988		901807		1795
448		1996		903817		1789
449		1986		905845		1792
450		1984		907863		1780
451		1997		909891		1781
452		1984		911906		1781
453		1985		913941		1777
454		1978		915960		1773
455		1991		917999		1770
456		1978		920005		1763
457		1989		922028		1778
458		1994		924041		1776
459		1992		926044		1780
460		1990		928054		1771
461		1996		930079		1780
462		1992		932096		1772
463		1977		934098		1783
464		1972		936135		1768
465		1995		938123		1774
466		1987		940139		1774
467		1971		942169		1774
468		1995		944181		1788
469		2002		946195		1770
470		1993		948226		1771
471		1987		950254		1772
472		2006		952255		1796
473		2009		954295		1793
474		2005		956297		1779
475		2009		958320		1777
476		1988		960345		1758
477		1991		962354		1773
478		1979		964382		1778
479		1990		966409		1761
480		1977		968441		1779
481		1980		970473		1769
482		1981		972510		1780
483		1969		974544		1776
484		1964		976529		1775
485		1960		978555		1780
486		1958		980584		1774
487		1982		982635		1769
488		1980		984664		1781
489		1969		986685		1780
490		1958		988719		1791
491		1967		990746		1783
492		1968		992766		1786
493		1963		994794		1786
494		1965		996807		1782
495		1981		998822		1789
496		1979		1000830		1782
497		1985		1002861		1791
498		1975		1004905		1785
499		1984		1006930		1786
500		1996		1008945		1773
501		1984		1010956		1782
502		1970		1012972		1790
503		1987		1014990		1783
504		1983		1017001		1783
505		1989		1019007		1779
506		1966		1021008		1775
507		1971		1023020		1778
508		1959		1025059		1766
509		1970		1027072		1782
510		1964		1029092		1782
511		1961		1031133		1792
512		1957		1033150		1786
513		1961		1035155		1773
514		1957		1037172		1773
515		1960		1039179		1779
516		1951		1041183		1786
517		1947		1043177		1801
518		1948		1045190		1799
519		1952		1047208		1786
520		1944		1049221		1801
521		1949		1051242		1807
522		1950		1053269		1789
523		1954		1055272		1801
524		1944		1057315		1804
525		1961		1059350		1790
526		1944		1061364		1787
527		1959		1063405		1792
528		1950		1065457		1784
529		1959		1067457		1778
530		1964		1069482		1776
531		1960		1071499		1784
532		1958		1073500		1772
533		1947		1075518		1778
534		1941		1077534		1780
535		1959		1079547		1784
536		1978		1081586		1785
537		1966		1083587		1778
538		1971		1085616		1773
539		1971		1087648		1786
540		1957		1089681		1799
541		1965		1091707		1790
542		1955		1093727		1789
543		1982		1095740		1791
544		1958		1097770		1791
545		1952		1099795		1786
546		1974		1101846		1790
547		1979		1103852		1792
548		1959		1105877		1782
549		1968		1107925		1776
550		1965		1109973		1779
551		1958		1112002		1777
552		1947		1114041		1783
553		1947		1116053		1785
554		1958		1118093		1786
555		1969		1120118		1787
556		1961		1122142		1767
557		1950		1124184		1776
558		1954		1126232		1778
559		1950		1128264		1793
560		1957		1130265		1779
561		1942		1132285		1770
562		1965		1134322		1767
563		1965		1136349		1776
564		1977		1138368		1774
565		1974		1140399		1776
566		1971		1142444		1796
567		1979		1144468		1780
568		1994		1146479		1791
569		1988		1148513		1780
570		1989		1150524		1785
571		1983		1152535		1776
572		1978		1154527		1784
573		1967		1156538		1780
574		1961		1158564		1783
575		1964		1160604		1796
576		1959		1162646		1779
577		1958		1164712		1777
578		1975		1166733		1784
579		1970		1168764		1795
580		1970		1170815		1783
581		1967		1172850		1794
582		1961		1174870		1764
583		1973		1176893		1785
584		1962		1178929		1796
585		1963		1180962		1779
586		1967		1182989		1798
587		1965		1185013		1791
588		1954		1187053		1785
589		1966		1189084		1779
590		1953		1191113		1793
591		1964		1193123		1793
592		1954		1195154		1796
593		1967		1197176		1781
594		1960		1199191		1802
595		1968		1201222		1789
596		1952		1203253		1797
597		1974		1205268		1780
598		1975		1207288		1788
599		1976		1209326		1793
600		1972		1211353		1794
601		1986		1213381		1796
602		1976		1215381		1801
603		1989		1217428		1802
604		1966		1219442		1802
605		1970		1221485		1805
606		1988		1223549		1806
607		1984		1225564		1801
608		1987		1227593		1789
609		1986		1229628		1793
610		1990		1231679		1791
611		1978		1233695		1797
612		1973		1235751		1796
613		1982		1237757		1794
614		1990		1239788		1793
615		1987		1241794		1805
616		1983		1243865		1787
617		1994		1245889		1796
618		1992		1247897		1784
619		1990		1249943		1800
620		1977		1251943		1794
621		1984		1253963		1800
622		1985		1255952		1794
623		1994		1257946		1803
624		1984		1259955		1800
625		1985		1261985		1800
626		1988		1264027		1790
627		1977		1266057		1796
628		1988		1268084		1785
629		1988		1270108		1794
630		2002		1272157		1807
631		1983		1274162		1809
632		1978		1276183		1798
633		1982		1278176		1803
634		1982		1280190		1802
635		1994		1282221		1808
636		1979		1284242		1803
637		1971		1286273		1805
638		1974		1288270		1824
639		1984		1290279		1800
640		1971		1292313		1801
641		1969		1294332		1789
642		1971		1296372		1795
643		1956		1298396		1791
644		1970		1300413		1801
645		1966		1302462		1797
646		1971		1304481		1785
647		1970		1306495		1799
648		1983		1308543		1795
649		1972		1310587		1797
650		1975		1312615		1794
651		1979		1314644		1793
652		1988		1316653		1785
653		1995		1318685		1802
654		1986		1320706		1792
655		2004		1322724		1796
656		1985		1324738		1789
657		1972		1326759		1791
658		1974		1328795		1799
659		1973		1330816		1792
660		1972		1332843		1804
661		1980		1334840		1796
662		1956		1336858		1818
663		1968		1338870		1801
664		1971		1340898		1806
665		1963		1342917		1795
666		1975		1344946		1812
667		1960		1346968		1813
668		1946		1348966		1799
669		1951		1350984		1807
670		1942		1353021		1802
671		1941		1355032		1795
672		1945		1357062		1803
673		1939		1359095		1798
674		1950		1361105		1815
675		1959		1363121		1805
676		1942		1365160		1793
677		1942		1367205		1788
678		1938		1369226		1787
679		1932		1371267		1805
680		1935		1373277		1785
681		1956		1375315		1785
682		1963		1377339		1785
683		1943		1379329		1790
684		1956		1381379		1803
685		1952		1383354		1791
686		1975		1385367		1797
687		1966		1387399		1795
688		1971		1389414		1796
689		1977		1391455		1805
690		1979		1393452		1789
691		1959		1395485		1788
692		1970		1397506		1790
693		1978		1399526		1792
694		1967		1401569		1811
695		1981		1403600		1793
696		1981		1405619		1803
697		1987		1407636		1798
698		1981		1409679		1801
699		1968		1411705		1796
700		1980		1413728		1788
701		1994		1415764		1789
702		1988		1417794		1791
703		1985		1419803		1805
704		1992		1421813		1783
705		1974		1423879		1798
706		1986		1425910		1791
707		2009		1427920		1789
708		1992		1429943		1785
709		1990		1431969		1794
710		1996		1433990		1800
711		2002		1436008		1805
712		2013		1438040		1792
713		2009		1440062		1796
714		2010		1442078		1812
715		2010		1444088		1800
716		2014		1446121		1797
717		1999		1448096		1803
718		2006		1450139		1792
719		2006		1452184		1792
720		2005		1454203		1801
721		1987		1456213		1806
722		1990		1458224		1816
723		1998		1460257		1799
724		1980		1462258		1807
725		2002		1464314		1810
726		2007		1466339		1800
727		1990		1468347		1824
728		1992		1470339		1805
729		1982		1472387		1807
730		1985		1474428		1814
731		1983		1476457		1794
732		1993		1478481		1779
733		1973		1480509		1803
734		1981		1482533		1804
735		1981		1484554		1799
736		1980		1486584		1800
737		1990		1488615		1799
738		1985		1490630		1805
739		1999		1492647		1784
740		1990		1494690		1801
741		1978		1496720		1801
742		1982		1498738		1815
743		1966		1500757		1816
744		1961		1502804		1808
745		1968		1504813		1793
746		1972		1506843		1797
747		1973		1508850		1792
748		1982		1510872		1810
749		1985		1512879		1804
750		1996		1514903		1795
751		1989		1516937		1808
752		1982		1518987		1806
753		1989		1521015		1819
754		1986		1523046		1813
755		1980		1525068		1818
756		1980		1527091		1805
757		1975		1529133		1805
758		1979		1531168		1802
759		1983		1533190		1806
760		1985		1535219		1810
761		1966		1537248		1803
762		1975		1539277		1804
763		1971		1541318		1800
764		1951		1543337		1800
765		1955		1545373		1806
766		1955		1547411		1821
767		1958		1549423		1805
768		1965		1551440		1808
769		1951		1553462		1809
770		1948		1555512		1798
771		1939		1557538		1810
772		1938		1559533		1800
773		1935		1561562		1814
774		1948		1563575		1805
775		1943		1565607		1802
776		1954		1567638		1786
777		1968		1569695		1793
778		1950		1571739		1794
779		1962		1573794		1810
780		1951		1575837		1791
781		1971		1577875		1800
782		1967		1579916		1789
783		1968		1581959		1783
784		1979		1583959		1797
785		1961		1585997		1785
786		1964		1587999		1796
787		1955		1590035		1793
788		1957		1592069		1784
789		1952		1594117		1786
790		1954		1596142		1797
791		1963		1598135		1789
792		1960		1600150		1792
793		1965		1602160		1796
794		1945		1604201		1804
795		1970		1606240		1814
796		1953		1608229		1803
797		1947		1610295		1805
798		1947		1612317		1801
799		1952		1614342		1804
800		1969		1616367		1806
801		1946		1618397		1803
802		1957		1620410		1796
803		1947		1622445		1786
804		1952		1624461		1801
805		1961		1626473		1802
806		1970		1628507		1799
807		1977		1630550		1790
808		1972		1632598		1790
809		1980		1634644		1793
810		1969		1636655		1785
811		1967		1638663		1793
812		1966		1640714		1786
813		1963		1642768		1794
814		1966		1644809		1781
815		1973		1646834		1794
816		1976		1648867		1804
817		1979		1650918		1797
818		1988		1652954		1797
819		1996		1654983		1809
820		2002		1657032		1790
821		2003		1659068		1790
822		1981		1661101		1805
823		1988		1663121		1799
824		2008		1665146		1809
825		2003		1667161		1801
826		2024		1669159		1788
827		1998		1671169		1787
828		1999		1673184		1800
829		1993		1675203		1800
830		1983		1677231		1804
831		1968		1679259		1795
832		1966		1681275		1801
833		1974		1683297		1790
834		1976		1685328		1806
835		1981		1687344		1801
836		1982		1689384		1810
837		1988		1691407		1798
838		1992		1693459		1802
839		1995		1695510		1777
840		1984		1697580		1806
841		1984		1699635		1813
842		1976		1701653		1791
843		1976		1703698		1777
844		1985		1705705		1789
845		1976		1707733		1801
846		2000		1709756		1782
847		1997		1711768		1806
848		1983		1713798		1815
849		1984		1715825		1791
850		1991		1717843		1800
851		2004		1719844		1797
852		1998		1721873		1795
853		2013		1723916		1798
854		2011		1725952		1784
855		2023		1728012		1785
856		1999		1730018		1789
857		2011		1732043		1794
858		2004		1734045		1795
859		2014		1736048		1775
860		1999		1738075		1793
861		1994		1740101		1794
862		1995		1742155		1803
863		1990		1744193		1803
864		1994		1746229		1792
865		1980		1748231		1812
866		1982		1750244		1795
867		1980		1752276		1781
868		1980		1754312		1798
869		1991		1756355		1810
870		1990		1758402		1798
871		1975		1760431		1795
872		1973		1762445		1809
873		1991		1764494		1798
874		1992		1766529		1789
875		2005		1768567		1796
876		2003		1770634		1818
877		2008		1772651		1803
878		2013		1774679		1807
879		2009		1776690		1806
880		2018		1778737		1809
881		2004		1780787		1791
882		2024		1782819		1784
883		2013		1784843		1805
884		2024		1786864		1789
885		2019		1788909		1786
886		2007		1790930		1777
887		2000		1792959		1788
888		2031		1795003		1804
889		2005		1797015		1791
890		1990		1799043		1781
891		2001		1801085		1792
892		1997		1803127		1782
893		2019		1805115		1789
894		2013		1807125		1786
895		2015		1809158		1782
896		2027		1811164		1787
897		2037		1813156		1773
898		2018		1815186		1783
899		2016		1817196		1785
900		2023		1819217		1791
901		2019		1821240		1797
902		2010		1823267		1790
903		2030		1825323		1776
904		2026		1827349		1791
905		2016		1829360		1768
906		2013		1831419		1781
907		2016		1833422		1764
908		2019		1835463		1785
909		2028		1837483		1785
910		2027		1839533		1770
911		2020		1841561		1773
912		2011		1843587		1763
913		2015		1845634		1772
914		2029		1847665		1757
915		2016		1849716		1785
916		2001		1851753		1787
917		2009		1853778		1766
918		2020		1855803		1782
919		2014		1857828		1774
920		2016		1859847		1770
921		2024		1861862		1781
922		2022		1863931		1780
923		1994		1865963		1782
924		2014		1867979		1791
925		2015		1870020		1790
926		2014		1872038		1805
927		2005		1874084		1780
928		2001		1876096		1779
929		2008		1878147		1792
930		1991		1880193		1800
931		1999		1882215		1780
932		2010		1884226		1789
933		2024		1886265		1790
934		1993		1888303		1799
935		1995		1890323		1776
936		1990		1892335		1797
937		1999		1894365		1780
938		1993		1896407		1779
939		1985		1898431		1773
940		1975		1900480		1780
941		1982		1902492		1784
942		1979		1904511		1774
943		1973		1906525		1784
944		1993		1908553		1791
945		1984		1910543		1794
946		1983		1912571		1777
947		1992		1914569		1790
948		1975		1916603		1797
949		1992		1918636		1786
950		1980		1920662		1791
951		1985		1922704		1787
952		1993		1924740		1785
953		1981		1926762		1790
954		1985		1928797		1788
955		1971		1930836		1782
956		1964		1932866		1775
957		1966		1934905		1792
958		1978		1936934		1794
959		1974		1938976		1786
960		1981		1941020		1789
961		1990		1943031		1790
962		1986		1945072		1779
963		1972		1947094		1776
964		1984		1949120		1788
965		1991		1951155		1771
966		1986		1953189		1780
967		1994		1955218		1778
968		1990		1957245		1775
969		1985		1959270		1785
970		1999		1961266		1784
971		1993		1963310		1788
972		1996		1965331		1781
973		1999		1967361		1792
974		2001		1969392		1793
975		1999		1971447		1787
976		1977		1973464		1776
977		1980		1975513		1777
978		1970		1977525		1760
979		1980		1979530		1779
980		1974		1981549		1782
981		1996		1983566		1774
982		1975		1985601		1772
983		1965		1987611		1779
984		1970		1989655		1773
985		1957		1991682		1787
986		1973		1993703		1790
987		1973		1995741		1772
988		1972		1997796		1790
989		1970		1999837		1786
990		1975		2001871		1800
991		1962		2003937		1777
992		1962		2005979		1794
993		1952		2008024		1768
994		1961		2010057		1787
995		1954		2012072		1779
996		1960		2014115		1779
997		1968		2016169		1771
998		1951		2018220		1778
999		1951		2020306		1784
