# Migration is number of nodes that have changed color.

Round		Edge-Cut		Swaps		Migrations		Skipped
0		800		250		189
1		773		494		192
2		761		742		193
3		751		984		177
4		753		1229		176
5		762		1475		174
6		746		1722		192
7		734		1964		184
8		735		2205		190
9		733		2448		188
10		708		2693		185
11		720		2937		180
12		680		3175		190
13		671		3420		192
14		666		3651		186
15		651		3888		181
16		627		4124		200
17		613		4361		197
18		628		4595		189
19		602		4832		185
20		595		5066		186
21		581		5302		187
22		549		5536		184
23		559		5768		187
24		561		5998		191
25		553		6232		188
26		546		6470		188
27		558		6697		185
28		566		6934		189
29		557		7165		192
30		562		7398		185
31		569		7629		190
32		566		7862		182
33		561		8095		180
34		553		8329		175
35		570		8559		196
36		561		8781		194
37		566		9014		182
38		576		9249		186
39		571		9488		197
40		557		9720		190
41		554		9956		182
42		553		10191		194
43		546		10425		190
44		518		10662		194
45		493		10897		185
46		492		11134		186
47		489		11368		185
48		479		11601		186
49		479		11829		189
50		474		12067		189
51		478		12298		193
52		459		12533		193
53		469		12765		191
54		430		12998		191
55		429		13224		186
56		414		13452		186
57		409		13685		186
58		414		13914		186
59		407		14143		182
60		398		14368		184
61		383		14599		198
62		394		14825		198
63		391		15053		195
64		382		15287		190
65		376		15517		190
66		371		15750		187
67		369		15977		182
68		372		16207		194
69		367		16436		194
70		371		16671		180
71		358		16903		186
72		362		17131		177
73		352		17363		188
74		341		17589		182
75		335		17813		189
76		332		18032		185
77		315		18263		188
78		327		18487		187
79		333		18706		191
80		321		18933		193
81		323		19158		193
82		322		19381		188
83		326		19608		193
84		312		19829		190
85		323		20055		187
86		324		20274		187
87		325		20497		187
88		340		20721		181
89		352		20954		189
90		336		21182		180
91		339		21401		182
92		335		21630		191
93		337		21854		191
94		351		22077		193
95		324		22304		188
96		305		22528		188
97		312		22747		188
98		325		22974		185
99		331		23200		192
100		319		23420		189
101		316		23638		195
102		322		23866		187
103		331		24088		184
104		324		24310		187
105		315		24530		190
106		306		24757		195
107		314		24977		189
108		308		25208		199
109		287		25434		184
110		281		25659		189
111		296		25888		189
112		299		26113		183
113		290		26332		179
114		280		26562		188
115		274		26781		190
116		273		27004		192
117		262		27227		187
118		270		27449		186
119		270		27668		187
120		271		27891		184
121		287		28120		184
122		288		28344		186
123		285		28573		190
124		288		28799		186
125		291		29037		186
126		302		29260		195
127		301		29494		182
128		312		29720		187
129		312		29947		187
130		303		30178		188
131		305		30408		187
132		305		30637		187
133		295		30874		185
134		283		31101		181
135		277		31337		187
136		289		31566		180
137		288		31799		185
138		287		32029		192
139		290		32262		186
140		275		32489		182
141		291		32717		191
142		306		32947		184
143		295		33179		191
144		303		33417		190
145		297		33652		190
146		303		33881		187
147		288		34119		188
148		274		34347		191
149		286		34574		189
150		294		34804		192
151		280		35039		194
152		288		35274		193
153		295		35504		191
154		303		35737		184
155		307		35968		189
156		307		36205		187
157		303		36436		188
158		302		36669		190
159		307		36900		182
160		315		37133		189
161		309		37368		190
162		310		37610		188
163		295		37839		189
164		269		38071		186
165		266		38303		189
166		262		38532		191
167		263		38760		193
168		254		38994		185
169		254		39231		189
170		249		39460		190
171		232		39685		188
172		225		39912		186
173		228		40143		186
174		210		40372		196
175		214		40604		193
176		218		40835		186
177		211		41055		188
178		212		41277		190
179		205		41505		189
180		212		41730		187
181		218		41953		187
182		214		42186		192
183		218		42415		189
184		216		42640		186
185		223		42868		187
186		228		43093		187
187		226		43327		193
188		228		43553		186
189		243		43778		181
190		247		44009		186
191		248		44239		190
192		233		44469		191
193		241		44684		191
194		237		44914		182
195		232		45148		186
196		236		45381		188
197		237		45607		187
198		234		45836		188
199		246		46065		198
200		232		46294		187
201		223		46527		190
202		205		46752		186
203		200		46981		185
204		199		47206		186
205		207		47434		193
206		204		47660		190
207		205		47887		189
208		207		48114		185
209		214		48341		185
210		212		48570		181
211		212		48803		187
212		210		49033		187
213		204		49254		189
214		209		49486		190
215		212		49710		192
216		209		49941		188
217		202		50171		187
218		203		50403		187
219		204		50637		193
220		206		50873		187
221		199		51092		192
222		200		51319		195
223		195		51549		190
224		189		51786		187
225		205		52027		195
226		202		52263		194
227		192		52498		192
228		193		52727		191
229		199		52953		190
230		193		53186		189
231		199		53417		187
232		209		53639		190
233		203		53870		193
234		213		54099		192
235		224		54331		187
236		225		54558		187
237		232		54787		191
238		222		55013		189
239		217		55236		190
240		212		55471		193
241		207		55695		191
242		227		55929		187
243		231		56159		187
244		232		56389		187
245		229		56617		191
246		230		56850		186
247		231		57076		187
248		222		57305		191
249		219		57535		189
250		228		57765		187
251		221		57991		192
252		235		58218		193
253		249		58448		183
254		236		58678		186
255		245		58906		188
256		247		59134		187
257		244		59366		192
258		228		59599		187
259		223		59823		190
260		212		60057		189
261		218		60289		183
262		225		60521		188
263		226		60749		193
264		225		60985		186
265		229		61219		188
266		240		61445		187
267		236		61677		189
268		235		61907		189
269		230		62144		190
270		223		62373		189
271		209		62607		186
272		208		62842		184
273		217		63077		188
274		225		63311		192
275		231		63533		185
276		240		63768		191
277		227		64000		189
278		236		64227		187
279		223		64455		189
280		222		64677		189
281		239		64909		189
282		237		65149		188
283		231		65380		188
284		233		65612		193
285		222		65846		195
286		214		66081		183
287		220		66309		192
288		217		66538		192
289		217		66766		186
290		226		67000		189
291		233		67228		185
292		213		67461		191
293		206		67695		184
294		207		67927		191
295		218		68155		189
296		228		68383		187
297		227		68613		185
298		219		68844		189
299		218		69074		188
300		209		69306		183
301		214		69535		185
302		216		69760		187
303		210		69993		192
304		215		70217		180
305		216		70443		187
306		229		70676		192
307		222		70906		185
308		220		71140		188
309		235		71375		189
310		246		71615		188
311		250		71845		185
312		243		72074		184
313		241		72306		190
314		236		72538		192
315		222		72769		183
316		230		72999		192
317		223		73236		185
318		229		73456		187
319		238		73691		191
320		244		73921		189
321		247		74150		181
322		240		74381		189
323		236		74614		187
324		244		74849		188
325		250		75078		190
326		245		75306		191
327		250		75532		190
328		236		75758		196
329		235		75988		187
330		238		76220		190
331		242		76451		185
332		229		76686		191
333		234		76912		183
334		235		77138		189
335		227		77372		191
336		222		77601		194
337		221		77824		191
338		220		78063		193
339		228		78290		189
340		230		78515		195
341		227		78746		188
342		234		78969		187
343		214		79198		182
344		217		79429		191
345		198		79665		183
346		201		79906		186
347		198		80141		188
348		213		80372		189
349		204		80601		187
350		206		80838		187
351		204		81066		192
352		195		81300		189
353		185		81530		188
354		195		81760		187
355		211		81991		184
356		206		82220		189
357		213		82450		191
358		219		82680		185
359		218		82907		190
360		206		83144		189
361		204		83377		189
362		212		83614		195
363		215		83844		184
364		220		84074		186
365		213		84304		187
366		207		84538		185
367		216		84771		188
368		224		85002		189
369		218		85239		187
370		229		85471		187
371		228		85708		193
372		239		85937		186
373		230		86169		190
374		223		86405		191
375		227		86631		191
376		228		86858		192
377		229		87094		192
378		231		87331		185
379		243		87567		189
380		248		87804		189
381		256		88036		182
382		259		88271		181
383		266		88501		188
384		258		88738		191
385		257		88974		186
386		244		89208		185
387		250		89434		188
388		252		89660		190
389		249		89894		188
390		226		90123		186
391		240		90362		180
392		237		90601		183
393		233		90840		183
394		239		91072		187
395		226		91302		187
396		218		91531		184
397		216		91757		184
398		215		91994		189
399		211		92221		187
400		207		92455		186
401		202		92689		188
402		192		92921		187
403		195		93157		189
404		202		93392		192
405		202		93624		187
406		192		93857		185
407		197		94077		188
408		203		94314		192
409		206		94546		186
410		201		94775		189
411		194		95014		184
412		192		95249		186
413		204		95482		187
414		200		95716		187
415		205		95948		183
416		210		96176		185
417		220		96406		183
418		226		96633		188
419		228		96862		186
420		238		97091		183
421		245		97322		191
422		247		97558		196
423		250		97791		187
424		231		98026		183
425		228		98257		192
426		240		98491		192
427		238		98722		189
428		228		98951		184
429		231		99178		189
430		236		99410		187
431		230		99634		187
432		235		99865		194
433		238		100091		191
434		249		100317		185
435		250		100553		182
436		253		100784		185
437		243		101015		188
438		230		101250		187
439		235		101477		184
440		232		101713		187
441		238		101939		190
442		250		102175		184
443		237		102412		188
444		238		102641		194
445		223		102865		189
446		218		103099		190
447		215		103331		187
448		231		103568		186
449		233		103795		189
450		227		104029		187
451		235		104258		191
452		232		104491		186
453		228		104729		184
454		233		104962		186
455		232		105188		179
456		224		105422		182
457		226		105654		191
458		231		105874		188
459		234		106109		188
460		230		106344		189
461		237		106578		189
462		233		106811		190
463		234		107046		190
464		229		107278		185
465		235		107517		182
466		241		107752		188
467		248		107979		185
468		234		108213		188
469		235		108445		188
470		229		108672		191
471		228		108903		188
472		222		109133		188
473		217		109361		194
474		213		109604		186
475		218		109834		190
476		217		110066		188
477		212		110299		184
478		218		110535		181
479		220		110765		192
480		218		111002		193
481		204		111235		189
482		202		111465		189
483		201		111697		181
484		201		111931		184
485		198		112166		189
486		202		112397		181
487		193		112631		190
488		203		112863		185
489		198		113096		185
490		188		113329		190
491		184		113562		183
492		174		113791		186
493		173		114023		188
494		163		114258		191
495		165		114485		187
496		170		114714		187
497		176		114952		186
498		174		115177		190
499		171		115410		187
500		172		115642		190
501		182		115869		192
502		162		116098		193
503		162		116330		190
504		174		116567		192
505		178		116803		186
506		193		117036		184
507		165		117273		180
508		172		117506		187
509		172		117744		189
510		169		117976		191
511		166		118214		190
512		172		118445		191
513		178		118677		187
514		194		118905		188
515		188		119135		190
516		198		119370		187
517		204		119595		185
518		200		119829		192
519		210		120056		191
520		214		120293		182
521		218		120532		185
522		219		120757		183
523		212		120991		186
524		200		121219		185
525		206		121443		184
526		211		121669		186
527		197		121903		190
528		200		122133		185
529		206		122369		191
530		210		122604		186
531		208		122835		196
532		202		123064		189
533		199		123287		191
534		187		123519		188
535		179		123751		184
536		188		123982		189
537		196		124208		194
538		196		124432		192
539		198		124671		188
540		192		124904		186
541		195		125138		185
542		192		125369		183
543		201		125606		184
544		203		125832		188
545		216		126066		188
546		197		126295		189
547		208		126526		188
548		201		126755		191
549		201		126974		189
550		200		127207		186
551		191		127439		189
552		202		127678		189
553		203		127911		190
554		206		128143		190
555		194		128370		190
556		203		128600		183
557		198		128834		190
558		197		129066		191
559		202		129299		190
560		208		129531		189
561		201		129761		184
562		202		129995		191
563		206		130231		184
564		201		130465		188
565		208		130693		190
566		195		130920		195
567		198		131151		188
568		199		131382		191
569		196		131608		190
570		192		131842		186
571		197		132082		189
572		197		132317		191
573		198		132553		189
574		196		132784		187
575		194		133013		186
576		189		133249		188
577		199		133483		185
578		199		133715		186
579		198		133948		187
580		196		134182		185
581		206		134411		183
582		196		134642		191
583		207		134872		188
584		190		135108		188
585		190		135342		192
586		196		135572		190
587		185		135803		192
588		199		136035		190
589		198		136263		189
590		198		136496		183
591		181		136730		186
592		178		136959		186
593		181		137190		186
594		176		137417		188
595		172		137649		189
596		171		137879		185
597		177		138109		186
598		164		138336		186
599		175		138571		187
600		183		138811		184
601		179		139043		185
602		175		139273		185
603		180		139502		183
604		175		139743		185
605		179		139976		191
606		183		140212		188
607		180		140441		189
608		172		140672		188
609		170		140906		187
610		167		141139		190
611		172		141368		187
612		163		141600		184
613		167		141829		185
614		155		142067		187
615		156		142294		185
616		144		142517		186
617		151		142751		188
618		140		142986		190
619		142		143221		187
620		149		143455		186
621		150		143684		189
622		156		143914		188
623		160		144148		190
624		160		144380		190
625		163		144604		193
626		160		144833		189
627		162		145064		188
628		160		145294		187
629		152		145526		188
630		153		145756		187
631		157		145990		188
632		161		146219		186
633		164		146453		191
634		164		146686		185
635		166		146928		188
636		175		147156		189
637		188		147384		184
638		174		147623		188
639		167		147863		190
640		168		148096		187
641		172		148332		189
642		167		148564		190
643		154		148793		184
644		151		149027		187
645		152		149254		186
646		141		149489		186
647		137		149723		188
648		132		149951		186
649		129		150184		187
650		130		150412		187
651		136		150644		190
652		133		150876		188
653		132		151108		187
654		132		151343		189
655		136		151569		187
656		134		151797		191
657		133		152025		187
658		137		152254		186
659		136		152483		187
660		137		152710		188
661		135		152933		187
662		138		153166		188
663		137		153389		187
664		143		153620		185
665		135		153850		188
666		142		154083		186
667		142		154319		186
668		145		154547		187
669		144		154778		186
670		144		155017		190
671		147		155247		187
672		153		155478		189
673		144		155707		187
674		144		155938		189
675		145		156172		188
676		138		156406		188
677		142		156635		189
678		151		156871		186
679		162		157104		184
680		143		157336		189
681		151		157567		186
682		157		157801		187
683		148		158027		187
684		149		158255		184
685		148		158486		186
686		154		158715		185
687		149		158949		185
688		146		159181		189
689		139		159412		188
690		139		159641		186
691		140		159865		185
692		136		160093		188
693		144		160326		188
694		140		160550		190
695		133		160778		190
696		130		161011		188
697		133		161244		191
698		135		161476		188
699		129		161708		188
700		131		161937		187
701		123		162164		188
702		123		162389		183
703		127		162620		188
704		129		162846		185
705		124		163081		187
706		124		163308		188
707		120		163536		190
708		121		163768		189
709		123		163999		187
710		121		164227		191
711		125		164457		188
712		121		164688		188
713		123		164908		189
714		131		165134		185
715		129		165366		188
716		121		165601		186
717		125		165828		185
718		127		166054		183
719		117		166286		186
720		119		166519		190
721		124		166753		185
722		121		166993		186
723		124		167223		189
724		121		167448		189
725		121		167678		189
726		122		167905		190
727		125		168137		188
728		122		168373		188
729		120		168602		188
730		119		168830		188
731		117		169058		189
732		121		169291		188
733		123		169520		187
734		127		169750		186
735		123		169984		186
736		127		170219		186
737		129		170448		185
738		124		170676		189
739		127		170904		190
740		137		171125		188
741		133		171356		186
742		134		171586		188
743		141		171815		182
744		141		172048		184
745		138		172282		183
746		136		172506		182
747		138		172737		184
748		139		172966		183
749		134		173198		185
750		139		173423		188
751		135		173656		188
752		140		173882		186
753		138		174118		187
754		142		174345		189
755		143		174581		191
756		134		174813		187
757		135		175042		187
758		131		175276		188
759		134		175509		185
760		137		175739		186
761		136		175974		186
762		140		176197		186
763		145		176424		187
764		146		176654		187
765		150		176887		190
766		151		177126		189
767		150		177361		188
768		145		177586		191
769		149		177815		187
770		137		178047		188
771		138		178282		190
772		133		178512		192
773		149		178743		184
774		156		178972		187
775		154		179204		188
776		153		179433		187
777		147		179666		190
778		149		179895		188
779		151		180125		189
780		150		180351		185
781		143		180581		188
782		149		180808		186
783		161		181035		188
784		164		181263		191
785		168		181493		189
786		167		181726		182
787		167		181958		189
788		156		182187		181
789		157		182418		185
790		159		182647		186
791		168		182878		187
792		176		183111		187
793		178		183343		182
794		177		183579		185
795		189		183814		186
796		192		184051		187
797		199		184277		183
798		218		184504		183
799		210		184734		189
800		206		184965		187
801		204		185192		189
802		210		185422		181
803		220		185650		187
804		226		185882		185
805		224		186112		186
806		224		186346		191
807		228		186577		186
808		226		186811		194
809		214		187040		189
810		219		187272		184
811		225		187505		190
812		219		187735		192
813		218		187971		189
814		218		188202		190
815		218		188432		188
816		228		188665		191
817		226		188896		191
818		222		189128		188
819		235		189363		185
820		239		189594		187
821		236		189834		191
822		243		190067		186
823		245		190301		180
824		252		190539		194
825		248		190768		189
826		245		190997		192
827		246		191234		194
828		237		191465		190
829		238		191696		186
830		240		191931		187
831		219		192156		182
832		213		192381		182
833		208		192606		189
834		207		192838		185
835		211		193069		179
836		201		193295		183
837		206		193532		186
838		198		193751		186
839		202		193975		190
840		208		194213		186
841		217		194442		187
842		226		194674		190
843		221		194910		189
844		212		195142		189
845		226		195375		190
846		231		195607		186
847		216		195838		191
848		236		196068		192
849		235		196300		183
850		256		196530		180
851		261		196761		185
852		242		196994		183
853		230		197223		186
854		239		197457		189
855		235		197693		191
856		233		197929		193
857		234		198157		193
858		219		198393		186
859		224		198624		184
860		229		198855		192
861		230		199089		188
862		224		199327		187
863		221		199557		188
864		212		199783		187
865		200		200023		188
866		205		200248		190
867		203		200485		190
868		203		200718		187
869		207		200951		186
870		215		201179		182
871		212		201407		187
872		224		201642		187
873		219		201872		190
874		223		202113		187
875		211		202342		186
876		205		202575		185
877		203		202810		187
878		203		203043		186
879		204		203271		183
880		189		203502		187
881		190		203735		185
882		183		203968		184
883		174		204196		189
884		182		204430		188
885		190		204669		189
886		194		204906		186
887		201		205132		183
888		197		205361		183
889		185		205595		187
890		184		205824		188
891		184		206050		186
892		193		206285		181
893		191		206514		180
894		191		206743		189
895		194		206974		190
896		194		207207		190
897		199		207437		191
898		201		207671		191
899		199		207900		191
900		196		208129		190
901		196		208360		186
902		200		208587		194
903		201		208813		188
904		200		209048		187
905		191		209279		179
906		210		209514		185
907		213		209751		188
908		217		209985		187
909		202		210223		187
910		205		210462		191
911		200		210693		186
912		201		210918		186
913		199		211150		189
914		191		211374		187
915		192		211608		186
916		203		211838		187
917		199		212070		185
918		191		212299		185
919		195		212533		183
920		188		212766		191
921		186		212999		181
922		194		213230		188
923		180		213468		187
924		174		213706		185
925		177		213940		188
926		186		214176		193
927		180		214406		184
928		179		214634		184
929		182		214862		185
930		189		215093		183
931		196		215320		185
932		197		215554		184
933		191		215778		188
934		198		216000		184
935		198		216237		180
936		209		216471		184
937		210		216697		184
938		209		216925		184
939		198		217156		186
940		189		217381		188
941		191		217615		187
942		191		217845		194
943		185		218081		190
944		195		218309		190
945		195		218536		189
946		192		218768		183
947		197		218995		189
948		201		219228		187
949		196		219455		189
950		192		219686		187
951		177		219916		187
952		177		220150		189
953		176		220381		188
954		186		220610		188
955		186		220838		191
956		180		221061		185
957		171		221290		191
958		170		221517		191
959		169		221748		191
960		174		221975		192
961		178		222205		191
962		186		222440		185
963		184		222676		187
964		182		222913		186
965		187		223143		189
966		182		223373		186
967		184		223605		184
968		170		223834		188
969		178		224066		185
970		187		224295		193
971		172		224525		191
972		164		224752		190
973		162		224983		190
974		161		225210		186
975		161		225438		190
976		168		225662		188
977		163		225900		187
978		162		226133		185
979		162		226363		187
980		163		226591		185
981		165		226825		185
982		168		227058		185
983		173		227290		189
984		172		227528		187
985		164		227758		187
986		155		227990		189
987		152		228221		188
988		156		228449		189
989		154		228680		184
990		144		228914		188
991		134		229136		187
992		139		229373		185
993		138		229608		184
994		142		229834		185
995		133		230072		188
996		134		230304		186
997		137		230532		187
998		139		230766		188
999		135		231000		190
