# Migration is number of nodes that have changed color.

Round		Edge-Cut		Swaps		Migrations		Skipped
0		829		248		182
1		783		494		204
2		783		739		190
3		772		985		190
4		763		1232		197
5		742		1481		184
6		741		1724		204
7		726		1968		199
8		721		2209		185
9		686		2446		181
10		668		2678		189
11		694		2922		188
12		694		3163		190
13		682		3404		189
14		665		3639		174
15		656		3877		197
16		618		4104		187
17		595		4334		187
18		577		4568		195
19		588		4798		185
20		580		5032		192
21		567		5265		181
22		578		5490		189
23		575		5725		173
24		573		5952		175
25		562		6175		193
26		556		6407		187
27		571		6640		195
28		552		6866		186
29		541		7097		191
30		513		7328		189
31		507		7556		193
32		502		7782		189
33		497		8013		191
34		490		8236		205
35		483		8463		188
36		489		8692		191
37		511		8923		196
38		505		9154		190
39		473		9382		187
40		465		9607		189
41		453		9834		183
42		444		10066		184
43		425		10296		192
44		420		10518		191
45		426		10753		179
46		418		10987		188
47		432		11226		194
48		424		11449		192
49		443		11679		180
50		436		11900		182
51		418		12127		185
52		408		12358		192
53		401		12585		186
54		412		12809		190
55		404		13046		183
56		402		13277		189
57		400		13509		185
58		386		13742		187
59		382		13965		179
60		382		14198		190
61		368		14428		187
62		379		14654		188
63		383		14881		189
64		386		15108		191
65		379		15330		196
66		386		15562		186
67		383		15796		195
68		359		16028		190
69		356		16257		189
70		343		16490		187
71		368		16720		182
72		356		16950		183
73		359		17182		190
74		349		17408		193
75		341		17636		193
76		322		17859		192
77		332		18091		193
78		326		18324		184
79		331		18546		191
80		330		18770		188
81		334		18995		184
82		342		19221		195
83		342		19450		188
84		331		19680		184
85		313		19904		185
86		314		20131		192
87		315		20363		183
88		308		20585		181
89		301		20811		180
90		293		21034		183
91		295		21266		179
92		303		21490		184
93		311		21721		182
94		313		21956		189
95		324		22183		185
96		297		22415		183
97		295		22640		184
98		298		22864		188
99		298		23086		191
100		295		23313		187
101		283		23538		183
102		296		23760		188
103		293		23990		190
104		268		24226		186
105		271		24447		180
106		270		24674		188
107		290		24900		186
108		277		25133		193
109		271		25355		183
110		279		25585		182
111		268		25811		181
112		271		26036		184
113		266		26268		188
114		271		26495		193
115		273		26727		189
116		276		26957		183
117		271		27187		183
118		276		27418		188
119		284		27648		187
120		287		27879		190
121		278		28104		187
122		273		28335		192
123		269		28562		190
124		258		28787		188
125		262		29015		186
126		256		29241		183
127		259		29465		189
128		245		29693		189
129		263		29914		188
130		263		30136		193
131		287		30363		190
132		253		30593		185
133		250		30818		188
134		231		31049		187
135		231		31282		190
136		222		31509		188
137		230		31735		190
138		231		31962		188
139		235		32189		190
140		239		32416		188
141		232		32637		188
142		252		32865		183
143		233		33091		188
144		232		33326		185
145		231		33556		183
146		238		33772		184
147		235		34003		189
148		238		34236		188
149		238		34469		187
150		247		34702		186
151		233		34928		189
152		238		35156		181
153		242		35380		196
154		248		35601		187
155		219		35825		187
156		221		36055		188
157		219		36279		188
158		215		36501		188
159		216		36729		194
160		203		36957		188
161		196		37186		187
162		182		37416		185
163		188		37647		183
164		185		37877		189
165		184		38107		187
166		174		38342		188
167		172		38570		185
168		175		38801		186
169		177		39022		189
170		174		39252		187
171		175		39480		189
172		173		39700		183
173		187		39931		185
174		186		40160		185
175		184		40380		185
176		184		40604		188
177		181		40824		182
178		189		41046		186
179		184		41273		188
180		189		41504		184
181		189		41737		185
182		187		41967		185
183		189		42191		181
184		180		42417		185
185		182		42647		183
186		188		42878		185
187		169		43106		186
188		174		43333		190
189		171		43568		188
190		165		43799		186
191		170		44021		187
192		166		44248		187
193		169		44478		187
194		171		44707		187
195		168		44923		185
196		183		45148		185
197		185		45375		183
198		186		45603		189
199		192		45834		187
200		188		46066		187
201		181		46295		190
202		190		46526		187
203		185		46759		185
204		191		46978		188
205		186		47203		184
206		185		47437		188
207		177		47661		184
208		171		47891		188
209		170		48118		184
210		181		48346		181
211		177		48583		183
212		176		48815		187
213		182		49045		188
214		185		49272		189
215		189		49502		186
216		181		49728		184
217		183		49960		186
218		175		50190		188
219		172		50417		189
220		175		50646		186
221		176		50875		183
222		179		51107		184
223		174		51341		184
224		182		51572		185
225		182		51804		187
226		180		52041		189
227		183		52278		185
228		185		52511		192
229		180		52746		187
230		176		52985		187
231		175		53215		186
232		180		53442		185
233		182		53671		185
234		190		53901		187
235		187		54133		187
236		188		54373		186
237		189		54602		186
238		188		54834		186
239		192		55069		186
240		187		55306		187
241		193		55539		187
242		190		55766		187
243		197		56010		188
244		197		56244		189
245		190		56480		189
246		181		56709		190
247		188		56943		188
248		196		57181		184
249		191		57425		190
250		190		57657		190
251		197		57891		185
252		192		58125		188
253		204		58360		187
254		193		58594		188
255		195		58830		188
256		183		59064		192
257		186		59294		193
258		194		59528		187
259		194		59757		185
260		190		59995		191
261		188		60225		186
262		193		60457		186
263		194		60697		187
264		190		60930		183
265		189		61166		185
266		185		61399		182
267		187		61637		185
268		180		61876		181
269		173		62111		184
270		176		62336		185
271		165		62566		184
272		169		62808		183
273		171		63045		190
274		181		63279		191
275		169		63509		185
276		163		63743		184
277		172		63979		192
278		168		64215		184
279		164		64438		190
280		164		64669		186
281		166		64897		188
282		165		65133		188
283		169		65362		188
284		164		65593		188
285		170		65826		185
286		170		66059		186
287		166		66300		187
288		173		66543		189
289		176		66782		189
290		185		67011		186
291		177		67242		184
292		172		67474		180
293		172		67709		189
294		170		67938		187
295		175		68172		184
296		174		68407		188
297		179		68638		182
298		175		68871		184
299		177		69109		188
300		173		69343		184
301		168		69577		189
302		168		69814		184
303		171		70037		186
304		172		70261		187
305		172		70493		189
306		179		70720		188
307		195		70957		183
308		192		71191		184
309		191		71430		182
310		188		71659		186
311		178		71893		191
312		182		72128		186
313		182		72358		190
314		179		72583		188
315		172		72814		190
316		172		73045		188
317		181		73279		186
318		171		73513		187
319		166		73749		191
320		167		73986		186
321		172		74223		187
322		175		74457		183
323		179		74690		191
324		179		74922		185
325		190		75161		183
326		188		75395		186
327		179		75631		185
328		182		75859		186
329		178		76093		187
330		170		76326		187
331		165		76562		180
332		168		76804		187
333		175		77037		185
334		177		77263		182
335		180		77487		182
336		179		77718		184
337		177		77945		187
338		175		78177		185
339		184		78410		189
340		186		78650		183
341		198		78883		188
342		199		79118		186
343		206		79349		186
344		210		79583		191
345		206		79820		188
346		189		80054		187
347		192		80293		191
348		184		80531		189
349		176		80767		187
350		163		80998		188
351		163		81232		188
352		172		81468		187
353		170		81699		186
354		163		81939		190
355		160		82176		189
356		158		82404		185
357		161		82639		183
358		162		82867		185
359		155		83100		187
360		158		83330		187
361		162		83572		187
362		169		83811		187
363		171		84044		186
364		161		84281		186
365		171		84518		189
366		183		84752		188
367		179		84983		184
368		182		85221		187
369		179		85450		189
370		175		85683		189
371		186		85915		185
372		187		86150		183
373		185		86387		185
374		182		86613		181
375		186		86845		190
376		184		87073		186
377		194		87304		187
378		189		87538		184
379		181		87773		182
380		173		88003		187
381		169		88232		180
382		163		88467		189
383		155		88698		184
384		150		88931		188
385		148		89159		186
386		146		89393		184
387		151		89630		188
388		148		89862		186
389		146		90092		189
390		139		90327		188
391		134		90551		190
392		140		90787		189
393		138		91023		190
394		137		91255		185
395		138		91495		188
396		147		91724		187
397		146		91966		186
398		149		92206		185
399		147		92437		191
400		145		92665		189
401		133		92905		186
402		138		93140		185
403		135		93368		187
404		146		93601		190
405		146		93832		183
406		153		94068		183
407		165		94295		187
408		167		94534		190
409		173		94768		185
410		173		94999		182
411		169		95225		184
412		164		95459		182
413		170		95696		181
414		169		95925		187
415		173		96157		187
416		173		96394		185
417		166		96622		188
418		168		96847		185
419		167		97080		186
420		161		97313		187
421		160		97544		184
422		151		97774		186
423		148		98011		186
424		147		98248		187
425		149		98481		190
426		141		98714		189
427		144		98944		185
428		144		99174		185
429		154		99405		187
430		159		99639		187
431		155		99872		187
432		150		100101		189
433		155		100333		186
434		154		100559		187
435		156		100792		183
436		157		101030		187
437		159		101266		189
438		158		101501		188
439		156		101725		183
440		161		101959		185
441		164		102190		190
442		158		102418		184
443		140		102655		184
444		142		102888		184
445		144		103120		186
446		149		103354		187
447		151		103585		189
448		149		103814		184
449		136		104047		188
450		143		104281		183
451		150		104514		184
452		143		104746		186
453		137		104983		190
454		140		105214		190
455		134		105444		192
456		138		105678		189
457		134		105914		188
458		132		106144		189
459		137		106379		188
460		125		106609		186
461		131		106837		183
462		135		107070		186
463		139		107302		185
464		134		107538		183
465		132		107768		185
466		130		108004		186
467		132		108241		187
468		130		108471		187
469		129		108697		185
470		131		108926		187
471		134		109159		186
472		131		109387		185
473		129		109623		187
474		128		109848		186
475		139		110078		191
476		137		110312		188
477		154		110546		187
478		150		110780		187
479		147		111012		185
480		150		111251		188
481		154		111480		187
482		156		111708		188
483		157		111932		183
484		162		112165		190
485		157		112407		187
486		170		112643		183
487		170		112876		187
488		171		113108		190
489		171		113344		191
490		175		113578		188
491		175		113811		183
492		177		114049		185
493		164		114285		185
494		164		114518		190
495		161		114754		187
496		154		114983		188
497		156		115214		188
498		157		115452		187
499		152		115688		189
500		158		115923		191
501		154		116156		188
502		157		116388		184
503		168		116627		187
504		185		116860		188
505		183		117090		187
506		188		117324		186
507		183		117564		186
508		180		117798		187
509		179		118038		186
510		179		118270		191
511		177		118502		188
512		178		118737		185
513		161		118969		184
514		172		119203		188
515		168		119437		183
516		169		119667		183
517		174		119907		179
518		168		120148		184
519		153		120385		183
520		152		120617		186
521		162		120851		184
522		157		121081		189
523		156		121313		185
524		156		121538		186
525		158		121768		185
526		148		122006		188
527		135		122237		187
528		136		122475		186
529		141		122703		190
530		142		122938		188
531		141		123177		186
532		142		123407		185
533		137		123633		186
534		137		123868		190
535		145		124100		186
536		147		124331		186
537		142		124564		187
538		135		124801		187
539		139		125032		187
540		136		125268		184
541		132		125502		188
542		134		125740		188
543		129		125978		186
544		132		126209		189
545		131		126444		187
546		130		126677		187
547		129		126912		189
548		120		127147		186
549		119		127379		186
550		120		127611		186
551		121		127845		187
552		122		128071		187
553		122		128303		187
554		122		128535		187
555		120		128772		186
556		121		129007		187
557		120		129242		188
558		120		129471		188
559		123		129705		189
560		120		129933		188
561		118		130170		187
562		120		130404		186
563		123		130638		190
564		121		130875		191
565		116		131113		187
566		119		131348		185
567		116		131580		188
568		116		131816		187
569		119		132049		188
570		121		132279		189
571		119		132511		186
572		113		132750		189
573		115		132980		190
574		113		133213		185
575		112		133444		184
576		117		133675		188
577		118		133911		188
578		122		134145		187
579		120		134376		188
580		123		134605		185
581		120		134838		188
582		119		135070		190
583		116		135299		186
584		116		135529		189
585		119		135764		187
586		118		135992		187
587		124		136228		184
588		121		136462		186
589		117		136687		186
590		119		136919		187
591		122		137154		190
592		121		137391		187
593		123		137623		188
594		129		137858		188
595		120		138089		186
596		123		138322		188
597		127		138558		186
598		125		138786		189
599		120		139019		186
600		127		139253		187
601		126		139487		188
602		123		139724		188
603		118		139949		189
604		119		140177		186
605		121		140410		189
606		124		140640		186
607		122		140869		187
608		117		141103		187
609		129		141343		189
610		130		141578		187
611		134		141810		187
612		131		142045		185
613		130		142275		189
614		124		142508		185
615		129		142744		186
616		122		142982		185
617		125		143212		185
618		124		143442		189
619		124		143677		187
620		136		143909		186
621		137		144129		185
622		143		144361		189
623		142		144593		187
624		141		144828		187
625		147		145060		190
626		139		145292		187
627		145		145528		190
628		152		145758		187
629		152		145985		187
630		157		146221		186
631		161		146455		184
632		169		146685		184
633		161		146920		188
634		168		147161		186
635		172		147393		183
636		175		147628		184
637		187		147859		188
638		169		148094		186
639		163		148329		188
640		164		148555		190
641		156		148790		184
642		149		149028		186
643		145		149267		190
644		149		149502		185
645		135		149729		188
646		141		149964		187
647		147		150189		186
648		149		150419		187
649		143		150646		190
650		140		150886		190
651		136		151115		189
652		142		151350		188
653		144		151586		188
654		140		151813		190
655		139		152047		189
656		138		152283		185
657		139		152514		188
658		137		152752		186
659		139		152990		190
660		132		153230		186
661		139		153465		187
662		138		153697		186
663		133		153927		185
664		131		154160		183
665		134		154396		185
666		142		154635		188
667		144		154867		191
668		142		155102		187
669		146		155337		186
670		142		155570		188
671		135		155799		186
672		137		156029		186
673		137		156262		184
674		141		156499		186
675		142		156728		188
676		142		156956		186
677		141		157190		188
678		146		157423		190
679		135		157653		191
680		123		157889		187
681		125		158119		189
682		128		158349		191
683		126		158581		190
684		126		158812		190
685		118		159045		188
686		123		159273		184
687		119		159501		187
688		116		159728		186
689		118		159957		189
690		117		160195		190
691		120		160426		191
692		125		160659		186
693		116		160894		184
694		118		161126		186
695		107		161362		185
696		111		161597		187
697		111		161832		188
698		113		162068		185
699		109		162297		188
700		109		162533		186
701		108		162769		184
702		106		163003		187
703		108		163233		186
704		107		163467		185
705		111		163698		188
706		106		163937		187
707		105		164172		186
708		110		164400		186
709		113		164630		186
710		122		164854		188
711		127		165088		187
712		127		165327		185
713		119		165563		186
714		120		165796		188
715		121		166027		187
716		121		166260		188
717		121		166492		186
718		115		166724		184
719		118		166950		185
720		119		167185		186
721		118		167417		185
722		119		167646		183
723		120		167876		184
724		113		168104		186
725		125		168336		187
726		122		168566		188
727		122		168804		188
728		110		169040		185
729		108		169269		185
730		112		169502		185
731		111		169744		185
732		113		169978		187
733		117		170210		186
734		128		170448		185
735		128		170686		185
736		134		170921		189
737		133		171152		189
738		135		171385		188
739		128		171619		189
740		127		171851		187
741		118		172089		186
742		123		172322		189
743		123		172556		182
744		130		172783		186
745		131		173015		187
746		133		173252		191
747		135		173482		189
748		133		173716		184
749		136		173948		187
750		134		174175		188
751		137		174409		190
752		130		174642		190
753		134		174873		188
754		137		175107		188
755		137		175341		187
756		132		175573		185
757		142		175811		184
758		144		176037		182
759		135		176261		187
760		129		176497		185
761		135		176734		182
762		143		176968		185
763		143		177200		187
764		155		177434		190
765		153		177667		188
766		157		177898		189
767		161		178133		190
768		148		178369		191
769		152		178602		192
770		144		178827		187
771		141		179060		187
772		133		179300		186
773		126		179538		186
774		132		179769		186
775		134		179995		187
776		131		180218		186
777		128		180454		186
778		129		180680		187
779		134		180915		188
780		136		181150		187
781		135		181384		189
782		132		181612		187
783		132		181850		187
784		138		182082		186
785		126		182322		187
786		126		182554		185
787		127		182797		186
788		128		183028		186
789		131		183262		187
790		126		183498		187
791		124		183728		185
792		128		183961		185
793		126		184194		185
794		129		184427		185
795		131		184664		187
796		139		184896		191
797		131		185133		188
798		123		185370		190
799		122		185603		184
800		131		185833		185
801		140		186068		188
802		140		186300		184
803		150		186539		184
804		159		186781		183
805		152		187019		188
806		147		187252		186
807		136		187486		186
808		123		187717		189
809		116		187950		184
810		124		188185		187
811		129		188417		185
812		135		188658		188
813		133		188878		187
814		135		189107		188
815		125		189337		188
816		120		189568		186
817		116		189803		186
818		119		190041		185
819		123		190275		188
820		119		190509		187
821		129		190743		187
822		129		190973		185
823		120		191203		186
824		121		191441		186
825		129		191673		188
826		127		191908		185
827		132		192138		185
828		131		192367		185
829		134		192609		187
830		143		192848		185
831		141		193081		185
832		140		193324		189
833		142		193561		185
834		144		193793		187
835		148		194031		190
836		142		194266		185
837		142		194487		191
838		138		194725		187
839		138		194959		189
840		141		195200		186
841		140		195436		184
842		135		195669		187
843		135		195908		188
844		142		196142		185
845		149		196375		190
846		152		196607		188
847		143		196845		187
848		144		197077		188
849		143		197307		189
850		144		197540		189
851		150		197773		186
852		150		198003		186
853		146		198233		182
854		144		198467		184
855		150		198702		185
856		136		198935		186
857		142		199165		184
858		143		199391		181
859		157		199620		182
860		161		199856		187
861		155		200091		187
862		158		200320		184
863		163		200557		181
864		161		200793		188
865		153		201023		184
866		153		201261		186
867		145		201494		188
868		149		201730		190
869		144		201964		191
870		151		202196		188
871		151		202427		183
872		147		202665		183
873		143		202905		185
874		142		203142		191
875		152		203378		187
876		159		203617		186
877		163		203849		182
878		158		204085		185
879		158		204320		190
880		154		204555		190
881		161		204794		186
882		164		205024		186
883		167		205258		185
884		159		205493		186
885		160		205731		184
886		158		205961		186
887		164		206193		190
888		161		206426		188
889		163		206659		187
890		163		206888		187
891		171		207117		188
892		175		207350		190
893		174		207573		186
894		181		207802		184
895		180		208039		182
896		173		208272		188
897		179		208515		192
898		174		208746		186
899		172		208981		190
900		152		209216		188
901		146		209454		190
902		153		209693		189
903		146		209931		191
904		149		210163		185
905		148		210396		183
906		150		210630		187
907		152		210870		184
908		161		211097		187
909		157		211333		187
910		154		211562		186
911		166		211793		185
912		164		212023		188
913		158		212248		182
914		156		212483		191
915		158		212712		187
916		155		212943		185
917		148		213180		184
918		140		213415		186
919		134		213644		187
920		126		213881		188
921		125		214116		187
922		129		214347		186
923		121		214580		186
924		116		214804		185
925		117		215034		185
926		126		215267		185
927		125		215503		185
928		128		215731		188
929		128		215971		190
930		120		216199		188
931		122		216432		188
932		121		216666		187
933		119		216899		186
934		113		217132		186
935		110		217369		187
936		115		217605		190
937		112		217840		189
938		118		218077		187
939		118		218310		189
940		118		218544		184
941		123		218778		188
942		124		219013		188
943		124		219247		188
944		128		219478		190
945		126		219709		190
946		124		219945		188
947		124		220174		185
948		122		220402		188
949		124		220630		188
950		125		220864		184
951		118		221094		186
952		116		221322		186
953		119		221559		187
954		126		221789		186
955		127		222023		186
956		121		222258		185
957		119		222485		186
958		118		222716		189
959		122		222952		189
960		127		223190		190
961		122		223424		188
962		125		223650		186
963		128		223881		186
964		132		224116		187
965		132		224349		185
966		131		224578		185
967		136		224812		187
968		135		225048		187
969		137		225285		190
970		137		225522		186
971		130		225759		187
972		126		225986		187
973		126		226220		187
974		130		226454		186
975		128		226691		186
976		131		226925		186
977		135		227155		184
978		129		227390		186
979		127		227628		187
980		120		227856		188
981		116		228095		188
982		116		228325		186
983		115		228560		188
984		115		228792		188
985		119		229023		186
986		120		229254		185
987		119		229489		184
988		119		229723		189
989		118		229954		187
990		124		230192		186
991		126		230428		187
992		128		230660		188
993		134		230901		188
994		134		231133		188
995		141		231367		187
996		135		231599		187
997		127		231832		187
998		128		232061		188
999		124		232290		188
