# Migration is number of nodes that have changed color.

Round		Edge-Cut		Swaps		Migrations		Skipped
0		823		250		190
1		794		495		184
2		793		740		200
3		779		985		187
4		771		1232		182
5		751		1477		187
6		770		1719		196
7		756		1966		179
8		737		2210		195
9		749		2453		188
10		721		2688		191
11		723		2928		189
12		706		3166		200
13		696		3402		182
14		692		3642		191
15		663		3881		191
16		670		4120		196
17		626		4357		195
18		597		4584		187
19		593		4812		186
20		590		5042		179
21		578		5272		188
22		571		5495		176
23		564		5726		181
24		544		5951		174
25		526		6180		184
26		519		6407		188
27		518		6631		192
28		509		6855		189
29		500		7081		184
30		489		7311		186
31		467		7533		194
32		481		7757		183
33		484		7989		185
34		462		8222		185
35		456		8451		187
36		462		8676		187
37		459		8901		190
38		455		9129		191
39		469		9360		191
40		454		9595		185
41		473		9827		183
42		476		10065		192
43		457		10302		185
44		447		10537		187
45		421		10758		187
46		415		10990		174
47		427		11225		190
48		420		11453		187
49		418		11682		188
50		409		11912		191
51		412		12144		193
52		430		12378		190
53		424		12608		183
54		417		12837		184
55		411		13068		185
56		405		13305		191
57		417		13536		187
58		402		13768		186
59		387		14000		188
60		387		14225		181
61		361		14453		186
62		364		14683		191
63		364		14912		183
64		369		15144		186
65		341		15373		192
66		339		15606		188
67		325		15838		192
68		317		16072		189
69		303		16304		188
70		296		16531		182
71		292		16752		184
72		298		16983		188
73		301		17206		192
74		300		17441		187
75		300		17672		184
76		304		17906		185
77		294		18132		189
78		294		18363		190
79		283		18596		187
80		286		18826		188
81		280		19058		193
82		284		19286		197
83		284		19524		188
84		268		19752		188
85		275		19983		191
86		272		20218		187
87		282		20456		189
88		268		20693		184
89		280		20930		187
90		272		21166		190
91		249		21399		185
92		239		21628		189
93		248		21857		181
94		245		22090		187
95		240		22321		186
96		239		22552		188
97		233		22777		188
98		232		23003		188
99		227		23234		190
100		225		23462		187
101		225		23699		180
102		222		23925		190
103		210		24157		187
104		201		24386		186
105		190		24622		191
106		188		24854		191
107		180		25091		185
108		179		25310		184
109		185		25543		190
110		203		25777		190
111		197		26008		187
112		194		26235		180
113		204		26468		184
114		200		26705		187
115		208		26928		181
116		218		27159		185
117		205		27393		190
118		195		27628		186
119		189		27854		183
120		196		28087		186
121		206		28312		188
122		200		28540		182
123		197		28775		184
124		194		29008		183
125		195		29243		184
126		194		29477		188
127		183		29707		187
128		186		29936		192
129		187		30168		186
130		188		30401		194
131		184		30641		187
132		190		30870		187
133		185		31111		183
134		187		31344		190
135		197		31575		189
136		205		31809		186
137		203		32042		186
138		214		32269		184
139		213		32498		188
140		209		32731		185
141		197		32963		187
142		196		33193		188
143		201		33429		190
144		188		33659		190
145		189		33899		188
146		205		34135		188
147		198		34365		185
148		195		34599		185
149		192		34833		184
150		192		35066		184
151		195		35296		182
152		202		35527		188
153		196		35752		184
154		204		35983		187
155		184		36214		185
156		180		36442		189
157		179		36678		188
158		181		36914		186
159		180		37145		187
160		169		37378		189
161		172		37604		188
162		171		37837		186
163		179		38068		188
164		183		38303		187
165		179		38535		192
166		176		38771		188
167		184		39007		189
168		185		39241		189
169		181		39469		189
170		182		39702		193
171		181		39935		191
172		188		40163		192
173		184		40394		188
174		189		40623		187
175		190		40857		182
176		176		41083		186
177		187		41317		184
178		184		41551		188
179		191		41783		192
180		186		42021		185
181		182		42253		190
182		177		42482		185
183		179		42713		189
184		185		42942		186
185		198		43176		186
186		185		43415		189
187		183		43654		191
188		177		43888		188
189		175		44118		189
190		177		44351		187
191		173		44581		188
192		172		44806		186
193		173		45035		188
194		165		45266		190
195		162		45495		191
196		163		45733		191
197		167		45963		185
198		163		46193		187
199		156		46424		191
200		156		46649		187
201		160		46879		187
202		169		47113		186
203		173		47338		191
204		183		47571		191
205		179		47800		189
206		183		48028		180
207		184		48254		183
208		173		48488		186
209		183		48723		189
210		174		48955		189
211		180		49189		188
212		188		49418		188
213		181		49647		183
214		180		49882		186
215		179		50111		186
216		186		50342		189
217		176		50576		187
218		180		50812		188
219		169		51038		192
220		172		51268		188
221		172		51509		192
222		177		51744		186
223		166		51974		188
224		174		52209		188
225		168		52438		189
226		165		52673		185
227		172		52910		186
228		168		53142		186
229		173		53375		184
230		166		53607		184
231		164		53842		184
232		168		54079		181
233		163		54311		183
234		170		54550		183
235		172		54777		188
236		173		55009		190
237		163		55239		187
238		171		55476		183
239		176		55707		185
240		177		55948		188
241		166		56180		190
242		163		56413		186
243		165		56640		185
244		169		56880		186
245		171		57112		188
246		165		57343		186
247		174		57576		185
248		163		57807		186
249		158		58039		183
250		155		58272		190
251		164		58506		190
252		171		58736		187
253		168		58971		185
254		161		59201		184
255		166		59434		182
256		165		59657		188
257		164		59890		184
258		166		60123		186
259		173		60352		192
260		183		60584		191
261		185		60814		190
262		176		61053		188
263		179		61288		184
264		184		61526		188
265		177		61761		184
266		179		61991		185
267		171		62229		187
268		161		62467		186
269		173		62696		187
270		181		62931		193
271		189		63168		184
272		180		63405		181
273		174		63634		184
274		179		63870		181
275		186		64115		189
276		179		64348		184
277		179		64579		185
278		183		64813		181
279		184		65048		187
280		183		65285		189
281		185		65520		189
282		185		65757		186
283		175		65999		186
284		172		66236		182
285		175		66473		185
286		173		66710		186
287		172		66948		190
288		165		67183		187
289		163		67416		189
290		168		67647		187
291		174		67883		188
292		169		68121		186
293		172		68354		189
294		170		68588		187
295		176		68825		191
296		169		69056		189
297		172		69294		186
298		157		69526		188
299		166		69757		189
300		167		69984		187
301		161		70221		186
302		163		70446		186
303		164		70673		186
304		160		70903		184
305		156		71137		186
306		157		71369		192
307		156		71604		184
308		163		71832		186
309		170		72068		185
310		166		72307		187
311		157		72547		191
312		159		72784		188
313		159		73018		185
314		159		73247		189
315		165		73475		184
316		168		73705		186
317		173		73943		189
318		178		74177		183
319		172		74407		189
320		172		74640		186
321		159		74876		190
322		175		75107		186
323		170		75343		192
324		182		75579		188
325		179		75822		185
326		176		76055		190
327		183		76289		187
328		189		76528		186
329		190		76765		188
330		189		76996		189
331		191		77228		187
332		192		77472		185
333		191		77708		186
334		184		77937		187
335		191		78175		187
336		195		78413		188
337		187		78648		185
338		185		78880		190
339		186		79109		183
340		191		79348		187
341		197		79583		185
342		189		79820		187
343		195		80049		191
344		200		80287		192
345		202		80526		185
346		193		80763		190
347		199		80999		189
348		190		81241		185
349		197		81469		190
350		202		81705		188
351		194		81942		186
352		192		82185		185
353		197		82420		189
354		187		82653		192
355		188		82887		191
356		197		83123		186
357		179		83363		186
358		167		83603		191
359		171		83841		185
360		172		84076		192
361		165		84313		186
362		168		84544		180
363		170		84782		189
364		169		85019		186
365		162		85256		185
366		167		85491		189
367		171		85726		187
368		166		85967		185
369		167		86205		189
370		176		86445		194
371		169		86680		187
372		181		86918		191
373		180		87153		185
374		176		87388		188
375		173		87624		185
376		169		87867		186
377		168		88103		189
378		170		88343		186
379		177		88581		191
380		173		88822		191
381		167		89061		184
382		167		89300		183
383		164		89535		189
384		156		89775		183
385		149		90016		186
386		144		90254		184
387		140		90488		182
388		143		90725		181
389		142		90962		189
390		148		91201		184
391		146		91437		186
392		147		91670		184
393		149		91903		184
394		143		92141		187
395		144		92375		184
396		147		92609		188
397		141		92854		185
398		147		93099		187
399		149		93337		190
400		151		93579		190
401		153		93820		187
402		153		94057		185
403		152		94299		185
404		151		94537		189
405		147		94770		188
406		148		95009		186
407		151		95244		186
408		150		95484		186
409		157		95722		180
410		147		95960		187
411		146		96196		183
412		147		96436		189
413		144		96669		185
414		145		96904		189
415		151		97139		189
416		154		97373		189
417		145		97612		190
418		137		97847		189
419		142		98082		187
420		141		98322		184
421		146		98555		180
422		157		98794		191
423		140		99029		185
424		145		99260		186
425		144		99492		185
426		147		99733		184
427		149		99972		190
428		148		100214		187
429		137		100452		189
430		136		100693		185
431		132		100933		188
432		132		101172		183
433		132		101410		187
434		133		101649		187
435		138		101879		188
436		139		102118		184
437		139		102362		185
438		143		102601		187
439		151		102835		187
440		156		103075		185
441		161		103315		185
442		159		103558		185
443		155		103796		186
444		159		104034		188
445		160		104272		187
446		162		104509		184
447		164		104747		186
448		171		104978		190
449		171		105215		190
450		171		105447		185
451		175		105686		185
452		174		105922		189
453		178		106163		184
454		171		106406		186
455		172		106642		188
456		165		106883		185
457		169		107123		191
458		164		107362		186
459		156		107597		188
460		151		107827		186
461		150		108061		183
462		150		108299		186
463		147		108541		187
464		151		108779		187
465		142		109015		188
466		144		109248		186
467		143		109492		190
468		149		109734		186
469		146		109966		186
470		141		110202		184
471		146		110444		183
472		148		110688		183
473		153		110920		187
474		146		111164		186
475		149		111401		186
476		148		111631		186
477		145		111867		184
478		148		112104		186
479		153		112341		186
480		159		112583		189
481		159		112819		185
482		160		113048		191
483		158		113293		187
484		158		113528		187
485		165		113763		185
486		174		114003		190
487		175		114242		184
488		182		114478		184
489		170		114718		188
490		170		114951		186
491		170		115185		184
492		179		115425		188
493		172		115670		186
494		170		115913		185
495		173		116150		188
496		180		116387		186
497		181		116626		190
498		185		116864		188
499		186		117102		192
500		176		117339		182
501		190		117571		186
502		193		117810		188
503		190		118047		183
504		190		118277		187
505		188		118518		185
506		186		118752		187
507		174		118990		190
508		187		119227		189
509		178		119459		191
510		172		119697		188
511		167		119928		187
512		166		120167		184
513		172		120405		186
514		178		120640		183
515		177		120877		188
516		178		121112		188
517		184		121348		191
518		192		121587		187
519		190		121823		189
520		187		122059		185
521		196		122296		188
522		191		122533		183
523		203		122773		181
524		209		123013		180
525		193		123255		179
526		184		123492		185
527		185		123732		188
528		184		123971		183
529		181		124209		193
530		182		124445		185
531		164		124683		183
532		167		124924		188
533		165		125160		189
534		167		125399		183
535		159		125644		191
536		164		125881		185
537		175		126114		190
538		177		126347		189
539		173		126585		186
540		171		126824		185
541		170		127061		187
542		164		127302		188
543		174		127540		186
544		184		127785		189
545		169		128025		188
546		167		128259		189
547		163		128487		185
548		173		128724		193
549		171		128958		186
550		161		129192		190
551		169		129426		182
552		162		129667		190
553		170		129909		186
554		173		130149		183
555		174		130387		184
556		164		130621		184
557		161		130853		188
558		156		131091		190
559		155		131329		189
560		151		131561		184
561		155		131793		183
562		158		132028		187
563		162		132262		191
564		169		132504		188
565		170		132744		192
566		166		132977		187
567		148		133215		187
568		147		133451		183
569		155		133688		189
570		157		133925		188
571		148		134161		185
572		161		134394		184
573		155		134632		192
574		151		134864		186
575		152		135102		188
576		152		135336		188
577		160		135569		186
578		169		135804		184
579		171		136042		188
580		172		136284		187
581		167		136520		187
582		159		136752		184
583		157		136990		191
584		160		137231		188
585		157		137463		190
586		154		137698		190
587		154		137939		188
588		149		138178		185
589		149		138411		186
590		145		138645		185
591		149		138883		190
592		159		139123		182
593		153		139363		185
594		149		139602		192
595		154		139839		187
596		155		140076		192
597		149		140320		191
598		149		140554		189
599		154		140797		188
600		155		141038		192
601		154		141279		184
602		160		141516		190
603		160		141754		188
604		164		141986		187
605		163		142224		182
606		155		142463		187
607		152		142699		188
608		149		142940		191
609		158		143178		186
610		140		143413		185
611		136		143651		184
612		150		143894		189
613		151		144132		186
614		140		144373		185
615		138		144605		186
616		141		144846		188
617		145		145081		185
618		143		145319		189
619		142		145556		190
620		138		145796		188
621		139		146032		189
622		134		146269		188
623		127		146509		188
624		129		146751		187
625		132		146982		186
626		126		147221		185
627		130		147447		184
628		125		147685		188
629		125		147922		184
630		136		148156		187
631		141		148391		188
632		138		148624		188
633		131		148865		189
634		136		149102		186
635		126		149343		186
636		127		149578		191
637		126		149808		186
638		133		150039		188
639		136		150274		188
640		134		150511		185
641		130		150751		190
642		130		150984		192
643		131		151225		191
644		136		151459		191
645		143		151699		187
646		144		151941		185
647		143		152182		186
648		152		152420		189
649		150		152660		192
650		156		152902		183
651		149		153140		187
652		154		153374		188
653		157		153611		185
654		159		153846		187
655		149		154087		189
656		146		154321		188
657		153		154557		184
658		154		154794		186
659		158		155027		192
660		160		155269		185
661		164		155503		183
662		159		155744		186
663		161		155979		191
664		160		156208		191
665		171		156445		188
666		170		156690		181
667		158		156928		189
668		160		157165		189
669		150		157408		188
670		146		157646		187
671		146		157884		188
672		154		158125		189
673		161		158364		182
674		172		158602		189
675		158		158839		190
676		153		159079		189
677		163		159321		190
678		153		159559		193
679		145		159797		192
680		150		160041		185
681		150		160281		184
682		149		160516		190
683		148		160747		185
684		152		160975		185
685		153		161212		182
686		153		161449		185
687		143		161687		189
688		137		161925		188
689		140		162161		190
690		144		162404		185
691		140		162644		189
692		141		162881		188
693		132		163120		185
694		135		163358		188
695		134		163593		187
696		140		163829		188
697		146		164066		189
698		142		164300		189
699		135		164541		189
700		136		164774		189
701		138		165013		188
702		142		165248		185
703		130		165486		185
704		139		165726		184
705		130		165960		188
706		141		166195		194
707		136		166433		184
708		142		166674		183
709		149		166909		186
710		155		167140		186
711		156		167378		189
712		164		167618		189
713		157		167857		190
714		156		168099		189
715		157		168329		183
716		150		168571		184
717		153		168808		192
718		157		169041		187
719		145		169276		189
720		146		169515		192
721		149		169756		184
722		140		169994		189
723		140		170233		187
724		143		170471		186
725		141		170709		187
726		133		170944		187
727		129		171184		188
728		131		171417		187
729		134		171659		190
730		137		171904		189
731		138		172139		187
732		139		172373		188
733		143		172611		187
734		139		172844		189
735		136		173079		190
736		142		173318		183
737		144		173556		187
738		140		173791		187
739		142		174028		182
740		146		174266		191
741		155		174503		188
742		148		174743		187
743		150		174982		187
744		145		175221		187
745		143		175461		185
746		145		175697		187
747		137		175931		185
748		135		176168		188
749		133		176404		184
750		135		176638		186
751		134		176870		189
752		141		177105		191
753		137		177335		187
754		143		177571		189
755		148		177806		191
756		145		178045		189
757		156		178283		190
758		151		178519		183
759		149		178758		189
760		151		178991		183
761		159		179235		189
762		158		179474		191
763		155		179711		186
764		154		179954		184
765		151		180193		188
766		149		180431		190
767		151		180668		184
768		158		180915		188
769		156		181154		183
770		157		181392		183
771		146		181631		187
772		148		181870		186
773		147		182109		188
774		149		182349		187
775		160		182582		182
776		162		182819		188
777		167		183056		185
778		171		183295		188
779		167		183534		185
780		170		183772		188
781		170		184008		189
782		165		184240		189
783		165		184478		185
784		160		184713		189
785		165		184957		187
786		167		185195		186
787		167		185435		183
788		168		185674		188
789		160		185913		183
790		161		186142		192
791		158		186379		189
792		164		186609		184
793		163		186843		188
794		164		187085		187
795		161		187321		188
796		160		187555		185
797		168		187794		184
798		159		188030		188
799		172		188269		189
800		152		188502		191
801		154		188745		184
802		161		188983		190
803		162		189223		190
804		155		189460		185
805		160		189696		186
806		159		189936		189
807		155		190177		183
808		153		190413		186
809		151		190644		190
810		147		190871		188
811		153		191103		189
812		159		191341		185
813		153		191578		188
814		143		191814		185
815		158		192055		188
816		152		192293		184
817		140		192532		186
818		147		192772		187
819		139		193012		186
820		135		193247		184
821		139		193487		187
822		135		193726		183
823		143		193965		184
824		147		194207		183
825		147		194446		182
826		144		194679		183
827		146		194913		185
828		143		195143		186
829		147		195373		188
830		153		195612		189
831		151		195852		185
832		152		196087		185
833		150		196324		185
834		155		196565		186
835		160		196804		180
836		171		197047		186
837		178		197282		183
838		175		197522		187
839		168		197762		190
840		168		197994		188
841		167		198228		186
842		167		198466		185
843		173		198710		190
844		165		198946		188
845		168		199180		188
846		171		199418		183
847		175		199655		186
848		159		199894		194
849		155		200134		182
850		153		200366		188
851		155		200607		188
852		157		200842		190
853		154		201085		191
854		159		201326		189
855		160		201558		185
856		156		201793		189
857		155		202030		181
858		154		202274		185
859		159		202510		185
860		158		202747		187
861		164		202988		186
862		146		203229		189
863		143		203471		187
864		145		203708		188
865		149		203938		188
866		150		204177		184
867		148		204415		187
868		151		204648		189
869		145		204889		192
870		151		205131		188
871		151		205364		187
872		149		205605		184
873		149		205846		187
874		151		206085		187
875		152		206322		185
876		154		206563		190
877		155		206797		185
878		148		207031		193
879		148		207270		187
880		150		207499		189
881		149		207732		188
882		152		207968		185
883		151		208207		188
884		145		208446		188
885		134		208682		187
886		136		208920		189
887		133		209158		186
888		133		209400		186
889		126		209634		189
890		131		209872		187
891		133		210109		190
892		138		210352		191
893		154		210591		186
894		154		210830		186
895		142		211070		185
896		132		211303		184
897		127		211548		186
898		132		211780		184
899		130		212021		185
900		134		212261		189
901		126		212497		188
902		125		212734		188
903		123		212968		188
904		131		213206		186
905		138		213443		186
906		141		213678		183
907		134		213916		190
908		132		214154		185
909		138		214396		189
910		140		214637		186
911		138		214870		185
912		135		215105		185
913		138		215342		185
914		144		215576		185
915		145		215817		188
916		138		216054		184
917		127		216291		188
918		122		216528		188
919		120		216764		191
920		119		217001		188
921		118		217229		187
922		121		217465		184
923		125		217698		189
924		128		217936		183
925		131		218169		188
926		134		218406		187
927		136		218639		183
928		139		218879		190
929		137		219118		184
930		135		219357		188
931		132		219591		187
932		130		219831		184
933		132		220069		186
934		127		220308		192
935		130		220540		184
936		134		220780		184
937		140		221019		185
938		131		221256		182
939		134		221489		189
940		130		221725		188
941		123		221962		187
942		122		222201		189
943		120		222437		188
944		120		222676		188
945		118		222914		190
946		121		223152		186
947		123		223388		191
948		133		223624		189
949		131		223860		189
950		132		224095		189
951		133		224333		190
952		131		224568		186
953		124		224804		188
954		136		225045		188
955		130		225277		185
956		129		225514		188
957		131		225749		186
958		138		225986		184
959		133		226222		187
960		138		226459		185
961		141		226695		187
962		134		226935		187
963		127		227174		189
964		128		227412		186
965		132		227651		190
966		136		227892		184
967		135		228129		185
968		139		228357		191
969		139		228594		186
970		143		228828		182
971		146		229063		189
972		143		229304		189
973		143		229540		188
974		141		229777		187
975		141		230011		185
976		146		230245		188
977		143		230484		187
978		145		230718		185
979		143		230961		187
980		143		231196		187
981		155		231432		187
982		150		231669		187
983		145		231905		183
984		146		232139		190
985		140		232379		190
986		142		232617		186
987		144		232852		189
988		149		233091		186
989		144		233329		187
990		142		233564		187
991		141		233801		186
992		141		234042		184
993		143		234280		187
994		139		234514		190
995		147		234750		186
996		151		234989		187
997		158		235229		184
998		154		235467		187
999		153		235705		190
