# Migration is number of nodes that have changed color.

Round		Edge-Cut		Swaps		Migrations		Skipped
0		813		249		174
1		792		497		195
2		750		740		185
3		749		984		188
4		748		1230		191
5		763		1475		179
6		755		1719		185
7		742		1962		187
8		733		2202		189
9		737		2437		185
10		718		2678		191
11		701		2921		188
12		695		3162		180
13		690		3406		187
14		670		3642		190
15		645		3880		190
16		610		4111		200
17		611		4345		182
18		592		4580		191
19		623		4814		192
20		619		5045		187
21		618		5279		184
22		615		5509		195
23		607		5749		184
24		603		5987		186
25		599		6231		176
26		602		6463		192
27		567		6694		190
28		561		6928		187
29		595		7164		178
30		579		7404		197
31		606		7640		180
32		613		7876		186
33		597		8116		196
34		587		8358		191
35		578		8594		184
36		575		8832		197
37		579		9069		184
38		579		9302		184
39		563		9534		189
40		554		9772		191
41		548		10004		191
42		537		10240		191
43		545		10476		196
44		571		10716		193
45		544		10948		187
46		524		11191		183
47		521		11434		191
48		503		11677		190
49		482		11911		192
50		497		12148		178
51		492		12388		181
52		474		12619		189
53		489		12855		185
54		520		13095		184
55		482		13330		184
56		486		13570		195
57		459		13808		198
58		463		14044		183
59		473		14283		184
60		480		14519		186
61		465		14755		190
62		478		14991		191
63		472		15226		185
64		481		15461		191
65		485		15701		187
66		466		15935		176
67		457		16171		189
68		464		16404		187
69		461		16640		186
70		451		16880		187
71		449		17120		182
72		451		17362		188
73		466		17600		187
74		456		17842		190
75		435		18080		190
76		449		18308		187
77		442		18546		185
78		436		18786		182
79		447		19023		188
80		436		19262		191
81		422		19498		183
82		452		19735		185
83		461		19972		191
84		442		20214		183
85		426		20452		191
86		418		20679		182
87		417		20912		193
88		424		21140		181
89		424		21375		189
90		410		21610		188
91		427		21839		183
92		431		22069		183
93		422		22307		187
94		421		22538		188
95		412		22769		187
96		411		23005		184
97		418		23244		186
98		409		23480		185
99		420		23714		197
100		443		23948		190
101		441		24187		186
102		435		24421		185
103		427		24652		187
104		424		24888		179
105		413		25123		191
106		395		25356		194
107		393		25591		190
108		390		25822		183
109		383		26054		187
110		366		26283		181
111		368		26520		183
112		371		26748		183
113		365		26981		192
114		358		27215		188
115		365		27446		194
116		368		27680		192
117		352		27913		184
118		358		28145		189
119		355		28377		190
120		356		28606		184
121		353		28837		184
122		363		29075		184
123		357		29307		185
124		385		29543		180
125		356		29779		189
126		368		30010		183
127		356		30246		198
128		351		30483		180
129		344		30717		183
130		353		30951		182
131		368		31183		193
132		380		31421		188
133		378		31654		191
134		350		31894		186
135		344		32130		189
136		334		32361		185
137		323		32594		188
138		318		32832		191
139		311		33068		184
140		312		33305		190
141		321		33535		184
142		311		33770		186
143		326		34010		180
144		333		34250		182
145		328		34486		189
146		340		34718		183
147		332		34958		189
148		321		35192		192
149		316		35426		191
150		306		35654		190
151		304		35886		185
152		294		36123		185
153		303		36352		183
154		304		36577		181
155		317		36809		188
156		317		37041		188
157		323		37270		186
158		325		37497		189
159		319		37731		195
160		324		37959		193
161		310		38190		189
162		306		38419		192
163		310		38654		184
164		309		38890		188
165		311		39127		185
166		293		39358		183
167		286		39590		182
168		282		39824		184
169		287		40060		185
170		293		40295		178
171		298		40530		187
172		298		40767		187
173		293		40997		189
174		286		41230		194
175		293		41464		190
176		286		41699		179
177		290		41930		187
178		294		42164		187
179		298		42402		187
180		291		42636		178
181		271		42865		182
182		281		43102		183
183		273		43338		180
184		261		43568		185
185		249		43796		190
186		246		44032		190
187		246		44264		190
188		248		44495		184
189		244		44721		187
190		260		44956		184
191		263		45183		183
192		272		45417		188
193		273		45653		184
194		265		45887		191
195		267		46121		189
196		273		46356		194
197		283		46591		187
198		266		46828		181
199		260		47067		183
200		256		47304		183
201		252		47543		188
202		246		47787		189
203		243		48019		192
204		239		48254		191
205		238		48486		184
206		249		48722		199
207		239		48957		189
208		243		49194		186
209		239		49432		182
210		238		49663		190
211		225		49899		180
212		219		50138		186
213		221		50375		191
214		220		50615		189
215		222		50848		184
216		215		51085		188
217		221		51327		186
218		217		51561		187
219		213		51797		182
220		222		52035		190
221		223		52272		189
222		223		52509		187
223		231		52751		186
224		223		52991		180
225		215		53231		186
226		216		53468		179
227		216		53705		185
228		218		53941		192
229		222		54176		194
230		223		54415		187
231		212		54652		191
232		202		54889		193
233		210		55129		192
234		213		55369		188
235		199		55607		189
236		187		55845		184
237		194		56080		185
238		200		56316		189
239		199		56559		187
240		193		56792		185
241		184		57031		189
242		187		57266		189
243		190		57512		188
244		192		57753		186
245		186		57993		188
246		190		58229		187
247		191		58465		187
248		190		58702		186
249		188		58933		189
250		189		59173		186
251		191		59415		189
252		195		59658		187
253		195		59900		191
254		184		60138		188
255		184		60377		190
256		186		60613		187
257		180		60852		189
258		177		61083		188
259		179		61323		191
260		181		61561		185
261		174		61799		188
262		180		62038		189
263		174		62278		186
264		173		62515		191
265		184		62751		183
266		194		62991		188
267		190		63222		193
268		195		63458		188
269		179		63696		184
270		184		63931		186
271		186		64166		186
272		186		64409		186
273		180		64646		187
274		184		64878		187
275		179		65115		184
276		178		65353		193
277		182		65590		190
278		183		65831		192
279		186		66071		188
280		195		66309		183
281		191		66546		188
282		191		66780		189
283		184		67009		190
284		187		67249		192
285		189		67485		186
286		189		67719		188
287		185		67955		188
288		164		68195		186
289		169		68435		191
290		170		68672		189
291		178		68909		194
292		180		69141		195
293		180		69378		191
294		187		69618		188
295		185		69854		188
296		189		70088		191
297		175		70323		188
298		175		70563		191
299		179		70800		187
300		181		71040		186
301		183		71282		189
302		179		71517		189
303		175		71757		182
304		178		71994		189
305		171		72232		189
306		173		72467		187
307		179		72704		193
308		185		72944		188
309		190		73183		192
310		184		73424		193
311		184		73659		188
312		189		73895		185
313		189		74135		187
314		185		74373		192
315		179		74613		188
316		175		74850		190
317		174		75082		185
318		182		75321		187
319		181		75557		187
320		180		75790		183
321		181		76028		190
322		180		76264		187
323		184		76503		193
324		182		76743		185
325		181		76981		191
326		184		77215		189
327		185		77450		188
328		188		77689		191
329		191		77933		191
330		179		78175		185
331		179		78415		190
332		178		78653		185
333		181		78884		190
334		182		79120		188
335		189		79355		193
336		190		79584		188
337		193		79824		191
338		195		80058		180
339		193		80298		187
340		185		80538		189
341		189		80781		184
342		184		81016		185
343		177		81253		189
344		177		81488		185
345		181		81724		185
346		180		81957		188
347		185		82192		185
348		190		82429		184
349		198		82667		185
350		197		82904		195
351		197		83140		192
352		190		83374		185
353		189		83615		193
354		177		83856		189
355		178		84092		192
356		173		84331		185
357		177		84571		190
358		163		84807		185
359		165		85043		190
360		164		85281		188
361		162		85518		187
362		161		85757		191
363		150		85991		188
364		153		86225		187
365		150		86468		186
366		144		86715		185
367		128		86955		188
368		131		87199		188
369		134		87435		189
370		139		87671		189
371		141		87915		183
372		150		88152		186
373		156		88387		189
374		156		88629		191
375		152		88867		186
376		148		89106		188
377		145		89341		189
378		137		89574		187
379		126		89809		188
380		131		90049		191
381		142		90285		187
382		143		90524		183
383		146		90761		191
384		155		90999		190
385		165		91231		189
386		160		91469		191
387		173		91710		190
388		173		91954		191
389		173		92194		192
390		177		92433		189
391		170		92668		186
392		176		92908		191
393		177		93146		188
394		172		93383		189
395		172		93623		189
396		175		93862		186
397		176		94100		191
398		179		94334		188
399		180		94572		187
400		183		94806		188
401		179		95045		186
402		179		95282		190
403		184		95522		186
404		187		95762		192
405		184		95999		191
406		182		96240		187
407		168		96484		187
408		167		96726		186
409		167		96960		190
410		167		97200		189
411		173		97432		192
412		167		97672		186
413		175		97904		187
414		165		98149		190
415		157		98385		189
416		146		98628		187
417		148		98863		182
418		148		99094		187
419		152		99328		184
420		152		99569		187
421		152		99803		187
422		150		100037		182
423		149		100276		183
424		149		100515		185
425		152		100748		187
426		158		100989		188
427		160		101225		189
428		151		101459		189
429		152		101705		188
430		151		101942		187
431		143		102175		192
432		142		102412		191
433		143		102645		189
434		150		102877		190
435		154		103116		187
436		148		103352		188
437		145		103589		190
438		149		103826		190
439		154		104070		188
440		151		104313		188
441		157		104551		189
442		159		104789		186
443		148		105023		185
444		155		105258		186
445		157		105501		186
446		155		105741		191
447		152		105982		188
448		151		106223		185
449		141		106455		189
450		148		106691		191
451		149		106929		187
452		153		107166		192
453		158		107400		190
454		159		107640		185
455		165		107882		187
456		162		108123		186
457		167		108359		192
458		168		108601		190
459		161		108835		195
460		154		109065		191
461		162		109304		183
462		160		109544		187
463		160		109781		187
464		160		110019		188
465		160		110257		189
466		163		110496		183
467		165		110736		186
468		154		110975		188
469		155		111213		183
470		148		111447		187
471		151		111683		183
472		153		111917		189
473		153		112157		190
474		157		112395		190
475		153		112636		186
476		160		112873		187
477		160		113114		188
478		153		113349		188
479		153		113587		188
480		155		113829		185
481		150		114070		187
482		151		114307		187
483		153		114546		189
484		152		114780		190
485		151		115017		193
486		155		115254		186
487		156		115497		184
488		159		115733		188
489		170		115974		186
490		165		116213		190
491		169		116450		185
492		168		116691		186
493		171		116931		187
494		155		117166		187
495		160		117401		188
496		165		117638		186
497		158		117875		191
498		161		118113		188
499		161		118354		184
500		174		118592		188
501		181		118828		186
502		189		119067		190
503		186		119309		185
504		184		119548		189
505		188		119788		185
506		192		120027		187
507		181		120266		194
508		186		120506		187
509		185		120745		193
510		179		120985		189
511		189		121224		191
512		191		121465		187
513		189		121710		189
514		185		121954		191
515		190		122192		182
516		207		122430		190
517		206		122670		188
518		199		122905		187
519		208		123147		186
520		193		123389		189
521		205		123626		193
522		197		123867		194
523		203		124109		191
524		194		124352		191
525		201		124595		185
526		213		124833		190
527		221		125073		188
528		219		125311		192
529		208		125551		192
530		203		125792		189
531		194		126028		189
532		198		126266		185
533		195		126506		190
534		179		126748		188
535		195		126985		190
536		200		127225		186
537		206		127466		188
538		206		127708		184
539		208		127948		186
540		209		128192		184
541		193		128433		185
542		197		128677		186
543		204		128916		186
544		202		129154		185
545		197		129396		193
546		216		129633		192
547		217		129876		190
548		218		130110		185
549		221		130353		190
550		218		130594		193
551		207		130829		186
552		203		131067		188
553		192		131301		189
554		185		131544		184
555		181		131782		187
556		181		132018		185
557		182		132259		187
558		187		132500		191
559		181		132737		188
560		163		132977		185
561		176		133214		189
562		177		133451		186
563		165		133690		188
564		165		133923		188
565		170		134164		192
566		173		134404		191
567		182		134640		191
568		183		134879		191
569		187		135116		187
570		188		135354		188
571		182		135592		190
572		180		135829		191
573		187		136069		194
574		204		136311		187
575		208		136545		192
576		214		136780		189
577		216		137019		187
578		205		137261		186
579		210		137495		186
580		202		137732		190
581		190		137968		183
582		199		138204		186
583		203		138439		187
584		200		138679		187
585		211		138908		189
586		210		139148		186
587		203		139389		187
588		201		139630		195
589		196		139864		186
590		200		140103		183
591		202		140342		192
592		205		140578		194
593		204		140821		187
594		209		141059		186
595		207		141295		183
596		209		141534		193
597		201		141776		182
598		213		142019		190
599		209		142255		184
600		214		142494		190
601		214		142732		192
602		212		142973		188
603		208		143212		192
604		209		143446		187
605		213		143686		190
606		221		143932		188
607		221		144166		191
608		215		144405		187
609		218		144643		186
610		212		144883		188
611		215		145120		190
612		213		145363		188
613		205		145601		181
614		203		145839		192
615		206		146077		183
616		202		146316		185
617		209		146552		187
618		206		146793		185
619		200		147031		184
620		211		147267		185
621		214		147500		185
622		212		147737		190
623		193		147973		185
624		182		148207		186
625		188		148446		187
626		193		148688		192
627		198		148926		184
628		199		149161		185
629		187		149403		187
630		196		149639		188
631		196		149880		188
632		187		150116		190
633		182		150359		188
634		177		150601		187
635		180		150842		189
636		173		151080		190
637		192		151325		187
638		181		151563		191
639		167		151798		193
640		163		152034		185
641		162		152277		189
642		162		152514		184
643		160		152749		188
644		153		152986		185
645		157		153224		189
646		140		153462		187
647		142		153704		188
648		148		153939		189
649		133		154174		188
650		144		154405		185
651		147		154647		189
652		148		154881		189
653		157		155121		194
654		160		155360		192
655		159		155597		188
656		157		155830		191
657		160		156068		189
658		160		156299		184
659		163		156539		190
660		158		156781		187
661		162		157022		186
662		161		157260		180
663		155		157497		189
664		154		157736		186
665		157		157978		190
666		158		158218		188
667		162		158461		185
668		166		158700		188
669		171		158934		184
670		174		159172		184
671		177		159407		186
672		191		159640		187
673		185		159879		183
674		168		160121		189
675		162		160363		188
676		169		160598		186
677		175		160842		188
678		176		161079		186
679		178		161318		187
680		185		161555		189
681		182		161797		188
682		183		162037		188
683		187		162272		187
684		174		162510		185
685		184		162748		192
686		182		162982		188
687		185		163221		188
688		175		163461		189
689		169		163702		190
690		178		163940		187
691		185		164178		187
692		169		164417		188
693		174		164658		189
694		175		164899		193
695		178		165136		186
696		167		165373		184
697		165		165614		189
698		168		165852		190
699		173		166091		189
700		177		166319		189
701		171		166561		183
702		173		166803		187
703		174		167033		191
704		183		167267		189
705		173		167503		188
706		175		167740		189
707		168		167975		186
708		156		168210		186
709		156		168452		187
710		163		168691		183
711		157		168933		184
712		149		169171		185
713		154		169410		187
714		152		169649		183
715		160		169888		192
716		166		170126		185
717		166		170367		190
718		151		170602		186
719		159		170839		185
720		164		171081		192
721		162		171320		185
722		153		171556		184
723		137		171791		187
724		142		172027		183
725		142		172263		188
726		137		172499		191
727		140		172730		189
728		147		172966		190
729		154		173198		190
730		159		173437		184
731		170		173671		186
732		163		173910		193
733		170		174146		189
734		155		174387		189
735		159		174628		185
736		157		174872		194
737		147		175103		191
738		140		175336		191
739		139		175572		187
740		138		175814		188
741		132		176054		190
742		131		176289		187
743		118		176526		186
744		127		176763		184
745		130		177000		189
746		139		177237		189
747		140		177472		189
748		141		177704		187
749		134		177939		186
750		137		178174		188
751		135		178412		188
752		141		178655		189
753		136		178890		188
754		135		179128		189
755		130		179367		186
756		136		179602		192
757		139		179838		188
758		143		180073		192
759		143		180310		191
760		141		180546		188
761		140		180781		192
762		141		181022		188
763		134		181262		187
764		138		181502		189
765		137		181743		192
766		133		181982		192
767		134		182217		186
768		131		182455		191
769		130		182696		188
770		131		182937		186
771		131		183175		185
772		131		183416		187
773		138		183655		189
774		135		183894		185
775		140		184128		185
776		138		184362		185
777		132		184600		184
778		130		184839		191
779		129		185076		187
780		126		185311		185
781		128		185545		186
782		111		185776		191
783		113		186016		185
784		117		186253		185
785		116		186487		190
786		108		186725		188
787		112		186967		184
788		113		187202		186
789		119		187432		188
790		122		187668		186
791		124		187904		184
792		119		188139		189
793		120		188377		190
794		124		188617		190
795		127		188854		189
796		131		189090		186
797		121		189325		186
798		119		189554		186
799		121		189795		187
800		119		190027		185
801		117		190265		188
802		120		190504		189
803		124		190742		189
804		124		190975		187
805		132		191216		184
806		137		191451		188
807		142		191686		188
808		139		191924		185
809		144		192160		187
810		142		192396		191
811		148		192633		186
812		145		192868		187
813		141		193105		189
814		144		193341		186
815		148		193581		187
816		147		193819		189
817		145		194058		185
818		137		194297		188
819		140		194539		188
820		138		194775		188
821		140		195011		190
822		137		195245		188
823		134		195480		185
824		144		195716		186
825		145		195954		189
826		145		196190		185
827		152		196427		183
828		155		196664		182
829		148		196907		191
830		150		197145		189
831		154		197384		188
832		153		197621		188
833		139		197859		186
834		143		198097		183
835		143		198336		185
836		138		198570		188
837		139		198804		192
838		138		199042		188
839		138		199283		190
840		139		199521		187
841		131		199756		187
842		137		199995		188
843		122		200229		189
844		125		200470		187
845		128		200707		186
846		133		200942		187
847		135		201178		184
848		134		201417		188
849		135		201649		190
850		127		201887		189
851		129		202125		188
852		131		202362		186
853		129		202598		189
854		129		202835		190
855		123		203077		191
856		124		203313		186
857		128		203549		187
858		127		203788		188
859		127		204022		191
860		125		204256		188
861		124		204494		187
862		126		204730		190
863		123		204967		190
864		131		205211		185
865		131		205452		187
866		134		205693		185
867		118		205936		190
868		113		206173		188
869		112		206410		188
870		115		206640		191
871		119		206879		188
872		122		207112		186
873		120		207349		188
874		114		207589		188
875		123		207829		188
876		130		208065		186
877		132		208304		185
878		130		208533		188
879		124		208770		189
880		131		209004		183
881		139		209237		183
882		138		209473		186
883		142		209707		188
884		146		209947		185
885		135		210184		188
886		139		210415		185
887		133		210654		186
888		133		210892		190
889		141		211127		185
890		150		211365		185
891		150		211603		190
892		143		211841		186
893		132		212077		188
894		136		212310		188
895		132		212555		192
896		134		212787		189
897		134		213026		187
898		130		213261		188
899		128		213500		184
900		130		213733		184
901		126		213970		184
902		133		214211		185
903		142		214452		182
904		149		214690		187
905		149		214930		188
906		142		215170		186
907		144		215408		187
908		137		215649		187
909		135		215885		185
910		132		216120		188
911		133		216358		187
912		140		216592		191
913		134		216828		187
914		129		217065		190
915		128		217302		189
916		129		217543		188
917		128		217780		190
918		120		218019		187
919		123		218256		186
920		118		218495		188
921		117		218734		184
922		123		218969		190
923		123		219209		186
924		126		219443		190
925		133		219687		186
926		133		219925		182
927		130		220161		185
928		130		220398		190
929		128		220631		192
930		125		220869		189
931		135		221106		189
932		138		221345		192
933		142		221582		193
934		137		221817		189
935		120		222053		188
936		124		222287		189
937		123		222522		187
938		121		222765		190
939		123		223002		186
940		123		223239		185
941		123		223476		186
942		118		223718		189
943		116		223959		186
944		116		224199		190
945		116		224435		189
946		116		224671		190
947		125		224907		188
948		114		225145		188
949		114		225382		188
950		113		225623		183
951		106		225857		187
952		108		226085		188
953		108		226322		190
954		106		226554		188
955		105		226792		190
956		103		227030		188
957		104		227268		187
958		103		227503		189
959		108		227741		187
960		101		227981		187
961		105		228216		188
962		110		228452		189
963		108		228688		190
964		111		228923		188
965		105		229155		190
966		107		229388		191
967		110		229626		188
968		114		229864		190
969		115		230098		189
970		119		230335		188
971		121		230571		188
972		123		230802		190
973		117		231040		190
974		116		231278		188
975		112		231510		187
976		113		231745		187
977		114		231978		186
978		120		232211		183
979		128		232454		188
980		132		232688		185
981		129		232927		187
982		129		233163		189
983		133		233397		187
984		134		233632		188
985		141		233870		188
986		141		234107		190
987		148		234343		185
988		146		234576		186
989		144		234816		188
990		153		235051		186
991		157		235285		189
992		154		235522		187
993		163		235764		188
994		175		236002		193
995		177		236243		189
996		175		236482		180
997		174		236712		182
998		179		236949		189
999		174		237187		188
