# Migration is number of nodes that have changed color.

Round		Edge-Cut		Swaps		Migrations		Skipped
0		821		245		172
1		804		494		196
2		776		737		193
3		788		980		185
4		756		1228		192
5		752		1474		187
6		726		1722		183
7		723		1969		186
8		703		2212		186
9		711		2450		190
10		693		2693		195
11		645		2927		193
12		650		3159		192
13		650		3385		185
14		663		3621		191
15		644		3861		202
16		623		4095		187
17		624		4320		181
18		607		4554		184
19		595		4796		189
20		589		5033		196
21		570		5271		198
22		571		5507		191
23		550		5747		187
24		535		5979		182
25		531		6203		188
26		508		6432		177
27		510		6665		195
28		497		6896		183
29		488		7130		189
30		468		7369		195
31		451		7602		184
32		432		7834		181
33		416		8059		182
34		404		8285		188
35		400		8514		184
36		380		8743		191
37		381		8968		192
38		381		9200		177
39		368		9432		189
40		351		9660		186
41		351		9888		189
42		349		10118		181
43		351		10347		190
44		338		10569		187
45		323		10797		183
46		328		11028		188
47		326		11253		181
48		307		11479		186
49		297		11706		198
50		286		11940		187
51		277		12164		190
52		288		12396		185
53		290		12626		184
54		303		12859		182
55		299		13086		195
56		302		13312		189
57		307		13543		190
58		298		13770		178
59		274		13999		182
60		297		14234		194
61		281		14465		185
62		297		14696		181
63		277		14920		183
64		286		15157		183
65		290		15387		187
66		301		15617		192
67		301		15849		183
68		286		16078		191
69		291		16308		176
70		276		16539		186
71		283		16769		193
72		283		17008		190
73		279		17238		182
74		266		17475		190
75		267		17708		178
76		261		17936		180
77		274		18174		183
78		286		18412		186
79		285		18646		180
80		271		18877		186
81		265		19114		191
82		264		19345		184
83		259		19569		186
84		266		19799		184
85		264		20028		191
86		284		20263		193
87		266		20490		189
88		270		20722		190
89		273		20959		187
90		265		21195		185
91		273		21424		193
92		270		21656		189
93		275		21894		188
94		259		22124		187
95		249		22353		184
96		256		22581		183
97		240		22803		185
98		247		23032		184
99		250		23264		189
100		252		23497		185
101		240		23728		195
102		248		23956		191
103		243		24180		190
104		250		24411		182
105		244		24642		188
106		251		24880		183
107		247		25102		190
108		248		25335		188
109		247		25570		188
110		227		25802		188
111		232		26034		189
112		240		26267		184
113		268		26503		184
114		260		26735		183
115		259		26964		182
116		272		27194		189
117		282		27428		185
118		293		27661		181
119		267		27893		191
120		268		28123		183
121		269		28360		186
122		255		28597		185
123		251		28840		187
124		260		29074		191
125		258		29310		186
126		271		29546		186
127		268		29779		188
128		271		30011		177
129		254		30244		187
130		266		30481		188
131		253		30718		192
132		247		30954		188
133		256		31187		182
134		253		31419		191
135		248		31648		187
136		239		31877		183
137		246		32109		190
138		248		32339		189
139		256		32573		185
140		242		32802		184
141		240		33032		186
142		248		33263		184
143		244		33502		194
144		213		33731		194
145		220		33962		185
146		221		34191		190
147		234		34426		196
148		219		34658		186
149		214		34895		189
150		223		35128		187
151		229		35357		183
152		223		35586		185
153		224		35817		188
154		234		36054		185
155		237		36288		180
156		232		36523		187
157		248		36749		179
158		247		36980		187
159		243		37212		186
160		263		37449		187
161		241		37682		188
162		250		37922		188
163		239		38158		188
164		253		38395		194
165		256		38625		188
166		264		38864		196
167		264		39105		184
168		258		39336		188
169		252		39571		190
170		253		39803		193
171		251		40036		188
172		251		40268		190
173		253		40495		188
174		250		40730		189
175		252		40961		186
176		245		41192		186
177		253		41430		189
178		259		41661		184
179		264		41899		182
180		263		42128		187
181		264		42365		183
182		269		42604		175
183		283		42846		187
184		286		43075		188
185		310		43313		190
186		309		43544		190
187		296		43775		179
188		295		44008		192
189		270		44239		193
190		270		44470		182
191		274		44706		188
192		280		44940		184
193		290		45173		184
194		278		45402		180
195		263		45631		186
196		268		45862		190
197		273		46090		191
198		285		46313		187
199		278		46540		187
200		270		46776		188
201		270		47004		193
202		272		47235		191
203		260		47466		195
204		262		47696		195
205		266		47926		184
206		265		48155		186
207		265		48386		186
208		275		48621		184
209		268		48855		186
210		268		49089		188
211		286		49325		187
212		286		49564		184
213		283		49800		193
214		279		50038		182
215		259		50275		183
216		261		50504		192
217		265		50743		182
218		267		50978		182
219		267		51212		191
220		262		51450		182
221		265		51681		186
222		252		51910		185
223		254		52140		193
224		248		52368		181
225		259		52599		188
226		256		52831		189
227		248		53070		188
228		256		53308		189
229		258		53544		185
230		244		53779		189
231		247		54008		181
232		248		54245		187
233		248		54473		179
234		255		54709		186
235		263		54944		187
236		272		55178		182
237		261		55416		184
238		268		55657		183
239		264		55891		189
240		265		56127		180
241		266		56353		190
242		276		56588		186
243		268		56824		183
244		265		57056		191
245		269		57292		190
246		267		57532		185
247		263		57765		192
248		245		58004		189
249		247		58234		184
250		265		58469		185
251		276		58706		194
252		280		58945		188
253		279		59176		193
254		274		59410		190
255		279		59647		193
256		278		59880		188
257		279		60114		187
258		274		60348		183
259		274		60583		178
260		275		60820		186
261		267		61061		180
262		272		61301		184
263		270		61539		191
264		258		61771		182
265		268		62012		184
266		261		62252		194
267		268		62489		189
268		269		62729		189
269		259		62967		185
270		240		63209		181
271		231		63438		180
272		240		63675		183
273		238		63904		194
274		242		64141		192
275		245		64374		190
276		252		64614		183
277		240		64852		188
278		249		65087		183
279		243		65322		182
280		234		65548		182
281		229		65789		188
282		233		66026		187
283		236		66269		193
284		220		66506		185
285		212		66746		192
286		210		66974		194
287		209		67207		190
288		208		67436		188
289		204		67668		183
290		216		67902		185
291		214		68142		188
292		217		68377		187
293		216		68616		189
294		191		68857		187
295		198		69093		188
296		206		69326		182
297		199		69555		187
298		204		69793		182
299		196		70029		187
300		192		70261		188
301		192		70499		187
302		203		70737		189
303		203		70976		192
304		217		71210		188
305		209		71445		186
306		208		71682		188
307		201		71922		184
308		197		72163		188
309		202		72398		185
310		200		72631		189
311		192		72872		185
312		193		73109		182
313		200		73349		186
314		197		73589		191
315		197		73826		185
316		206		74061		186
317		198		74296		191
318		199		74532		188
319		197		74773		187
320		196		75009		184
321		198		75248		188
322		207		75488		186
323		193		75728		183
324		195		75966		181
325		206		76204		190
326		196		76440		189
327		191		76675		188
328		174		76915		187
329		173		77151		187
330		173		77386		189
331		179		77619		188
332		175		77856		187
333		186		78090		189
334		178		78323		185
335		165		78561		186
336		165		78796		193
337		170		79031		189
338		171		79268		185
339		173		79509		185
340		177		79750		185
341		165		79990		187
342		167		80224		186
343		170		80463		189
344		170		80701		186
345		170		80940		186
346		169		81177		189
347		172		81415		187
348		175		81652		190
349		169		81888		190
350		173		82118		187
351		180		82352		181
352		177		82585		187
353		174		82821		189
354		171		83055		184
355		180		83296		185
356		164		83535		188
357		166		83770		185
358		169		84012		185
359		170		84235		187
360		163		84473		190
361		163		84709		186
362		162		84942		183
363		166		85175		185
364		177		85410		185
365		173		85648		189
366		173		85884		192
367		159		86126		189
368		156		86357		188
369		151		86598		188
370		149		86836		189
371		151		87070		189
372		149		87303		186
373		154		87538		186
374		161		87777		185
375		160		88015		185
376		166		88248		186
377		176		88481		189
378		169		88719		185
379		167		88963		191
380		171		89200		185
381		177		89437		188
382		181		89671		183
383		178		89907		191
384		177		90141		187
385		175		90377		182
386		182		90616		183
387		191		90853		190
388		195		91092		189
389		187		91329		189
390		185		91565		184
391		187		91801		187
392		192		92037		182
393		182		92271		186
394		183		92512		184
395		177		92748		189
396		179		92986		190
397		183		93219		187
398		186		93457		186
399		187		93694		185
400		183		93934		185
401		179		94169		191
402		176		94405		184
403		174		94640		181
404		171		94876		188
405		181		95109		193
406		185		95351		189
407		186		95589		187
408		172		95823		184
409		177		96054		188
410		177		96297		188
411		180		96533		191
412		187		96768		189
413		189		97008		183
414		185		97251		184
415		195		97491		186
416		194		97726		182
417		187		97962		184
418		186		98190		185
419		177		98423		185
420		176		98660		181
421		182		98889		188
422		180		99122		188
423		166		99355		190
424		158		99590		190
425		161		99822		185
426		151		100056		186
427		159		100297		186
428		158		100540		185
429		156		100781		186
430		157		101016		188
431		167		101251		187
432		162		101489		187
433		162		101724		183
434		161		101963		189
435		167		102198		187
436		154		102438		186
437		150		102680		188
438		149		102915		186
439		159		103156		185
440		150		103388		188
441		138		103620		188
442		143		103851		186
443		146		104086		186
444		147		104323		185
445		139		104561		191
446		136		104796		185
447		141		105031		189
448		147		105259		187
449		141		105501		189
450		144		105734		189
451		147		105971		189
452		158		106208		184
453		170		106444		189
454		165		106682		186
455		156		106919		184
456		157		107154		188
457		157		107391		186
458		148		107624		182
459		151		107861		185
460		143		108100		189
461		138		108329		188
462		144		108564		190
463		142		108799		183
464		144		109036		182
465		142		109270		185
466		150		109507		189
467		149		109741		186
468		153		109976		189
469		148		110211		187
470		148		110444		193
471		151		110682		189
472		154		110916		186
473		143		111154		183
474		133		111391		185
475		130		111633		185
476		134		111866		185
477		130		112104		183
478		130		112338		186
479		130		112568		190
480		131		112801		187
481		133		113034		187
482		131		113265		186
483		133		113507		183
484		138		113742		189
485		146		113977		189
486		140		114220		186
487		135		114458		183
488		133		114697		187
489		137		114933		187
490		142		115169		180
491		137		115409		186
492		131		115648		188
493		130		115883		188
494		126		116117		187
495		123		116350		187
496		126		116584		188
497		137		116820		183
498		137		117062		188
499		149		117302		185
500		152		117533		187
501		151		117771		186
502		146		118002		190
503		158		118235		186
504		154		118465		189
505		158		118700		190
506		170		118938		191
507		166		119173		185
508		175		119409		189
509		174		119641		191
510		186		119879		189
511		187		120115		189
512		179		120351		187
513		174		120585		187
514		184		120823		186
515		196		121063		186
516		205		121295		189
517		196		121532		188
518		198		121770		184
519		198		122014		184
520		183		122242		189
521		193		122480		187
522		188		122713		182
523		189		122951		186
524		190		123191		184
525		184		123430		192
526		182		123662		186
527		180		123900		187
528		183		124128		192
529		186		124359		188
530		181		124594		188
531		182		124830		189
532		175		125063		190
533		173		125301		183
534		170		125535		181
535		169		125772		190
536		164		126009		191
537		159		126243		186
538		160		126478		188
539		159		126717		190
540		158		126954		189
541		160		127194		188
542		162		127425		186
543		161		127658		187
544		166		127898		190
545		164		128132		188
546		161		128370		184
547		166		128602		184
548		168		128835		184
549		161		129072		185
550		145		129312		188
551		151		129549		184
552		149		129783		184
553		149		130021		188
554		156		130255		188
555		163		130486		186
556		160		130726		190
557		166		130966		192
558		167		131208		182
559		176		131444		185
560		171		131683		191
561		163		131919		186
562		164		132154		192
563		161		132391		190
564		161		132627		194
565		160		132862		189
566		156		133094		181
567		156		133326		190
568		168		133558		190
569		165		133797		188
570		170		134033		187
571		167		134273		188
572		172		134511		189
573		169		134743		189
574		163		134979		185
575		162		135214		184
576		164		135453		186
577		162		135691		186
578		155		135922		187
579		162		136165		185
580		157		136401		188
581		165		136631		187
582		161		136860		184
583		155		137095		191
584		161		137335		188
585		166		137568		192
586		178		137805		190
587		187		138038		186
588		201		138274		187
589		199		138509		187
590		195		138749		187
591		202		138984		184
592		185		139215		188
593		179		139448		187
594		169		139682		183
595		167		139917		187
596		170		140157		183
597		168		140393		181
598		166		140629		187
599		172		140861		184
600		164		141091		188
601		169		141325		186
602		172		141559		183
603		173		141792		187
604		172		142024		183
605		168		142262		182
606		170		142497		184
607		173		142737		187
608		173		142973		186
609		174		143208		183
610		178		143450		185
611		179		143692		188
612		168		143924		189
613		171		144156		188
614		169		144395		186
615		169		144627		183
616		173		144857		185
617		175		145097		188
618		173		145332		183
619		173		145564		188
620		169		145805		186
621		173		146049		188
622		170		146280		185
623		172		146514		192
624		161		146748		191
625		156		146983		188
626		153		147215		185
627		167		147446		189
628		164		147676		190
629		161		147907		194
630		159		148143		186
631		157		148377		189
632		159		148610		187
633		166		148846		189
634		161		149087		192
635		159		149320		191
636		169		149557		187
637		161		149794		189
638		166		150027		183
639		172		150263		187
640		164		150499		184
641		162		150737		183
642		158		150966		184
643		157		151200		187
644		155		151438		186
645		157		151673		185
646		150		151901		189
647		153		152136		188
648		155		152374		184
649		158		152610		186
650		163		152842		183
651		158		153082		183
652		156		153323		184
653		160		153556		185
654		147		153786		187
655		155		154019		190
656		148		154257		188
657		142		154492		185
658		149		154733		183
659		151		154968		187
660		149		155195		187
661		145		155430		188
662		150		155670		186
663		145		155908		186
664		145		156145		187
665		148		156380		186
666		147		156616		187
667		142		156859		187
668		140		157096		185
669		134		157333		184
670		131		157576		186
671		129		157815		185
672		133		158057		180
673		134		158291		187
674		132		158528		181
675		130		158763		183
676		128		159002		185
677		126		159237		188
678		129		159472		187
679		128		159705		191
680		128		159946		188
681		133		160181		188
682		137		160421		186
683		135		160662		185
684		137		160898		186
685		137		161132		186
686		139		161370		185
687		143		161605		183
688		143		161839		184
689		144		162077		184
690		151		162318		188
691		150		162561		187
692		150		162795		185
693		140		163028		188
694		133		163264		185
695		133		163503		187
696		129		163736		188
697		136		163973		182
698		136		164209		187
699		135		164447		185
700		136		164683		185
701		137		164925		185
702		137		165161		183
703		134		165397		186
704		133		165630		184
705		134		165866		183
706		135		166105		189
707		134		166333		188
708		132		166569		188
709		136		166808		184
710		136		167051		184
711		137		167280		185
712		132		167517		188
713		141		167753		190
714		136		167988		186
715		127		168224		188
716		130		168464		186
717		126		168700		189
718		132		168938		186
719		126		169172		188
720		128		169412		186
721		130		169647		187
722		134		169882		184
723		139		170118		187
724		145		170353		184
725		134		170588		183
726		128		170830		190
727		130		171066		190
728		126		171299		191
729		123		171529		190
730		128		171773		187
731		128		172010		184
732		125		172249		187
733		133		172484		185
734		115		172721		188
735		118		172955		187
736		112		173194		189
737		109		173432		188
738		106		173664		188
739		100		173900		189
740		102		174138		187
741		103		174370		187
742		102		174606		187
743		101		174840		187
744		104		175078		188
745		104		175315		188
746		108		175550		188
747		101		175789		191
748		100		176030		188
749		102		176265		188
750		104		176498		189
751		108		176737		188
752		118		176974		187
753		125		177212		188
754		126		177447		185
755		119		177684		188
756		119		177914		186
757		122		178145		186
758		127		178383		188
759		124		178625		190
760		126		178857		187
761		121		179091		191
762		127		179329		187
763		129		179572		183
764		131		179800		188
765		127		180042		186
766		121		180278		187
767		121		180517		186
768		112		180755		187
769		114		180993		188
770		111		181230		188
771		116		181469		189
772		113		181701		183
773		114		181939		188
774		110		182181		186
775		108		182418		188
776		105		182657		190
777		107		182895		189
778		110		183130		185
779		116		183363		188
780		125		183598		183
781		114		183831		186
782		116		184065		183
783		114		184308		188
784		114		184548		186
785		112		184786		187
786		114		185021		188
787		117		185257		184
788		116		185489		184
789		118		185727		187
790		118		185964		186
791		122		186199		189
792		120		186428		185
793		114		186664		187
794		112		186902		188
795		123		187135		189
796		126		187368		186
797		132		187601		185
798		126		187839		187
799		121		188071		187
800		117		188304		188
801		118		188542		188
802		124		188779		184
803		129		189019		188
804		141		189254		184
805		149		189493		186
806		155		189731		185
807		160		189966		187
808		161		190203		186
809		158		190433		187
810		153		190673		187
811		161		190907		187
812		155		191142		183
813		159		191376		181
814		160		191610		185
815		159		191843		185
816		150		192079		186
817		143		192312		185
818		144		192548		181
819		148		192781		186
820		153		193013		182
821		154		193253		188
822		153		193493		187
823		163		193727		188
824		155		193968		188
825		142		194203		185
826		148		194442		187
827		143		194679		186
828		148		194912		180
829		150		195146		186
830		142		195381		189
831		136		195617		186
832		137		195850		184
833		143		196089		186
834		146		196326		188
835		144		196566		184
836		150		196803		186
837		155		197038		182
838		163		197272		184
839		161		197511		190
840		152		197742		183
841		154		197975		183
842		151		198211		189
843		151		198451		187
844		147		198689		185
845		145		198923		187
846		147		199153		188
847		153		199391		190
848		143		199628		184
849		144		199863		183
850		144		200102		186
851		150		200332		185
852		146		200567		186
853		139		200803		186
854		147		201037		186
855		149		201279		190
856		152		201514		184
857		145		201747		184
858		144		201992		188
859		142		202227		185
860		141		202460		187
861		148		202695		185
862		138		202933		189
863		123		203172		186
864		126		203411		186
865		136		203648		188
866		136		203885		188
867		139		204123		186
868		128		204356		185
869		113		204595		183
870		116		204831		188
871		115		205063		186
872		113		205303		187
873		112		205541		183
874		110		205776		187
875		116		206015		186
876		113		206251		186
877		118		206486		185
878		125		206725		190
879		131		206955		189
880		139		207192		188
881		137		207432		188
882		140		207671		184
883		131		207909		189
884		130		208141		186
885		128		208371		184
886		126		208611		183
887		128		208848		183
888		121		209090		186
889		119		209327		189
890		118		209563		188
891		123		209798		188
892		118		210033		189
893		123		210268		186
894		124		210494		186
895		124		210727		186
896		130		210957		188
897		132		211195		185
898		128		211427		185
899		136		211665		182
900		134		211897		185
901		138		212130		188
902		135		212361		186
903		142		212594		187
904		141		212832		188
905		139		213076		185
906		141		213315		192
907		141		213554		190
908		137		213788		183
909		136		214024		187
910		141		214254		188
911		142		214487		183
912		144		214722		189
913		149		214961		185
914		153		215204		188
915		164		215437		186
916		165		215673		183
917		165		215908		186
918		163		216146		184
919		167		216381		186
920		166		216620		185
921		161		216856		182
922		169		217088		184
923		154		217327		189
924		142		217561		187
925		154		217793		183
926		147		218025		183
927		152		218255		187
928		148		218495		190
929		152		218729		189
930		144		218967		184
931		148		219203		184
932		151		219441		188
933		153		219674		188
934		143		219906		185
935		151		220138		185
936		151		220370		184
937		149		220607		187
938		151		220839		186
939		158		221079		192
940		156		221316		187
941		157		221552		188
942		151		221785		189
943		157		222025		183
944		160		222252		186
945		159		222491		186
946		157		222722		182
947		163		222957		182
948		159		223195		183
949		165		223430		184
950		171		223666		188
951		170		223905		185
952		167		224140		191
953		164		224376		187
954		178		224611		191
955		184		224844		188
956		191		225082		185
957		181		225322		188
958		186		225558		189
959		193		225789		185
960		185		226022		186
961		168		226257		183
962		165		226492		182
963		162		226732		187
964		161		226970		186
965		162		227202		183
966		154		227441		180
967		150		227674		189
968		156		227911		185
969		157		228149		188
970		165		228384		188
971		180		228624		191
972		176		228862		187
973		160		229100		185
974		148		229336		185
975		146		229574		185
976		145		229809		181
977		140		230048		184
978		142		230284		187
979		146		230522		186
980		142		230756		186
981		132		230988		187
982		132		231226		189
983		130		231461		187
984		125		231700		187
985		131		231935		185
986		124		232173		185
987		124		232408		184
988		124		232646		187
989		129		232881		186
990		122		233123		189
991		120		233362		188
992		127		233590		187
993		130		233822		187
994		119		234065		188
995		121		234301		186
996		110		234536		188
997		116		234769		183
998		104		235007		187
999		104		235240		186
