# Migration is number of nodes that have changed color.

Round		Edge-Cut		Swaps		Migrations		Skipped
0		824		249		191
1		789		497		177
2		777		745		185
3		754		992		187
4		762		1235		174
5		767		1480		187
6		740		1727		189
7		736		1964		188
8		742		2209		177
9		742		2447		182
10		737		2686		196
11		723		2926		176
12		699		3168		184
13		675		3408		175
14		684		3642		181
15		679		3881		188
16		651		4117		190
17		638		4347		186
18		605		4583		192
19		611		4814		184
20		580		5049		183
21		568		5272		189
22		544		5499		186
23		558		5725		192
24		555		5959		191
25		549		6185		186
26		548		6409		194
27		559		6638		175
28		557		6870		182
29		519		7093		181
30		506		7317		190
31		498		7538		189
32		500		7753		186
33		503		7981		182
34		518		8206		196
35		525		8431		186
36		526		8662		186
37		523		8892		184
38		527		9121		187
39		501		9346		190
40		491		9560		183
41		512		9791		190
42		495		10022		192
43		489		10249		182
44		493		10485		189
45		483		10709		180
46		460		10936		185
47		445		11169		193
48		446		11395		184
49		433		11614		185
50		428		11840		185
51		402		12064		182
52		405		12286		187
53		408		12501		191
54		397		12724		195
55		397		12947		191
56		412		13169		184
57		410		13383		189
58		389		13608		184
59		385		13838		188
60		382		14058		181
61		380		14288		181
62		375		14524		188
63		354		14751		185
64		343		14967		188
65		344		15184		185
66		346		15397		189
67		343		15629		190
68		333		15851		192
69		345		16078		184
70		326		16307		188
71		317		16534		183
72		334		16764		191
73		329		16992		185
74		326		17223		193
75		317		17436		196
76		297		17664		193
77		301		17881		188
78		288		18108		184
79		288		18324		180
80		282		18548		183
81		261		18772		185
82		258		19009		189
83		255		19235		190
84		264		19460		185
85		256		19683		189
86		263		19905		186
87		263		20137		185
88		279		20358		177
89		272		20581		186
90		283		20798		185
91		274		21018		187
92		268		21243		189
93		276		21462		186
94		296		21687		185
95		303		21912		179
96		312		22137		188
97		294		22364		185
98		290		22586		193
99		281		22813		188
100		264		23036		183
101		260		23254		189
102		259		23471		191
103		266		23692		190
104		265		23918		188
105		255		24151		193
106		240		24375		190
107		239		24598		191
108		238		24818		192
109		237		25040		190
110		241		25260		188
111		251		25483		189
112		248		25704		187
113		245		25917		195
114		257		26127		188
115		265		26345		193
116		281		26570		189
117		290		26797		184
118		288		27022		184
119		272		27253		183
120		277		27481		191
121		287		27702		183
122		286		27936		198
123		286		28160		193
124		292		28389		190
125		289		28619		188
126		302		28837		188
127		294		29067		187
128		290		29293		187
129		295		29522		192
130		286		29746		186
131		282		29975		193
132		276		30197		188
133		270		30421		185
134		269		30647		190
135		267		30878		191
136		256		31105		191
137		272		31324		185
138		277		31554		189
139		262		31777		193
140		262		32000		191
141		261		32220		192
142		269		32437		183
143		265		32658		187
144		268		32883		179
145		263		33111		185
146		261		33336		189
147		261		33563		187
148		279		33787		184
149		271		34019		186
150		257		34252		185
151		273		34472		186
152		267		34704		193
153		271		34929		184
154		262		35152		189
155		261		35378		187
156		268		35606		190
157		261		35840		184
158		263		36061		189
159		271		36289		184
160		270		36515		192
161		259		36746		190
162		270		36972		187
163		266		37195		193
164		276		37421		191
165		261		37640		189
166		272		37870		193
167		260		38094		187
168		256		38323		182
169		265		38548		185
170		250		38770		185
171		249		38998		190
172		248		39216		187
173		256		39443		193
174		264		39673		189
175		271		39901		189
176		277		40127		191
177		278		40354		193
178		279		40591		190
179		266		40815		191
180		262		41048		186
181		249		41276		186
182		248		41505		187
183		246		41725		189
184		261		41949		183
185		253		42178		186
186		258		42412		189
187		252		42639		184
188		265		42874		193
189		258		43102		191
190		254		43327		182
191		253		43561		186
192		254		43784		191
193		265		44012		189
194		268		44242		187
195		254		44466		188
196		252		44702		178
197		255		44933		186
198		257		45166		185
199		238		45393		185
200		228		45616		182
201		219		45840		187
202		224		46065		190
203		222		46293		189
204		220		46522		191
205		227		46751		187
206		225		46980		193
207		227		47205		192
208		212		47428		184
209		210		47656		185
210		211		47882		194
211		207		48114		189
212		216		48348		186
213		216		48574		185
214		214		48803		187
215		212		49037		190
216		211		49268		190
217		213		49492		193
218		207		49728		186
219		214		49963		190
220		216		50196		181
221		215		50426		187
222		212		50655		190
223		206		50885		187
224		210		51115		190
225		212		51341		186
226		214		51562		190
227		193		51795		187
228		199		52028		189
229		199		52261		194
230		193		52482		190
231		184		52711		189
232		174		52941		189
233		183		53167		188
234		189		53397		190
235		195		53620		192
236		189		53851		188
237		194		54080		187
238		203		54312		188
239		202		54543		183
240		195		54775		188
241		195		55005		188
242		203		55234		187
243		205		55464		182
244		206		55689		185
245		211		55920		183
246		212		56149		191
247		218		56381		189
248		222		56614		185
249		223		56839		189
250		209		57064		191
251		216		57295		186
252		223		57524		189
253		218		57760		192
254		207		57987		187
255		206		58221		186
256		211		58454		190
257		225		58676		190
258		231		58904		189
259		239		59140		186
260		238		59369		187
261		231		59602		189
262		213		59829		186
263		226		60059		186
264		218		60290		188
265		224		60522		185
266		210		60752		187
267		213		60983		189
268		209		61211		186
269		213		61436		185
270		222		61667		183
271		219		61902		186
272		228		62131		189
273		228		62353		187
274		223		62580		192
275		211		62819		188
276		204		63046		191
277		202		63270		191
278		185		63495		186
279		185		63729		188
280		184		63955		186
281		185		64182		188
282		191		64411		188
283		186		64639		189
284		182		64874		184
285		204		65108		188
286		188		65341		184
287		189		65570		189
288		193		65800		182
289		191		66031		188
290		182		66259		183
291		173		66486		187
292		178		66714		188
293		182		66945		188
294		178		67177		186
295		170		67409		186
296		170		67637		187
297		166		67872		189
298		174		68101		189
299		172		68329		190
300		167		68558		186
301		175		68788		188
302		178		69025		188
303		181		69258		188
304		188		69489		188
305		189		69713		184
306		170		69938		189
307		167		70174		185
308		166		70406		185
309		167		70634		187
310		168		70866		186
311		163		71089		188
312		169		71318		188
313		171		71545		186
314		169		71779		191
315		170		72007		191
316		169		72239		188
317		173		72464		192
318		171		72689		189
319		162		72923		188
320		161		73149		188
321		164		73375		186
322		159		73610		191
323		167		73838		187
324		177		74074		188
325		185		74302		190
326		188		74537		189
327		191		74768		183
328		182		74999		187
329		184		75230		189
330		187		75463		187
331		193		75694		184
332		182		75925		189
333		185		76160		189
334		188		76388		186
335		180		76615		190
336		190		76845		184
337		189		77074		183
338		187		77293		186
339		173		77524		185
340		182		77757		187
341		181		77990		187
342		179		78220		190
343		182		78453		188
344		181		78680		184
345		182		78911		188
346		184		79139		185
347		183		79365		189
348		183		79595		186
349		187		79820		187
350		172		80055		184
351		170		80284		190
352		169		80503		192
353		164		80726		191
354		153		80961		188
355		157		81187		185
356		158		81414		190
357		160		81641		186
358		157		81874		188
359		163		82102		184
360		153		82330		190
361		156		82557		191
362		161		82790		191
363		162		83022		189
364		163		83254		184
365		165		83487		186
366		172		83718		188
367		174		83951		186
368		179		84183		188
369		181		84416		189
370		185		84642		186
371		187		84873		191
372		172		85106		190
373		165		85332		189
374		170		85562		189
375		181		85795		188
376		172		86026		185
377		180		86261		187
378		189		86495		187
379		190		86726		191
380		186		86953		187
381		193		87180		192
382		185		87414		190
383		180		87644		192
384		189		87873		191
385		201		88103		189
386		199		88336		191
387		193		88556		186
388		192		88784		192
389		198		89013		186
390		185		89242		184
391		177		89471		191
392		178		89700		188
393		163		89929		189
394		158		90164		188
395		165		90396		189
396		167		90623		190
397		166		90853		191
398		171		91087		191
399		165		91320		190
400		166		91551		188
401		174		91775		190
402		178		92005		190
403		184		92232		193
404		173		92467		189
405		169		92695		189
406		174		92916		192
407		182		93135		192
408		179		93367		191
409		174		93586		189
410		170		93806		192
411		171		94039		188
412		172		94267		191
413		174		94496		191
414		178		94724		188
415		174		94953		189
416		164		95180		191
417		160		95410		192
418		163		95637		189
419		168		95868		189
420		170		96092		187
421		170		96318		187
422		168		96551		185
423		175		96782		189
424		171		97017		190
425		180		97252		190
426		178		97484		190
427		168		97722		189
428		171		97944		188
429		168		98179		191
430		183		98412		190
431		179		98631		188
432		187		98864		188
433		177		99098		185
434		184		99332		184
435		197		99564		188
436		197		99795		192
437		207		100021		189
438		205		100258		190
439		201		100489		185
440		201		100722		190
441		187		100958		190
442		192		101193		183
443		195		101422		190
444		199		101650		189
445		199		101876		189
446		198		102116		191
447		197		102343		188
448		193		102576		189
449		192		102807		183
450		189		103033		184
451		193		103256		184
452		196		103490		187
453		193		103722		186
454		190		103955		185
455		200		104187		187
456		208		104415		190
457		224		104644		188
458		212		104880		186
459		210		105118		187
460		217		105353		186
461		214		105583		184
462		229		105820		190
463		226		106052		196
464		231		106280		181
465		226		106508		181
466		236		106737		181
467		226		106970		189
468		211		107188		190
469		217		107420		189
470		206		107657		186
471		206		107890		187
472		217		108125		184
473		207		108357		190
474		197		108591		183
475		197		108822		187
476		191		109045		187
477		197		109275		186
478		204		109499		188
479		203		109724		185
480		201		109953		190
481		187		110185		188
482		183		110419		187
483		186		110645		182
484		183		110871		189
485		190		111097		185
486		196		111323		188
487		183		111558		192
488		190		111783		187
489		190		112015		185
490		201		112250		183
491		194		112485		187
492		204		112715		186
493		210		112949		187
494		212		113184		184
495		214		113419		178
496		212		113653		191
497		205		113883		187
498		212		114116		183
499		217		114345		190
500		214		114571		189
501		220		114799		188
502		222		115034		186
503		224		115267		190
504		229		115504		186
505		242		115738		186
506		242		115965		184
507		240		116201		189
508		219		116431		188
509		217		116656		190
510		221		116891		192
511		213		117121		186
512		209		117350		187
513		211		117584		183
514		230		117821		183
515		227		118050		181
516		225		118283		184
517		231		118518		188
518		238		118751		188
519		244		118985		186
520		242		119214		183
521		245		119446		184
522		241		119680		186
523		243		119915		184
524		224		120149		185
525		232		120380		185
526		232		120618		183
527		250		120848		187
528		248		121078		186
529		252		121311		189
530		248		121537		188
531		248		121767		184
532		259		122003		192
533		259		122238		195
534		252		122472		186
535		254		122709		186
536		266		122945		191
537		262		123171		187
538		250		123401		188
539		234		123632		185
540		234		123864		184
541		242		124090		189
542		248		124325		184
543		251		124554		180
544		262		124783		192
545		274		125014		195
546		261		125244		190
547		254		125480		184
548		268		125709		188
549		281		125946		185
550		289		126178		177
551		285		126418		188
552		299		126651		184
553		292		126881		184
554		299		127116		187
555		295		127346		189
556		288		127585		186
557		293		127821		188
558		289		128057		188
559		275		128292		185
560		277		128527		184
561		276		128753		182
562		276		128992		180
563		272		129226		189
564		258		129462		196
565		254		129704		192
566		240		129942		187
567		242		130171		183
568		244		130410		188
569		240		130649		187
570		244		130884		188
571		246		131126		189
572		245		131354		191
573		234		131589		188
574		238		131818		177
575		233		132053		191
576		238		132291		192
577		247		132528		189
578		245		132760		186
579		238		132995		187
580		242		133224		189
581		250		133462		185
582		246		133689		186
583		246		133924		191
584		242		134164		188
585		238		134398		192
586		218		134637		190
587		225		134874		195
588		226		135110		189
589		236		135342		186
590		244		135575		178
591		244		135812		190
592		245		136053		188
593		231		136288		180
594		232		136523		189
595		226		136762		181
596		215		136997		187
597		224		137235		190
598		219		137473		187
599		221		137710		187
600		217		137949		189
601		214		138184		182
602		202		138418		187
603		193		138656		182
604		192		138891		185
605		192		139134		187
606		194		139371		187
607		192		139609		188
608		188		139847		186
609		178		140079		182
610		186		140311		186
611		183		140547		183
612		184		140786		187
613		193		141016		190
614		198		141250		185
615		199		141486		184
616		206		141721		188
617		202		141959		187
618		199		142195		189
619		203		142433		186
620		214		142670		186
621		218		142905		190
622		227		143143		190
623		221		143380		188
624		230		143619		186
625		231		143860		183
626		229		144098		189
627		214		144333		186
628		214		144564		185
629		220		144802		190
630		209		145035		185
631		204		145274		187
632		198		145505		190
633		197		145745		190
634		192		145982		188
635		187		146211		189
636		177		146444		193
637		174		146681		189
638		171		146916		188
639		172		147143		189
640		172		147377		191
641		182		147610		191
642		160		147846		187
643		165		148086		187
644		163		148325		190
645		171		148557		193
646		167		148792		183
647		165		149022		185
648		173		149257		188
649		172		149490		183
650		172		149722		185
651		177		149956		192
652		181		150195		187
653		166		150428		191
654		163		150661		184
655		165		150896		187
656		174		151130		187
657		176		151369		188
658		167		151608		194
659		174		151840		189
660		163		152074		184
661		166		152308		192
662		151		152542		187
663		155		152777		189
664		153		153010		185
665		151		153245		184
666		151		153481		187
667		153		153718		188
668		173		153955		185
669		160		154198		190
670		159		154426		189
671		147		154664		190
672		149		154901		187
673		157		155137		184
674		153		155378		188
675		151		155614		187
676		148		155854		185
677		143		156092		187
678		144		156331		189
679		142		156567		186
680		154		156802		186
681		144		157034		183
682		142		157271		189
683		153		157501		183
684		155		157737		184
685		153		157969		190
686		160		158204		182
687		154		158447		184
688		144		158689		189
689		138		158925		186
690		137		159157		182
691		138		159395		189
692		141		159630		191
693		151		159870		193
694		151		160114		187
695		155		160355		188
696		145		160591		188
697		163		160830		184
698		162		161068		186
699		170		161303		182
700		168		161543		181
701		167		161782		183
702		177		162017		190
703		173		162255		184
704		170		162488		182
705		169		162720		182
706		162		162957		184
707		168		163199		187
708		163		163430		186
709		162		163672		189
710		165		163910		189
711		168		164145		183
712		164		164386		183
713		164		164622		188
714		178		164860		190
715		179		165095		187
716		179		165331		186
717		186		165570		188
718		193		165807		183
719		183		166044		193
720		185		166280		184
721		186		166515		194
722		185		166750		184
723		179		166982		186
724		182		167218		189
725		184		167454		183
726		184		167695		185
727		181		167934		185
728		176		168172		186
729		169		168410		184
730		176		168649		188
731		173		168882		185
732		165		169114		186
733		169		169347		188
734		171		169587		190
735		176		169824		186
736		173		170066		190
737		167		170299		190
738		166		170536		186
739		174		170771		186
740		163		171012		194
741		163		171252		187
742		163		171481		187
743		165		171711		187
744		161		171950		188
745		156		172187		187
746		154		172418		187
747		154		172651		184
748		160		172890		185
749		161		173130		190
750		148		173369		189
751		149		173605		185
752		154		173841		191
753		157		174078		188
754		153		174314		191
755		156		174549		189
756		161		174786		186
757		168		175022		186
758		165		175260		191
759		163		175497		186
760		155		175734		187
761		154		175967		187
762		148		176210		188
763		138		176445		188
764		135		176682		185
765		133		176917		184
766		134		177150		184
767		138		177385		185
768		140		177619		187
769		138		177857		192
770		139		178094		187
771		139		178329		189
772		141		178564		186
773		142		178804		181
774		134		179042		184
775		133		179280		186
776		137		179520		187
777		132		179759		187
778		128		179989		188
779		129		180225		185
780		126		180458		186
781		125		180692		184
782		126		180932		187
783		122		181166		186
784		119		181403		184
785		123		181637		191
786		123		181872		185
787		129		182102		188
788		125		182335		192
789		131		182569		187
790		123		182810		189
791		124		183050		189
792		125		183287		184
793		131		183523		191
794		135		183759		188
795		137		183995		189
796		139		184232		188
797		129		184468		188
798		132		184705		187
799		133		184943		188
800		140		185184		187
801		138		185419		193
802		138		185655		188
803		136		185895		186
804		129		186129		183
805		142		186367		189
806		143		186592		189
807		138		186830		188
808		138		187060		188
809		143		187288		189
810		148		187529		186
811		156		187767		187
812		161		188000		188
813		157		188239		188
814		168		188472		188
815		163		188707		192
816		163		188941		189
817		167		189181		189
818		159		189421		191
819		160		189656		190
820		166		189897		188
821		155		190137		185
822		139		190371		185
823		141		190605		187
824		143		190844		185
825		149		191076		185
826		151		191316		187
827		151		191551		186
828		146		191788		186
829		139		192029		184
830		142		192269		185
831		140		192508		182
832		142		192739		187
833		140		192979		187
834		139		193212		189
835		143		193452		186
836		149		193689		188
837		142		193923		184
838		136		194156		189
839		134		194391		187
840		139		194630		183
841		138		194865		183
842		137		195097		187
843		138		195339		188
844		146		195580		185
845		144		195817		190
846		153		196049		185
847		154		196288		187
848		153		196523		187
849		164		196761		185
850		161		196998		193
851		158		197236		191
852		158		197474		189
853		159		197710		188
854		165		197947		188
855		160		198187		187
856		160		198420		187
857		169		198663		187
858		163		198896		182
859		169		199129		185
860		165		199369		184
861		163		199608		186
862		167		199843		192
863		168		200077		183
864		167		200322		189
865		162		200557		184
866		163		200796		188
867		160		201028		184
868		165		201268		181
869		159		201503		186
870		148		201741		189
871		154		201979		184
872		151		202220		190
873		151		202459		186
874		148		202700		184
875		148		202935		190
876		156		203176		188
877		152		203412		191
878		152		203656		188
879		156		203889		185
880		160		204126		185
881		156		204361		187
882		153		204600		189
883		162		204837		192
884		162		205071		186
885		147		205309		191
886		150		205544		184
887		149		205783		186
888		151		206019		185
889		143		206257		187
890		143		206491		187
891		140		206730		186
892		131		206963		188
893		142		207200		187
894		138		207430		187
895		138		207668		190
896		136		207902		186
897		140		208133		188
898		146		208368		188
899		150		208604		188
900		143		208839		189
901		145		209075		185
902		149		209311		184
903		146		209547		184
904		153		209787		186
905		156		210023		186
906		162		210258		190
907		151		210495		190
908		155		210729		187
909		154		210968		189
910		158		211207		188
911		172		211448		185
912		177		211686		191
913		177		211923		188
914		179		212160		188
915		184		212392		192
916		181		212629		182
917		181		212869		188
918		167		213113		188
919		164		213346		194
920		156		213584		186
921		145		213815		189
922		151		214047		193
923		154		214285		188
924		150		214524		189
925		146		214752		185
926		148		214985		189
927		143		215222		187
928		151		215453		187
929		153		215692		186
930		150		215931		184
931		144		216166		185
932		148		216403		190
933		154		216641		189
934		158		216874		190
935		157		217116		187
936		159		217347		186
937		153		217585		183
938		152		217822		185
939		150		218061		186
940		152		218301		187
941		153		218540		191
942		156		218775		188
943		150		219016		187
944		146		219248		190
945		152		219487		187
946		148		219723		191
947		145		219962		187
948		144		220200		186
949		140		220436		187
950		151		220671		187
951		156		220911		190
952		147		221147		189
953		153		221387		184
954		151		221628		189
955		146		221868		188
956		144		222100		189
957		146		222331		191
958		149		222571		185
959		150		222810		190
960		150		223046		186
961		140		223280		188
962		140		223517		185
963		142		223739		184
964		146		223976		189
965		147		224210		187
966		156		224449		183
967		155		224686		189
968		150		224919		188
969		158		225152		189
970		150		225382		188
971		163		225623		190
972		164		225861		186
973		160		226101		191
974		162		226328		192
975		164		226561		187
976		161		226798		186
977		170		227038		192
978		169		227264		188
979		172		227495		193
980		170		227725		190
981		160		227957		187
982		163		228196		189
983		153		228435		187
984		150		228667		188
985		146		228892		186
986		155		229127		188
987		160		229364		187
988		155		229605		185
989		151		229834		187
990		157		230068		186
991		160		230305		189
992		165		230539		184
993		165		230772		185
994		162		231010		191
995		163		231240		189
996		168		231475		190
997		160		231713		191
998		158		231950		188
999		160		232185		185
