# Migration is number of nodes that have changed color.

Round		Edge-Cut		Swaps		Migrations		Skipped
0		816		249		178
1		786		497		198
2		783		745		202
3		760		992		191
4		761		1237		193
5		751		1481		195
6		716		1724		182
7		705		1967		186
8		699		2211		194
9		661		2453		195
10		658		2690		170
11		672		2932		197
12		651		3162		189
13		644		3396		175
14		640		3632		170
15		670		3870		179
16		668		4108		189
17		641		4349		184
18		636		4587		188
19		659		4824		194
20		640		5063		189
21		648		5301		191
22		630		5538		197
23		651		5784		188
24		623		6022		193
25		604		6257		187
26		613		6491		188
27		594		6723		187
28		579		6956		190
29		585		7186		189
30		570		7425		186
31		582		7663		191
32		560		7898		194
33		551		8137		196
34		550		8371		185
35		521		8600		186
36		535		8823		181
37		535		9059		187
38		532		9291		183
39		545		9524		186
40		535		9757		182
41		523		9983		184
42		539		10215		192
43		543		10452		193
44		543		10686		194
45		554		10917		193
46		547		11156		179
47		559		11389		181
48		569		11622		186
49		579		11861		197
50		552		12097		186
51		544		12336		187
52		545		12568		189
53		544		12802		189
54		541		13032		183
55		526		13256		190
56		532		13493		180
57		521		13724		181
58		526		13960		188
59		535		14203		181
60		513		14439		182
61		508		14673		178
62		496		14903		185
63		521		15136		192
64		508		15373		197
65		496		15604		181
66		506		15838		192
67		509		16075		193
68		505		16311		189
69		504		16544		181
70		459		16780		188
71		468		17013		199
72		460		17245		188
73		463		17476		192
74		456		17707		187
75		473		17935		184
76		429		18170		191
77		430		18404		185
78		423		18640		194
79		425		18869		183
80		427		19106		184
81		422		19338		193
82		409		19571		188
83		413		19805		188
84		416		20035		180
85		396		20265		186
86		403		20502		192
87		410		20736		188
88		418		20968		184
89		397		21201		181
90		371		21434		198
91		384		21671		190
92		402		21899		188
93		398		22121		184
94		394		22354		190
95		370		22581		191
96		358		22803		194
97		356		23038		195
98		350		23276		193
99		338		23504		181
100		322		23729		192
101		320		23961		188
102		309		24198		179
103		317		24430		184
104		319		24660		190
105		314		24897		190
106		299		25125		189
107		304		25359		184
108		299		25587		194
109		289		25816		186
110		291		26045		183
111		283		26265		192
112		273		26491		191
113		288		26721		192
114		293		26944		185
115		291		27181		194
116		283		27404		190
117		281		27619		191
118		277		27853		188
119		294		28087		197
120		296		28315		187
121		303		28530		185
122		320		28760		193
123		313		28979		195
124		308		29211		190
125		309		29437		195
126		305		29663		191
127		313		29887		186
128		320		30117		192
129		325		30346		188
130		341		30581		193
131		320		30816		180
132		323		31042		187
133		314		31270		187
134		316		31501		183
135		322		31725		183
136		315		31952		192
137		326		32184		194
138		324		32411		194
139		330		32636		191
140		331		32854		191
141		310		33079		193
142		306		33305		189
143		308		33527		192
144		318		33760		182
145		327		33988		190
146		310		34212		197
147		319		34435		188
148		313		34660		184
149		310		34884		192
150		312		35103		186
151		313		35328		185
152		329		35560		186
153		331		35793		174
154		334		36018		184
155		345		36246		192
156		343		36477		184
157		352		36706		184
158		350		36928		185
159		321		37158		189
160		317		37387		185
161		337		37610		195
162		344		37841		189
163		328		38067		188
164		336		38299		186
165		330		38529		189
166		335		38754		184
167		310		38981		185
168		321		39207		186
169		309		39433		188
170		302		39656		193
171		296		39886		183
172		294		40109		190
173		281		40338		185
174		293		40559		187
175		285		40784		184
176		292		41011		188
177		293		41241		187
178		286		41464		196
179		273		41703		192
180		288		41936		191
181		299		42164		190
182		310		42390		190
183		289		42617		185
184		276		42844		191
185		269		43081		193
186		287		43302		190
187		286		43528		185
188		287		43760		192
189		277		43992		186
190		276		44227		190
191		267		44470		185
192		273		44696		185
193		254		44928		196
194		251		45157		193
195		256		45390		193
196		254		45612		192
197		246		45846		187
198		253		46073		187
199		260		46298		193
200		257		46529		191
201		271		46754		194
202		253		46976		192
203		257		47206		184
204		264		47436		189
205		256		47664		193
206		257		47890		192
207		246		48117		191
208		249		48349		193
209		242		48582		189
210		254		48804		189
211		250		49030		190
212		262		49259		192
213		267		49490		188
214		262		49728		186
215		252		49954		189
216		265		50189		191
217		268		50405		179
218		269		50636		193
219		275		50859		187
220		272		51087		184
221		283		51321		189
222		246		51557		187
223		252		51785		187
224		256		52020		195
225		251		52250		185
226		250		52476		192
227		255		52711		185
228		267		52944		180
229		266		53170		189
230		271		53400		187
231		264		53631		183
232		260		53854		182
233		253		54085		183
234		250		54306		186
235		233		54530		181
236		229		54758		182
237		236		54987		190
238		233		55214		195
239		238		55443		188
240		226		55673		189
241		225		55900		189
242		236		56122		187
243		234		56347		192
244		238		56572		194
245		244		56801		192
246		239		57026		191
247		257		57256		191
248		248		57477		185
249		237		57698		185
250		239		57930		186
251		240		58152		191
252		232		58394		182
253		240		58623		185
254		240		58858		192
255		216		59090		187
256		209		59323		187
257		202		59556		186
258		208		59784		186
259		216		60013		190
260		218		60240		188
261		212		60464		191
262		216		60695		187
263		217		60919		189
264		219		61143		186
265		230		61375		192
266		224		61605		187
267		207		61833		189
268		210		62062		186
269		197		62294		188
270		189		62522		190
271		194		62756		194
272		193		62985		192
273		197		63222		188
274		198		63451		192
275		190		63676		187
276		188		63909		188
277		186		64141		188
278		194		64372		183
279		206		64605		191
280		214		64830		186
281		208		65062		182
282		206		65291		188
283		198		65512		184
284		205		65746		187
285		207		65979		190
286		208		66206		188
287		211		66435		186
288		214		66667		191
289		195		66895		192
290		197		67131		189
291		193		67367		188
292		194		67600		189
293		190		67829		190
294		192		68061		190
295		196		68290		191
296		195		68522		191
297		189		68756		188
298		177		68990		186
299		184		69222		188
300		188		69450		193
301		191		69678		192
302		192		69910		186
303		197		70142		185
304		186		70364		186
305		192		70583		189
306		195		70813		190
307		196		71047		191
308		203		71273		190
309		208		71499		191
310		220		71728		188
311		208		71952		188
312		209		72178		188
313		207		72404		188
314		217		72639		189
315		189		72869		187
316		172		73094		192
317		169		73319		190
318		173		73548		185
319		179		73777		188
320		179		74005		181
321		175		74229		188
322		174		74459		188
323		172		74694		185
324		174		74921		186
325		179		75152		192
326		181		75376		190
327		185		75603		191
328		189		75827		191
329		189		76050		192
330		191		76271		191
331		195		76495		191
332		196		76723		183
333		180		76951		187
334		176		77181		189
335		170		77409		189
336		180		77635		188
337		165		77862		189
338		166		78092		187
339		168		78319		189
340		169		78549		190
341		170		78775		187
342		179		79005		186
343		177		79234		190
344		183		79463		190
345		185		79690		192
346		184		79909		192
347		189		80137		189
348		193		80367		186
349		197		80602		188
350		200		80830		189
351		196		81065		190
352		196		81296		190
353		190		81526		188
354		177		81756		188
355		180		81981		186
356		174		82215		188
357		182		82445		187
358		182		82672		187
359		184		82902		189
360		188		83132		190
361		193		83357		186
362		196		83592		184
363		188		83827		189
364		200		84063		189
365		207		84295		193
366		205		84528		182
367		193		84760		183
368		207		84988		190
369		204		85228		189
370		192		85457		191
371		201		85691		194
372		207		85918		190
373		209		86153		191
374		219		86385		190
375		209		86624		192
376		221		86855		187
377		222		87086		187
378		207		87318		184
379		221		87555		189
380		217		87790		186
381		214		88022		186
382		212		88250		182
383		203		88488		189
384		210		88717		187
385		202		88944		184
386		200		89171		187
387		192		89403		187
388		191		89632		185
389		191		89859		188
390		194		90081		186
391		204		90311		189
392		198		90536		189
393		198		90767		189
394		202		90994		188
395		190		91218		192
396		212		91454		191
397		208		91686		190
398		203		91914		193
399		199		92143		189
400		200		92375		189
401		183		92605		189
402		180		92830		185
403		181		93053		192
404		179		93281		189
405		176		93510		193
406		170		93746		190
407		181		93976		189
408		181		94206		189
409		177		94431		190
410		178		94659		190
411		174		94893		189
412		175		95122		190
413		174		95350		186
414		174		95584		185
415		175		95818		190
416		178		96037		187
417		182		96271		193
418		187		96503		190
419		179		96736		186
420		176		96963		190
421		180		97190		185
422		187		97422		190
423		189		97655		184
424		193		97885		188
425		193		98113		188
426		183		98349		190
427		185		98579		190
428		177		98809		187
429		177		99040		194
430		185		99266		189
431		185		99495		191
432		191		99723		186
433		195		99956		188
434		184		100191		190
435		188		100421		190
436		182		100649		185
437		188		100883		189
438		197		101109		189
439		197		101342		185
440		205		101574		187
441		204		101801		185
442		214		102028		189
443		199		102263		187
444		205		102488		189
445		196		102721		189
446		189		102953		189
447		203		103187		195
448		192		103414		194
449		173		103644		193
450		173		103867		187
451		169		104104		192
452		176		104335		184
453		180		104561		190
454		172		104791		183
455		173		105015		194
456		181		105246		189
457		180		105477		190
458		192		105708		184
459		184		105937		187
460		203		106169		184
461		200		106390		190
462		200		106620		183
463		190		106849		189
464		190		107084		185
465		204		107324		191
466		208		107566		189
467		215		107803		188
468		199		108033		192
469		199		108266		189
470		198		108494		197
471		194		108725		191
472		194		108957		192
473		195		109191		189
474		187		109429		191
475		199		109666		191
476		211		109896		194
477		214		110133		189
478		194		110366		195
479		195		110595		188
480		193		110831		190
481		179		111065		188
482		187		111301		193
483		189		111532		183
484		192		111765		190
485		199		111995		190
486		209		112230		186
487		196		112463		188
488		190		112700		188
489		184		112936		187
490		180		113171		186
491		179		113410		188
492		172		113640		186
493		172		113875		190
494		165		114106		189
495		167		114337		185
496		162		114572		186
497		151		114805		188
498		154		115032		189
499		151		115269		185
500		152		115512		187
501		163		115742		189
502		176		115978		192
503		191		116214		188
504		203		116450		189
505		185		116688		188
506		195		116922		190
507		198		117154		188
508		206		117386		185
509		197		117624		187
510		201		117857		187
511		192		118083		185
512		209		118318		187
513		204		118548		189
514		201		118784		183
515		219		119021		192
516		218		119255		192
517		205		119495		192
518		201		119726		184
519		205		119958		190
520		206		120192		192
521		211		120426		186
522		222		120663		191
523		232		120899		182
524		229		121129		188
525		242		121369		184
526		233		121607		194
527		240		121841		188
528		205		122073		186
529		208		122319		184
530		211		122557		185
531		211		122791		187
532		207		123025		187
533		217		123256		189
534		219		123488		188
535		214		123722		187
536		215		123953		190
537		209		124188		190
538		203		124419		183
539		207		124655		190
540		211		124888		187
541		211		125130		189
542		205		125371		188
543		216		125606		190
544		235		125846		192
545		230		126079		187
546		213		126310		186
547		218		126547		187
548		196		126782		182
549		201		127020		185
550		208		127265		185
551		209		127504		188
552		204		127737		184
553		206		127969		189
554		210		128198		190
555		232		128427		188
556		222		128658		193
557		230		128890		186
558		222		129120		194
559		206		129351		189
560		207		129578		188
561		209		129807		186
562		207		130041		190
563		203		130274		182
564		195		130508		191
565		190		130738		188
566		215		130976		194
567		208		131201		191
568		194		131439		186
569		201		131681		186
570		196		131912		184
571		181		132145		186
572		188		132380		190
573		200		132612		192
574		189		132845		187
575		190		133082		189
576		201		133315		186
577		200		133550		187
578		198		133782		184
579		183		134014		185
580		184		134245		185
581		188		134474		188
582		193		134707		184
583		197		134940		188
584		198		135170		191
585		192		135406		188
586		207		135635		182
587		195		135867		185
588		202		136098		187
589		212		136330		187
590		189		136564		193
591		184		136800		187
592		182		137033		190
593		176		137265		185
594		173		137497		180
595		172		137731		185
596		173		137963		192
597		172		138193		186
598		169		138435		187
599		162		138668		188
600		157		138905		190
601		159		139143		186
602		154		139372		185
603		156		139608		189
604		163		139842		187
605		164		140078		190
606		160		140314		185
607		163		140552		187
608		163		140787		185
609		179		141022		183
610		188		141253		190
611		190		141487		187
612		200		141717		187
613		195		141949		186
614		183		142181		188
615		186		142412		181
616		187		142644		184
617		196		142880		189
618		201		143120		192
619		216		143358		188
620		238		143602		192
621		231		143836		193
622		227		144075		185
623		231		144303		189
624		226		144539		190
625		222		144775		189
626		211		145008		183
627		218		145241		185
628		220		145474		188
629		224		145713		191
630		218		145951		188
631		224		146182		184
632		226		146408		192
633		226		146642		188
634		214		146879		195
635		213		147110		190
636		220		147345		190
637		217		147581		188
638		215		147816		183
639		198		148050		189
640		204		148280		185
641		203		148515		191
642		207		148747		183
643		209		148981		189
644		195		149212		184
645		201		149447		187
646		197		149677		189
647		214		149911		189
648		211		150148		191
649		229		150387		192
650		221		150621		191
651		231		150850		191
652		226		151086		191
653		231		151321		185
654		238		151555		183
655		238		151792		189
656		202		152027		188
657		208		152258		187
658		212		152499		188
659		203		152735		190
660		214		152961		189
661		222		153195		185
662		228		153428		193
663		235		153657		184
664		258		153893		190
665		247		154131		194
666		241		154362		184
667		236		154593		184
668		238		154825		188
669		232		155056		186
670		228		155293		187
671		236		155531		190
672		232		155763		191
673		225		156000		192
674		219		156238		189
675		209		156468		190
676		210		156700		189
677		216		156940		191
678		214		157166		186
679		216		157404		186
680		222		157641		188
681		218		157875		187
682		219		158105		189
683		212		158342		185
684		218		158577		190
685		224		158811		187
686		233		159043		193
687		231		159283		189
688		241		159518		188
689		236		159750		189
690		243		159984		189
691		233		160225		188
692		232		160454		182
693		233		160691		180
694		230		160931		187
695		232		161166		187
696		208		161397		187
697		207		161638		188
698		205		161869		188
699		206		162110		188
700		207		162351		188
701		213		162584		190
702		205		162819		193
703		202		163049		188
704		211		163283		187
705		220		163517		189
706		223		163751		188
707		215		163988		187
708		222		164224		188
709		215		164464		189
710		206		164698		187
711		205		164931		187
712		194		165164		188
713		193		165399		184
714		181		165629		185
715		182		165863		190
716		179		166101		186
717		182		166333		185
718		187		166566		190
719		196		166794		189
720		193		167033		187
721		191		167268		188
722		197		167500		191
723		198		167736		189
724		190		167968		190
725		195		168204		188
726		191		168441		190
727		192		168673		191
728		189		168910		188
729		189		169142		190
730		190		169377		185
731		193		169610		190
732		188		169845		184
733		183		170085		191
734		188		170323		188
735		179		170561		190
736		176		170796		185
737		180		171024		186
738		178		171262		184
739		181		171488		189
740		176		171724		183
741		177		171960		186
742		172		172195		187
743		169		172428		190
744		168		172664		190
745		170		172894		192
746		175		173133		192
747		174		173370		189
748		175		173612		182
749		181		173844		186
750		181		174081		182
751		175		174318		183
752		175		174551		184
753		175		174788		192
754		183		175014		194
755		181		175249		188
756		191		175483		190
757		196		175722		188
758		178		175961		186
759		172		176189		188
760		159		176424		192
761		158		176659		192
762		164		176892		190
763		161		177129		192
764		161		177371		185
765		161		177613		191
766		165		177843		184
767		174		178079		188
768		174		178318		189
769		178		178552		188
770		169		178782		192
771		172		179013		190
772		179		179247		185
773		177		179479		191
774		174		179714		194
775		180		179953		187
776		176		180189		189
777		173		180418		190
778		178		180654		190
779		171		180889		189
780		173		181125		195
781		182		181359		191
782		194		181592		192
783		186		181827		190
784		192		182064		188
785		192		182300		186
786		190		182533		188
787		178		182770		186
788		178		182997		188
789		177		183229		189
790		165		183459		188
791		166		183700		192
792		173		183932		193
793		179		184164		189
794		183		184397		189
795		180		184634		189
796		179		184870		188
797		179		185101		189
798		185		185326		188
799		189		185561		193
800		185		185796		191
801		187		186031		190
802		182		186263		191
803		180		186496		191
804		181		186733		190
805		169		186971		189
806		167		187204		188
807		175		187437		188
808		167		187676		186
809		174		187912		188
810		176		188151		189
811		178		188393		194
812		174		188624		188
813		175		188862		188
814		168		189100		188
815		184		189338		193
816		172		189574		189
817		174		189811		190
818		165		190043		187
819		166		190278		190
820		159		190501		187
821		153		190738		188
822		150		190970		188
823		144		191207		189
824		144		191438		188
825		143		191672		190
826		138		191911		191
827		141		192135		191
828		136		192366		188
829		138		192599		192
830		137		192835		186
831		140		193067		189
832		137		193301		188
833		135		193540		188
834		146		193779		192
835		151		194010		195
836		136		194242		190
837		144		194477		184
838		141		194714		189
839		147		194954		186
840		142		195183		189
841		132		195420		188
842		139		195654		185
843		149		195892		185
844		140		196122		188
845		147		196358		187
846		144		196588		187
847		146		196822		191
848		140		197059		187
849		140		197294		188
850		138		197530		187
851		134		197765		192
852		135		198001		188
853		137		198227		186
854		135		198457		188
855		141		198688		188
856		133		198922		189
857		137		199155		189
858		129		199385		191
859		137		199620		189
860		136		199853		187
861		145		200092		188
862		147		200336		188
863		148		200573		191
864		149		200810		191
865		155		201042		191
866		149		201270		189
867		140		201506		191
868		140		201736		190
869		142		201969		191
870		146		202202		194
871		149		202442		186
872		150		202678		190
873		153		202910		186
874		142		203143		190
875		141		203380		186
876		145		203611		189
877		148		203852		187
878		150		204088		188
879		149		204324		189
880		148		204551		190
881		152		204788		190
882		145		205023		193
883		141		205250		187
884		141		205481		189
885		156		205714		191
886		147		205945		187
887		148		206181		191
888		151		206415		188
889		159		206655		183
890		153		206888		187
891		153		207120		188
892		149		207354		192
893		150		207587		189
894		143		207819		185
895		145		208055		186
896		150		208284		187
897		133		208522		190
898		133		208757		187
899		142		208986		188
900		135		209222		184
901		137		209462		191
902		147		209695		188
903		151		209933		190
904		157		210166		190
905		147		210400		192
906		145		210634		189
907		137		210865		190
908		140		211097		189
909		139		211333		188
910		138		211574		188
911		137		211806		184
912		132		212039		187
913		139		212277		188
914		134		212514		188
915		138		212751		189
916		134		212986		190
917		128		213225		190
918		129		213455		192
919		132		213686		188
920		133		213921		188
921		128		214149		189
922		127		214383		190
923		133		214619		188
924		136		214853		192
925		141		215092		188
926		141		215326		189
927		130		215559		188
928		129		215795		188
929		129		216028		186
930		120		216263		190
931		118		216500		188
932		119		216738		189
933		127		216972		190
934		124		217201		189
935		116		217435		188
936		118		217668		188
937		120		217900		187
938		123		218135		188
939		127		218373		192
940		115		218605		186
941		117		218849		188
942		125		219088		184
943		140		219325		190
944		145		219559		184
945		148		219796		185
946		145		220026		188
947		142		220262		188
948		143		220492		183
949		145		220723		185
950		145		220953		192
951		145		221185		190
952		140		221422		189
953		140		221657		191
954		139		221890		188
955		143		222129		189
956		141		222367		189
957		143		222603		185
958		146		222840		190
959		145		223072		192
960		150		223305		191
961		158		223535		188
962		156		223772		186
963		156		224002		194
964		152		224236		189
965		144		224478		188
966		143		224709		191
967		136		224943		189
968		143		225179		193
969		155		225413		187
970		145		225650		188
971		140		225887		187
972		140		226125		186
973		138		226362		186
974		139		226595		191
975		141		226830		189
976		140		227062		189
977		145		227294		186
978		149		227529		184
979		149		227762		188
980		139		227999		192
981		151		228236		190
982		152		228469		191
983		145		228704		187
984		152		228944		185
985		149		229178		190
986		141		229411		189
987		150		229648		192
988		151		229882		189
989		145		230115		183
990		146		230350		196
991		144		230587		191
992		136		230824		193
993		139		231061		190
994		144		231298		185
995		137		231530		189
996		146		231767		190
997		143		231998		189
998		145		232235		191
999		144		232467		189
