# Migration is number of nodes that have changed color.

Round		Edge-Cut		Swaps		Migrations		Skipped
0		812		249		190
1		809		497		188
2		789		743		182
3		797		989		190
4		765		1235		186
5		750		1478		189
6		737		1718		191
7		714		1963		191
8		717		2201		185
9		699		2435		188
10		696		2672		189
11		699		2913		187
12		674		3152		194
13		654		3384		203
14		649		3619		185
15		631		3850		187
16		631		4079		187
17		588		4320		187
18		572		4549		184
19		564		4787		182
20		552		5017		185
21		568		5244		186
22		543		5476		180
23		526		5704		185
24		515		5931		183
25		488		6147		195
26		493		6370		191
27		486		6592		179
28		480		6813		181
29		486		7034		183
30		478		7254		185
31		482		7478		187
32		474		7702		179
33		483		7935		185
34		466		8167		191
35		464		8398		191
36		463		8628		190
37		461		8858		192
38		462		9082		187
39		469		9306		195
40		467		9522		192
41		467		9748		187
42		440		9968		188
43		442		10187		191
44		441		10417		194
45		430		10632		191
46		426		10861		190
47		423		11083		186
48		423		11306		180
49		415		11528		170
50		408		11754		189
51		388		11974		182
52		372		12191		181
53		361		12417		190
54		369		12644		189
55		348		12870		183
56		361		13090		184
57		365		13321		187
58		360		13549		193
59		352		13775		186
60		368		14000		180
61		382		14223		189
62		381		14452		192
63		376		14667		179
64		379		14900		186
65		383		15131		186
66		381		15359		186
67		374		15581		189
68		374		15800		198
69		363		16028		187
70		345		16253		188
71		355		16481		188
72		349		16712		186
73		351		16941		184
74		337		17169		187
75		347		17405		185
76		344		17635		188
77		342		17866		192
78		334		18090		187
79		321		18312		187
80		323		18537		190
81		313		18762		183
82		311		18988		178
83		313		19214		182
84		285		19440		187
85		284		19669		193
86		278		19896		189
87		295		20120		183
88		278		20345		187
89		284		20566		180
90		293		20794		185
91		274		21010		185
92		286		21233		186
93		291		21463		185
94		284		21695		185
95		277		21926		190
96		282		22150		185
97		284		22382		191
98		270		22609		187
99		260		22841		186
100		251		23069		190
101		256		23296		193
102		261		23528		190
103		259		23756		182
104		259		23986		182
105		255		24208		187
106		248		24438		187
107		232		24666		185
108		239		24895		192
109		230		25128		189
110		237		25363		185
111		232		25591		185
112		247		25817		185
113		252		26031		189
114		255		26254		183
115		268		26479		188
116		270		26704		187
117		275		26928		178
118		280		27151		186
119		279		27379		181
120		293		27613		180
121		299		27842		182
122		307		28078		183
123		296		28310		181
124		303		28539		179
125		297		28767		188
126		279		28997		192
127		278		29222		180
128		280		29450		191
129		279		29688		194
130		271		29927		184
131		279		30151		188
132		282		30373		189
133		273		30602		185
134		265		30830		185
135		253		31054		185
136		270		31284		183
137		270		31521		190
138		271		31753		187
139		268		31982		187
140		275		32210		184
141		272		32435		192
142		266		32660		188
143		278		32883		191
144		269		33112		193
145		266		33333		189
146		277		33564		192
147		268		33792		191
148		270		34023		186
149		261		34252		189
150		279		34480		188
151		275		34713		184
152		288		34942		187
153		279		35174		191
154		277		35398		185
155		285		35624		191
156		292		35851		185
157		282		36079		193
158		283		36301		182
159		292		36535		189
160		288		36763		197
161		274		36992		184
162		288		37225		189
163		288		37451		188
164		280		37675		190
165		280		37903		187
166		273		38123		179
167		268		38351		190
168		257		38573		189
169		253		38797		189
170		251		39028		186
171		253		39253		190
172		250		39478		183
173		254		39700		189
174		235		39925		185
175		243		40149		180
176		243		40381		183
177		251		40614		185
178		253		40841		187
179		258		41068		181
180		262		41292		185
181		254		41520		186
182		245		41750		191
183		256		41981		182
184		253		42205		188
185		264		42436		182
186		259		42663		183
187		255		42899		183
188		257		43125		184
189		259		43358		189
190		266		43577		189
191		249		43802		185
192		254		44034		182
193		254		44265		187
194		244		44495		186
195		241		44723		186
196		246		44952		189
197		244		45176		184
198		249		45406		183
199		247		45627		179
200		250		45852		185
201		253		46082		186
202		252		46308		181
203		248		46536		192
204		255		46767		185
205		273		46995		184
206		274		47224		190
207		275		47449		191
208		263		47670		190
209		249		47907		182
210		230		48134		187
211		240		48357		184
212		226		48587		184
213		239		48814		189
214		254		49052		183
215		252		49277		179
216		247		49502		181
217		235		49722		181
218		225		49954		177
219		224		50178		185
220		228		50411		181
221		229		50633		185
222		234		50862		183
223		232		51078		189
224		239		51308		188
225		244		51533		185
226		235		51768		185
227		230		51990		191
228		218		52218		188
229		213		52446		182
230		204		52673		181
231		205		52896		181
232		204		53123		188
233		210		53357		192
234		210		53584		187
235		210		53814		183
236		216		54036		190
237		225		54260		187
238		222		54489		190
239		211		54712		188
240		202		54932		183
241		204		55162		186
242		203		55392		190
243		221		55616		185
244		223		55848		186
245		235		56077		184
246		243		56302		184
247		235		56533		191
248		225		56759		188
249		224		56987		183
250		222		57213		192
251		218		57437		189
252		215		57666		188
253		209		57900		187
254		209		58127		189
255		207		58351		188
256		215		58582		191
257		210		58805		190
258		214		59034		189
259		219		59253		190
260		214		59478		187
261		215		59705		185
262		221		59933		186
263		212		60161		189
264		222		60387		190
265		229		60618		190
266		221		60847		188
267		213		61084		185
268		203		61310		185
269		202		61541		185
270		201		61771		185
271		194		61999		184
272		197		62227		183
273		195		62452		191
274		188		62676		184
275		200		62904		185
276		206		63136		187
277		216		63366		187
278		217		63593		185
279		213		63819		182
280		212		64052		190
281		201		64279		195
282		206		64510		192
283		211		64747		189
284		204		64974		189
285		201		65203		188
286		200		65438		195
287		198		65669		191
288		201		65897		189
289		198		66129		186
290		203		66359		189
291		206		66588		188
292		196		66805		190
293		202		67032		188
294		208		67257		185
295		204		67489		184
296		203		67712		180
297		206		67939		185
298		213		68177		187
299		212		68408		183
300		202		68633		186
301		191		68859		186
302		189		69090		185
303		194		69317		186
304		192		69542		184
305		200		69771		184
306		196		69996		184
307		200		70228		186
308		208		70458		185
309		222		70691		191
310		229		70921		182
311		215		71149		187
312		213		71380		185
313		206		71608		185
314		215		71829		186
315		199		72060		188
316		208		72291		188
317		214		72518		185
318		224		72738		188
319		212		72963		182
320		207		73187		186
321		195		73416		189
322		200		73639		185
323		193		73867		184
324		193		74094		183
325		204		74324		184
326		201		74547		192
327		212		74765		181
328		203		74998		187
329		200		75221		191
330		199		75442		186
331		197		75664		187
332		208		75890		188
333		185		76118		191
334		190		76339		184
335		188		76562		187
336		191		76792		186
337		203		77021		184
338		204		77252		185
339		207		77480		181
340		209		77707		192
341		219		77937		190
342		209		78169		184
343		205		78397		186
344		209		78632		182
345		207		78863		191
346		207		79090		186
347		205		79314		185
348		200		79551		183
349		193		79776		183
350		201		80006		187
351		210		80242		192
352		214		80470		188
353		212		80703		191
354		221		80934		184
355		225		81163		187
356		212		81393		186
357		217		81626		190
358		214		81856		184
359		212		82084		186
360		225		82313		188
361		233		82543		185
362		232		82772		189
363		222		82991		189
364		224		83218		187
365		228		83451		186
366		226		83676		190
367		230		83906		196
368		213		84133		181
369		193		84362		191
370		188		84583		187
371		201		84814		187
372		200		85047		187
373		202		85276		189
374		199		85511		185
375		201		85740		187
376		199		85969		185
377		204		86197		188
378		209		86421		187
379		219		86648		187
380		219		86869		183
381		214		87090		189
382		213		87317		186
383		217		87540		182
384		220		87769		188
385		225		87995		186
386		222		88221		189
387		205		88458		191
388		206		88689		186
389		205		88920		191
390		205		89145		193
391		216		89375		191
392		216		89608		184
393		220		89835		187
394		224		90069		187
395		211		90295		192
396		221		90524		192
397		208		90753		189
398		202		90986		190
399		208		91213		187
400		207		91444		183
401		216		91673		190
402		218		91911		190
403		219		92144		188
404		198		92372		187
405		205		92598		185
406		213		92832		186
407		204		93066		186
408		199		93301		185
409		204		93528		184
410		212		93755		191
411		224		93984		187
412		216		94208		191
413		219		94439		190
414		216		94669		189
415		224		94896		188
416		214		95128		191
417		210		95349		187
418		209		95580		187
419		206		95807		186
420		204		96037		186
421		194		96268		184
422		188		96490		183
423		188		96722		187
424		195		96948		187
425		199		97176		186
426		200		97403		190
427		214		97631		190
428		215		97855		186
429		207		98089		187
430		206		98309		192
431		203		98539		188
432		208		98762		189
433		217		98995		190
434		210		99222		192
435		203		99450		186
436		206		99678		189
437		214		99904		188
438		210		100138		186
439		213		100368		191
440		211		100604		188
441		206		100834		189
442		204		101059		184
443		210		101289		188
444		214		101519		182
445		217		101745		184
446		211		101973		192
447		205		102202		186
448		209		102430		184
449		212		102657		188
450		215		102885		180
451		216		103110		188
452		210		103340		184
453		206		103572		188
454		214		103794		189
455		221		104020		183
456		223		104250		185
457		224		104468		185
458		216		104701		189
459		203		104931		186
460		213		105168		184
461		202		105396		186
462		205		105625		189
463		206		105850		185
464		217		106070		188
465		224		106300		186
466		232		106534		187
467		235		106759		187
468		233		106995		180
469		248		107217		188
470		245		107444		193
471		245		107672		188
472		245		107904		189
473		244		108140		185
474		253		108371		185
475		240		108600		188
476		263		108834		189
477		268		109063		189
478		254		109293		194
479		259		109530		187
480		260		109758		186
481		247		109991		182
482		249		110226		187
483		243		110457		191
484		226		110686		187
485		229		110917		178
486		243		111152		187
487		240		111385		187
488		235		111611		185
489		230		111839		186
490		237		112071		187
491		237		112306		189
492		244		112538		188
493		245		112766		190
494		248		112994		188
495		239		113219		190
496		235		113449		184
497		224		113685		192
498		220		113916		191
499		218		114151		191
500		217		114387		187
501		241		114620		187
502		224		114857		180
503		216		115093		185
504		222		115325		180
505		236		115559		185
506		237		115793		193
507		240		116030		186
508		258		116273		188
509		271		116504		193
510		270		116741		181
511		254		116981		185
512		258		117217		188
513		255		117450		184
514		239		117687		190
515		262		117915		186
516		263		118145		187
517		250		118377		185
518		246		118613		190
519		253		118850		193
520		235		119087		182
521		242		119317		187
522		251		119554		191
523		265		119789		183
524		275		120021		190
525		267		120254		185
526		285		120494		184
527		288		120726		187
528		279		120962		182
529		283		121198		192
530		264		121430		190
531		268		121665		190
532		271		121904		188
533		259		122134		186
534		258		122362		191
535		255		122596		183
536		258		122829		188
537		254		123068		189
538		246		123313		190
539		250		123546		182
540		256		123774		184
541		256		124013		189
542		247		124243		188
543		257		124476		186
544		258		124715		191
545		263		124957		189
546		264		125193		182
547		253		125425		184
548		239		125663		183
549		256		125896		186
550		246		126133		188
551		239		126367		190
552		258		126598		191
553		253		126828		189
554		244		127062		182
555		239		127292		184
556		243		127527		182
557		254		127763		187
558		252		128001		189
559		249		128235		187
560		255		128474		187
561		242		128705		189
562		239		128938		183
563		246		129171		187
564		235		129400		192
565		247		129634		187
566		248		129875		188
567		242		130108		192
568		234		130343		191
569		231		130573		187
570		234		130799		184
571		238		131030		191
572		242		131268		190
573		240		131503		189
574		242		131741		189
575		244		131981		190
576		240		132219		189
577		243		132456		186
578		237		132685		184
579		234		132919		189
580		226		133151		186
581		224		133382		188
582		241		133616		185
583		247		133850		189
584		251		134086		186
585		243		134318		181
586		248		134558		185
587		249		134798		196
588		252		135033		189
589		261		135270		189
590		246		135504		186
591		229		135731		190
592		203		135963		191
593		216		136193		183
594		222		136432		193
595		213		136664		182
596		214		136896		188
597		200		137121		186
598		196		137352		192
599		188		137589		188
600		200		137815		192
601		201		138051		189
602		215		138282		189
603		226		138516		188
604		226		138751		187
605		232		138991		189
606		225		139224		191
607		240		139447		189
608		243		139680		181
609		257		139913		185
610		250		140148		190
611		241		140382		190
612		251		140616		190
613		252		140855		188
614		248		141090		187
615		232		141325		187
616		235		141561		188
617		231		141793		193
618		242		142028		187
619		231		142263		184
620		232		142498		185
621		216		142726		185
622		219		142962		191
623		226		143199		191
624		223		143436		193
625		216		143671		193
626		219		143906		191
627		211		144142		188
628		215		144375		185
629		206		144606		185
630		198		144840		189
631		201		145082		189
632		191		145320		191
633		190		145552		189
634		198		145782		187
635		195		146015		192
636		195		146244		190
637		189		146473		188
638		188		146703		186
639		200		146936		191
640		201		147169		189
641		204		147406		186
642		215		147642		191
643		194		147878		185
644		195		148114		192
645		195		148345		185
646		184		148582		188
647		181		148818		192
648		179		149054		194
649		191		149290		189
650		185		149524		191
651		185		149757		190
652		183		149992		191
653		179		150221		189
654		172		150459		191
655		178		150693		190
656		185		150929		191
657		186		151164		188
658		185		151403		190
659		186		151633		192
660		194		151860		191
661		198		152094		185
662		191		152338		190
663		192		152577		191
664		188		152812		186
665		189		153046		186
666		181		153282		184
667		182		153512		189
668		182		153748		193
669		175		153975		185
670		183		154207		185
671		188		154438		184
672		198		154665		186
673		194		154901		192
674		187		155135		187
675		197		155373		187
676		182		155607		188
677		183		155838		191
678		187		156078		188
679		179		156313		185
680		182		156542		187
681		194		156776		190
682		186		157005		186
683		196		157238		186
684		199		157476		180
685		195		157714		186
686		190		157943		189
687		176		158176		189
688		168		158409		188
689		172		158639		183
690		173		158870		190
691		182		159110		183
692		188		159350		186
693		200		159580		188
694		197		159811		188
695		203		160044		188
696		198		160282		186
697		205		160510		187
698		210		160744		186
699		194		160977		193
700		200		161214		186
701		206		161447		187
702		210		161674		183
703		200		161906		188
704		214		162140		188
705		209		162382		189
706		214		162622		179
707		208		162861		187
708		211		163094		192
709		218		163331		187
710		216		163573		187
711		208		163811		193
712		205		164049		188
713		196		164284		185
714		199		164517		188
715		197		164754		185
716		203		164994		186
717		191		165229		193
718		188		165462		184
719		190		165687		191
720		181		165923		187
721		177		166158		188
722		178		166390		188
723		193		166627		186
724		188		166865		187
725		176		167099		190
726		175		167330		188
727		179		167564		182
728		178		167795		180
729		184		168028		184
730		183		168259		183
731		187		168499		192
732		186		168730		189
733		185		168967		191
734		182		169196		181
735		178		169427		190
736		183		169668		183
737		170		169899		187
738		167		170124		184
739		176		170356		191
740		173		170588		191
741		186		170816		188
742		179		171050		185
743		173		171285		184
744		177		171523		189
745		190		171755		191
746		196		171992		180
747		193		172226		186
748		191		172457		187
749		191		172689		186
750		205		172927		183
751		196		173162		188
752		190		173389		185
753		182		173614		183
754		184		173851		183
755		176		174081		187
756		175		174313		189
757		178		174547		188
758		181		174773		187
759		175		175004		190
760		182		175237		195
761		179		175473		189
762		178		175708		187
763		187		175939		183
764		187		176170		186
765		189		176407		183
766		181		176641		187
767		190		176879		192
768		186		177109		191
769		178		177345		189
770		174		177582		192
771		171		177819		188
772		179		178057		193
773		186		178290		187
774		180		178529		190
775		185		178763		187
776		189		178988		189
777		186		179220		190
778		191		179450		185
779		205		179690		191
780		217		179926		192
781		216		180163		192
782		207		180394		184
783		211		180627		192
784		209		180859		182
785		202		181097		184
786		202		181337		186
787		202		181566		188
788		201		181803		191
789		205		182039		188
790		197		182274		186
791		194		182504		194
792		213		182744		182
793		217		182978		186
794		228		183214		185
795		221		183447		187
796		220		183686		184
797		218		183922		188
798		224		184156		180
799		215		184390		185
800		214		184628		189
801		220		184869		186
802		227		185104		179
803		225		185334		188
804		213		185569		186
805		218		185806		191
806		219		186040		188
807		216		186272		185
808		220		186509		191
809		215		186746		186
810		216		186980		186
811		221		187214		186
812		218		187450		190
813		218		187695		194
814		214		187920		192
815		205		188154		192
816		210		188389		184
817		205		188624		188
818		198		188860		189
819		214		189100		183
820		217		189332		183
821		206		189561		193
822		209		189799		189
823		212		190036		189
824		207		190274		186
825		189		190515		188
826		190		190753		189
827		188		190984		189
828		187		191212		190
829		185		191448		189
830		182		191685		189
831		182		191919		188
832		178		192148		190
833		180		192380		189
834		176		192616		194
835		178		192844		192
836		180		193083		193
837		179		193321		189
838		174		193551		189
839		165		193790		188
840		170		194023		189
841		170		194258		188
842		163		194492		183
843		171		194725		187
844		166		194962		188
845		173		195192		190
846		183		195427		190
847		189		195659		182
848		193		195896		185
849		188		196131		185
850		189		196368		191
851		174		196607		189
852		180		196834		187
853		178		197069		183
854		168		197302		187
855		173		197536		190
856		168		197776		187
857		170		198007		191
858		163		198239		188
859		158		198469		188
860		155		198707		183
861		161		198944		187
862		149		199173		188
863		148		199411		188
864		145		199644		189
865		149		199881		188
866		153		200112		185
867		147		200345		184
868		150		200578		187
869		156		200816		187
870		155		201049		187
871		155		201279		192
872		152		201513		190
873		150		201750		187
874		148		201982		188
875		143		202215		186
876		156		202450		189
877		159		202683		186
878		151		202920		191
879		153		203153		184
880		155		203387		183
881		144		203627		187
882		151		203856		185
883		141		204082		188
884		138		204317		189
885		128		204549		188
886		133		204782		187
887		129		205015		185
888		135		205252		190
889		130		205480		186
890		131		205722		187
891		135		205959		185
892		134		206192		186
893		140		206426		188
894		141		206663		187
895		136		206899		188
896		140		207136		190
897		136		207370		186
898		135		207605		186
899		132		207830		186
900		136		208070		184
901		139		208310		187
902		135		208544		188
903		130		208764		189
904		131		208994		186
905		129		209229		185
906		130		209467		187
907		133		209705		184
908		135		209944		191
909		136		210179		187
910		138		210409		190
911		142		210646		187
912		146		210876		188
913		142		211112		187
914		141		211346		189
915		148		211580		189
916		152		211817		184
917		152		212050		188
918		151		212281		181
919		156		212512		187
920		148		212743		187
921		155		212980		190
922		149		213217		190
923		138		213452		185
924		137		213686		189
925		137		213922		189
926		135		214153		191
927		138		214390		189
928		135		214625		189
929		133		214857		188
930		121		215087		185
931		124		215319		187
932		122		215546		189
933		121		215783		188
934		119		216014		185
935		117		216249		185
936		120		216485		186
937		120		216714		185
938		121		216948		185
939		118		217186		187
940		121		217422		187
941		122		217653		189
942		119		217889		191
943		119		218124		188
944		124		218357		188
945		119		218588		187
946		116		218821		185
947		118		219052		187
948		118		219278		187
949		123		219514		188
950		128		219743		188
951		130		219972		184
952		130		220213		185
953		124		220451		182
954		121		220686		183
955		119		220919		185
956		120		221148		183
957		119		221383		187
958		118		221616		185
959		119		221856		185
960		119		222087		187
961		119		222319		187
962		106		222553		186
963		112		222791		188
964		116		223024		188
965		116		223249		188
966		109		223478		187
967		113		223715		187
968		111		223946		189
969		117		224178		184
970		117		224409		189
971		119		224643		187
972		112		224878		186
973		116		225107		186
974		129		225343		189
975		122		225578		183
976		121		225812		187
977		125		226047		186
978		132		226281		189
979		139		226518		187
980		141		226747		186
981		146		226983		189
982		130		227223		185
983		133		227465		185
984		138		227695		183
985		137		227925		187
986		135		228152		184
987		141		228381		184
988		142		228615		183
989		136		228850		184
990		138		229087		186
991		146		229322		189
992		146		229556		186
993		140		229786		187
994		142		230023		184
995		139		230257		185
996		144		230495		184
997		133		230725		185
998		138		230964		187
999		139		231197		187
