# Migration is number of nodes that have changed color.

Round		Edge-Cut		Swaps		Migrations		Skipped
0		825		246		172
1		801		493		195
2		771		736		193
3		751		979		184
4		745		1220		187
5		746		1462		196
6		701		1699		187
7		701		1939		190
8		689		2176		189
9		683		2413		185
10		653		2645		171
11		657		2882		193
12		672		3117		190
13		656		3356		188
14		613		3586		188
15		624		3813		188
16		654		4049		193
17		662		4290		174
18		654		4524		178
19		628		4755		188
20		611		4986		188
21		598		5215		181
22		592		5453		191
23		587		5688		180
24		607		5920		184
25		609		6150		188
26		585		6391		173
27		582		6618		177
28		578		6851		187
29		568		7081		179
30		570		7315		179
31		538		7547		186
32		548		7778		190
33		517		8012		182
34		500		8239		184
35		491		8472		188
36		499		8698		190
37		490		8920		187
38		486		9151		196
39		469		9370		192
40		484		9596		173
41		489		9830		185
42		473		10059		189
43		462		10284		191
44		466		10510		188
45		454		10734		181
46		430		10965		187
47		429		11189		178
48		408		11411		183
49		421		11631		187
50		410		11857		183
51		405		12083		190
52		425		12308		183
53		421		12533		190
54		420		12760		184
55		399		12987		186
56		408		13211		179
57		408		13430		178
58		388		13653		189
59		377		13884		187
60		369		14100		187
61		374		14325		192
62		358		14546		188
63		351		14779		182
64		343		14993		186
65		349		15210		191
66		335		15434		193
67		325		15657		188
68		329		15882		186
69		343		16102		185
70		356		16323		188
71		348		16541		196
72		353		16758		189
73		339		16979		193
74		349		17203		192
75		344		17436		187
76		332		17656		179
77		333		17880		179
78		314		18103		181
79		322		18318		182
80		309		18540		184
81		307		18759		184
82		307		18979		186
83		310		19195		187
84		323		19413		188
85		312		19624		188
86		299		19850		183
87		298		20071		188
88		305		20296		192
89		306		20516		192
90		304		20744		189
91		297		20961		191
92		286		21178		191
93		286		21404		187
94		289		21632		192
95		306		21853		184
96		291		22075		190
97		290		22289		188
98		300		22513		187
99		290		22738		189
100		282		22975		182
101		296		23199		194
102		283		23419		187
103		282		23639		185
104		275		23867		189
105		290		24088		190
106		275		24313		191
107		281		24536		188
108		277		24753		190
109		278		24967		189
110		272		25186		185
111		274		25398		185
112		272		25619		185
113		264		25832		184
114		274		26052		185
115		270		26285		189
116		282		26503		187
117		279		26723		186
118		278		26944		186
119		267		27169		188
120		256		27389		184
121		266		27616		191
122		265		27847		192
123		264		28075		192
124		266		28298		191
125		285		28529		188
126		284		28757		191
127		299		28978		185
128		279		29206		182
129		269		29431		188
130		269		29653		186
131		278		29874		195
132		276		30099		187
133		259		30312		193
134		269		30540		186
135		279		30762		188
136		270		30984		185
137		281		31209		186
138		279		31429		190
139		281		31654		184
140		270		31883		186
141		274		32097		184
142		270		32314		192
143		281		32536		194
144		258		32762		189
145		259		32992		195
146		271		33216		187
147		275		33441		191
148		282		33664		191
149		285		33888		191
150		283		34111		184
151		271		34331		185
152		273		34561		191
153		277		34786		190
154		275		35006		187
155		255		35233		184
156		252		35461		186
157		258		35684		183
158		270		35904		186
159		272		36117		188
160		279		36341		189
161		282		36564		181
162		288		36790		190
163		290		37015		189
164		292		37240		190
165		286		37457		194
166		274		37673		192
167		273		37897		184
168		269		38118		177
169		251		38341		183
170		247		38567		184
171		259		38800		187
172		269		39014		189
173		249		39233		192
174		257		39458		191
175		257		39684		195
176		258		39904		186
177		259		40129		183
178		249		40356		184
179		240		40573		193
180		240		40798		188
181		244		41019		190
182		255		41252		188
183		260		41483		191
184		256		41706		186
185		250		41919		185
186		255		42143		184
187		245		42370		184
188		252		42589		187
189		238		42814		185
190		231		43038		190
191		228		43258		182
192		226		43478		185
193		245		43699		187
194		245		43922		192
195		246		44152		187
196		253		44383		188
197		252		44609		187
198		241		44824		190
199		244		45040		187
200		238		45268		183
201		227		45487		183
202		220		45712		183
203		223		45927		183
204		223		46148		185
205		218		46374		188
206		222		46600		188
207		220		46823		190
208		216		47050		193
209		209		47279		192
210		208		47498		190
211		204		47721		193
212		196		47946		189
213		193		48169		190
214		206		48393		186
215		210		48627		186
216		208		48854		184
217		202		49077		189
218		203		49307		186
219		199		49529		188
220		195		49757		190
221		201		49984		184
222		197		50210		190
223		203		50440		185
224		207		50662		184
225		201		50880		186
226		192		51110		185
227		208		51332		183
228		210		51544		186
229		205		51767		187
230		209		51987		186
231		215		52211		187
232		211		52431		187
233		214		52656		189
234		224		52884		189
235		224		53116		187
236		219		53342		187
237		228		53568		191
238		219		53789		184
239		230		54012		185
240		227		54241		184
241		207		54468		185
242		206		54703		184
243		206		54928		183
244		199		55155		184
245		196		55379		188
246		198		55603		187
247		195		55831		193
248		196		56060		185
249		203		56278		186
250		202		56499		186
251		208		56728		188
252		206		56952		183
253		207		57171		185
254		208		57390		186
255		209		57616		190
256		224		57839		190
257		223		58064		188
258		216		58283		188
259		218		58515		185
260		217		58738		188
261		216		58955		188
262		209		59183		189
263		214		59403		182
264		229		59632		188
265		212		59858		188
266		200		60077		188
267		203		60303		189
268		199		60529		183
269		203		60753		188
270		194		60978		185
271		197		61211		186
272		193		61441		183
273		202		61673		186
274		196		61889		186
275		202		62108		185
276		194		62330		188
277		204		62554		187
278		191		62779		188
279		195		63001		188
280		205		63215		185
281		204		63442		187
282		212		63665		185
283		221		63887		186
284		222		64112		192
285		223		64336		190
286		225		64561		190
287		213		64782		186
288		230		65013		186
289		222		65239		182
290		225		65455		185
291		216		65685		185
292		222		65911		187
293		223		66139		186
294		221		66364		183
295		226		66587		187
296		225		66809		184
297		222		67038		189
298		219		67260		188
299		220		67479		187
300		224		67699		191
301		218		67915		187
302		217		68140		186
303		227		68363		185
304		227		68587		189
305		233		68811		186
306		240		69030		184
307		249		69261		192
308		254		69489		183
309		245		69720		190
310		247		69942		181
311		240		70169		186
312		232		70391		186
313		228		70617		185
314		229		70835		186
315		232		71049		188
316		226		71271		187
317		231		71491		187
318		235		71720		182
319		225		71939		182
320		227		72160		180
321		229		72383		183
322		228		72616		188
323		235		72841		188
324		231		73064		187
325		242		73285		184
326		247		73507		187
327		242		73722		193
328		257		73945		186
329		266		74162		196
330		258		74381		189
331		258		74604		187
332		252		74832		193
333		254		75055		185
334		248		75285		188
335		234		75510		184
336		239		75739		190
337		225		75969		190
338		235		76197		189
339		230		76423		189
340		241		76653		185
341		240		76876		190
342		243		77105		185
343		246		77326		192
344		230		77552		188
345		226		77777		192
346		209		78000		188
347		213		78231		190
348		205		78449		187
349		204		78677		189
350		208		78906		183
351		207		79127		186
352		220		79352		187
353		225		79579		183
354		231		79808		186
355		223		80035		184
356		218		80254		186
357		217		80480		186
358		207		80704		189
359		216		80939		187
360		220		81168		191
361		215		81399		184
362		233		81627		194
363		238		81851		194
364		233		82083		186
365		219		82313		185
366		227		82534		189
367		227		82763		183
368		238		82985		184
369		242		83211		182
370		244		83440		191
371		232		83670		183
372		227		83898		190
373		208		84121		190
374		220		84348		186
375		221		84571		189
376		227		84798		192
377		238		85018		191
378		231		85241		181
379		227		85468		191
380		227		85684		182
381		224		85909		184
382		226		86128		189
383		236		86356		185
384		228		86582		186
385		228		86804		191
386		225		87035		185
387		224		87258		183
388		226		87491		188
389		238		87720		190
390		247		87950		190
391		240		88170		186
392		243		88405		184
393		250		88636		190
394		248		88868		187
395		236		89099		186
396		243		89324		186
397		241		89553		190
398		243		89783		188
399		252		90016		193
400		255		90242		187
401		251		90465		190
402		261		90693		181
403		242		90925		190
404		233		91152		190
405		233		91381		190
406		253		91608		191
407		252		91829		192
408		244		92050		194
409		236		92274		193
410		234		92495		189
411		236		92716		193
412		245		92948		193
413		243		93180		184
414		236		93402		184
415		228		93628		188
416		231		93860		191
417		230		94084		186
418		229		94307		182
419		222		94526		188
420		223		94748		187
421		219		94966		183
422		219		95186		185
423		207		95416		183
424		211		95627		180
425		205		95855		191
426		209		96078		188
427		198		96296		188
428		205		96516		189
429		204		96737		187
430		205		96966		185
431		196		97199		189
432		197		97431		191
433		196		97660		185
434		194		97889		188
435		190		98117		189
436		201		98343		187
437		188		98565		187
438		201		98792		187
439		209		99028		184
440		211		99254		185
441		217		99478		187
442		216		99702		181
443		212		99923		188
444		218		100150		182
445		231		100369		185
446		231		100598		188
447		240		100830		190
448		243		101060		184
449		226		101287		190
450		219		101507		191
451		219		101728		191
452		229		101964		183
453		229		102191		184
454		228		102415		186
455		235		102635		183
456		235		102869		186
457		222		103090		185
458		216		103317		182
459		207		103544		189
460		201		103772		186
461		199		103998		186
462		200		104228		188
463		206		104450		187
464		198		104683		182
465		193		104914		182
466		196		105140		188
467		192		105362		188
468		184		105589		188
469		174		105814		187
470		175		106038		187
471		169		106260		189
472		171		106491		187
473		163		106722		187
474		168		106946		189
475		162		107177		191
476		162		107401		190
477		174		107628		186
478		174		107850		189
479		164		108072		189
480		165		108300		187
481		171		108515		190
482		177		108741		190
483		185		108962		189
484		182		109179		187
485		188		109404		186
486		179		109633		189
487		164		109850		185
488		165		110080		188
489		165		110303		188
490		168		110529		189
491		168		110750		187
492		154		110979		186
493		158		111197		186
494		156		111414		189
495		158		111643		190
496		152		111862		188
497		150		112086		189
498		162		112315		185
499		160		112544		189
500		164		112770		192
501		170		113005		188
502		183		113233		190
503		185		113460		190
504		191		113693		191
505		201		113924		194
506		206		114151		185
507		198		114383		187
508		188		114614		185
509		194		114851		190
510		203		115083		187
511		209		115307		187
512		207		115534		188
513		207		115765		188
514		196		115991		190
515		217		116226		188
516		211		116457		185
517		215		116689		185
518		210		116921		190
519		221		117151		186
520		225		117382		187
521		217		117614		184
522		225		117845		190
523		222		118071		191
524		221		118301		189
525		227		118531		189
526		227		118760		182
527		220		118990		189
528		226		119213		190
529		248		119435		187
530		253		119666		183
531		261		119901		186
532		274		120125		191
533		286		120352		193
534		294		120589		188
535		297		120818		190
536		287		121049		193
537		287		121285		193
538		278		121513		186
539		269		121748		184
540		262		121969		188
541		274		122190		185
542		273		122423		186
543		287		122651		190
544		302		122880		191
545		266		123115		180
546		255		123349		186
547		243		123574		185
548		244		123794		185
549		236		124028		189
550		229		124254		185
551		244		124478		187
552		260		124706		188
553		255		124930		191
554		260		125162		192
555		271		125399		189
556		268		125628		186
557		277		125866		188
558		280		126098		186
559		278		126325		187
560		289		126552		187
561		287		126777		188
562		291		127008		181
563		285		127239		192
564		274		127474		187
565		257		127705		189
566		267		127942		185
567		287		128172		186
568		297		128408		188
569		271		128639		190
570		275		128872		191
571		285		129103		187
572		295		129329		186
573		282		129562		192
574		273		129786		183
575		276		130012		182
576		257		130245		190
577		264		130481		187
578		266		130712		186
579		262		130942		181
580		269		131175		185
581		266		131404		189
582		268		131635		184
583		258		131864		187
584		248		132095		187
585		245		132328		193
586		256		132564		189
587		245		132790		183
588		231		133015		182
589		227		133247		190
590		221		133484		188
591		231		133717		187
592		225		133950		183
593		228		134178		187
594		238		134401		187
595		234		134629		188
596		239		134855		193
597		255		135082		191
598		259		135315		185
599		268		135548		179
600		281		135778		185
601		275		136009		184
602		256		136239		181
603		247		136475		184
604		257		136699		182
605		243		136928		189
606		239		137165		188
607		252		137393		185
608		255		137626		190
609		250		137864		186
610		252		138097		193
611		244		138329		187
612		248		138557		186
613		238		138789		185
614		220		139021		186
615		239		139254		185
616		220		139486		188
617		221		139714		191
618		219		139939		190
619		235		140172		183
620		232		140412		187
621		234		140640		191
622		242		140871		193
623		247		141102		188
624		248		141333		190
625		247		141564		180
626		239		141797		184
627		247		142032		183
628		249		142264		186
629		261		142492		184
630		265		142726		189
631		253		142957		186
632		246		143193		187
633		257		143417		189
634		257		143648		183
635		247		143879		182
636		249		144107		182
637		243		144333		186
638		233		144565		186
639		225		144791		188
640		207		145030		183
641		208		145258		186
642		213		145487		187
643		231		145724		191
644		235		145951		186
645		236		146177		190
646		239		146408		193
647		233		146639		188
648		229		146869		185
649		229		147099		184
650		219		147329		186
651		235		147561		188
652		224		147792		186
653		220		148017		184
654		217		148244		185
655		218		148473		186
656		215		148706		180
657		229		148940		185
658		216		149173		185
659		215		149404		192
660		222		149634		188
661		218		149871		183
662		214		150104		184
663		197		150331		186
664		194		150560		182
665		207		150781		184
666		204		151010		190
667		194		151235		189
668		192		151464		181
669		191		151687		184
670		195		151917		183
671		204		152147		188
672		210		152377		189
673		211		152613		187
674		205		152842		187
675		212		153078		187
676		214		153311		183
677		203		153545		191
678		213		153778		192
679		211		154009		186
680		208		154239		186
681		205		154478		184
682		195		154712		185
683		204		154942		183
684		191		155171		191
685		187		155407		185
686		189		155644		184
687		196		155875		187
688		193		156106		187
689		206		156337		184
690		216		156572		188
691		208		156806		187
692		209		157039		189
693		206		157277		191
694		196		157505		187
695		197		157735		184
696		182		157966		183
697		187		158199		187
698		200		158436		187
699		189		158668		185
700		190		158898		189
701		198		159131		188
702		205		159365		185
703		203		159601		191
704		201		159837		184
705		196		160070		191
706		205		160303		190
707		201		160529		190
708		202		160759		186
709		206		160988		186
710		211		161228		192
711		215		161460		189
712		217		161684		186
713		214		161912		189
714		217		162148		190
715		216		162380		193
716		225		162608		190
717		207		162841		185
718		211		163073		190
719		221		163312		186
720		214		163549		194
721		211		163781		192
722		219		164013		188
723		214		164245		190
724		219		164476		187
725		220		164705		191
726		228		164937		187
727		218		165171		189
728		219		165404		191
729		215		165636		189
730		219		165874		182
731		207		166105		183
732		206		166338		183
733		208		166566		180
734		209		166803		187
735		205		167039		185
736		204		167277		190
737		213		167508		191
738		215		167739		182
739		209		167968		186
740		211		168199		184
741		209		168422		181
742		200		168655		187
743		197		168884		187
744		194		169115		190
745		194		169345		188
746		196		169579		189
747		199		169813		186
748		202		170046		185
749		202		170279		187
750		185		170515		182
751		186		170744		188
752		189		170972		188
753		193		171203		189
754		186		171440		182
755		186		171677		187
756		199		171912		187
757		193		172144		185
758		174		172382		185
759		173		172614		186
760		172		172845		189
761		172		173080		188
762		170		173308		186
763		168		173538		187
764		177		173772		188
765		178		174003		188
766		176		174232		191
767		179		174464		189
768		180		174698		186
769		182		174931		192
770		182		175160		187
771		177		175394		185
772		165		175625		184
773		163		175853		185
774		155		176083		185
775		161		176319		186
776		160		176545		186
777		153		176776		184
778		151		177012		188
779		148		177238		186
780		152		177469		187
781		162		177702		188
782		166		177933		186
783		175		178169		189
784		178		178396		186
785		177		178629		188
786		175		178866		186
787		175		179097		188
788		180		179329		186
789		174		179562		189
790		174		179792		184
791		176		180025		185
792		180		180260		185
793		176		180487		184
794		183		180717		184
795		181		180949		188
796		185		181181		186
797		185		181416		188
798		187		181650		185
799		192		181881		193
800		188		182113		188
801		184		182350		190
802		185		182586		190
803		176		182821		187
804		181		183051		185
805		188		183290		190
806		181		183523		195
807		198		183757		188
808		202		183991		188
809		192		184222		193
810		201		184446		187
811		197		184679		187
812		196		184910		187
813		196		185137		185
814		201		185371		190
815		205		185603		189
816		197		185836		184
817		200		186064		184
818		184		186295		189
819		188		186525		188
820		186		186758		189
821		182		186993		190
822		193		187231		183
823		193		187466		187
824		184		187697		183
825		194		187931		187
826		196		188164		182
827		191		188404		187
828		194		188638		188
829		197		188863		187
830		199		189099		185
831		201		189328		180
832		190		189559		188
833		192		189797		187
834		189		190029		183
835		178		190256		185
836		182		190491		187
837		186		190728		189
838		192		190965		186
839		200		191200		184
840		200		191432		187
841		203		191662		187
842		204		191895		190
843		206		192123		182
844		220		192358		188
845		220		192586		183
846		210		192821		190
847		198		193055		186
848		208		193286		183
849		210		193523		186
850		204		193757		186
851		212		193992		191
852		216		194228		191
853		203		194463		187
854		204		194693		185
855		200		194916		185
856		201		195148		186
857		196		195376		189
858		195		195609		184
859		187		195844		184
860		184		196080		183
861		192		196314		185
862		176		196546		189
863		186		196775		187
864		181		197011		186
865		171		197246		187
866		169		197481		189
867		168		197710		189
868		177		197938		192
869		186		198170		187
870		182		198403		191
871		183		198629		187
872		180		198864		186
873		181		199097		190
874		173		199324		187
875		163		199558		185
876		162		199789		188
877		164		200020		184
878		164		200247		186
879		160		200480		190
880		166		200712		187
881		162		200942		187
882		163		201177		187
883		163		201410		189
884		164		201642		188
885		170		201873		186
886		178		202108		188
887		165		202341		185
888		168		202573		187
889		165		202809		190
890		166		203038		189
891		156		203273		182
892		147		203507		184
893		143		203746		188
894		147		203983		188
895		147		204215		188
896		148		204449		184
897		154		204679		188
898		143		204906		189
899		144		205133		187
900		148		205373		189
901		153		205601		187
902		150		205830		185
903		153		206063		181
904		158		206300		188
905		164		206532		186
906		160		206772		185
907		165		207002		186
908		159		207231		185
909		160		207463		184
910		165		207694		188
911		167		207931		182
912		165		208171		185
913		171		208408		187
914		179		208642		190
915		180		208872		187
916		193		209105		193
917		197		209335		189
918		197		209559		187
919		192		209798		188
920		187		210033		187
921		178		210263		188
922		191		210496		193
923		192		210725		189
924		189		210960		186
925		179		211202		185
926		179		211438		187
927		177		211668		183
928		181		211902		187
929		183		212139		188
930		195		212373		186
931		194		212604		189
932		186		212838		193
933		187		213068		195
934		180		213297		194
935		182		213537		186
936		184		213766		192
937		189		213997		190
938		185		214231		185
939		173		214464		186
940		170		214692		189
941		179		214927		189
942		178		215160		188
943		183		215394		187
944		178		215629		187
945		180		215865		181
946		187		216099		182
947		189		216325		189
948		188		216560		186
949		199		216794		192
950		189		217025		187
951		193		217260		185
952		184		217491		190
953		180		217725		189
954		177		217957		185
955		173		218189		188
956		173		218428		186
957		177		218660		186
958		164		218897		187
959		159		219128		184
960		158		219364		189
961		153		219595		190
962		160		219826		188
963		157		220058		189
964		156		220290		186
965		158		220516		186
966		154		220752		185
967		150		220984		189
968		147		221216		188
969		144		221453		187
970		151		221684		187
971		151		221919		185
972		138		222155		186
973		139		222388		185
974		140		222616		186
975		142		222849		189
976		152		223078		184
977		134		223300		191
978		143		223535		186
979		148		223768		188
980		151		224000		188
981		148		224234		183
982		146		224464		188
983		145		224691		184
984		149		224929		188
985		152		225167		187
986		152		225396		188
987		150		225633		190
988		149		225865		187
989		141		226097		188
990		140		226326		188
991		141		226560		184
992		149		226797		185
993		151		227031		183
994		152		227265		189
995		152		227500		189
996		150		227728		186
997		153		227953		184
998		151		228180		187
999		151		228409		186
