# Migration is number of nodes that have changed color.

Round		Edge-Cut		Swaps		Migrations		Skipped
0		819		249		187
1		799		496		175
2		772		741		195
3		741		983		180
4		755		1225		192
5		747		1465		191
6		739		1708		185
7		742		1952		182
8		746		2197		187
9		731		2439		191
10		721		2676		193
11		724		2914		186
12		693		3156		187
13		684		3394		186
14		702		3630		191
15		709		3865		186
16		685		4099		195
17		678		4339		185
18		668		4580		182
19		660		4812		186
20		666		5051		180
21		630		5281		176
22		613		5504		183
23		602		5728		187
24		595		5960		181
25		581		6189		185
26		579		6423		197
27		580		6651		198
28		573		6877		193
29		583		7111		194
30		573		7342		191
31		573		7569		182
32		554		7804		187
33		538		8035		187
34		545		8269		179
35		533		8491		194
36		540		8722		198
37		548		8950		192
38		540		9175		191
39		572		9403		192
40		559		9635		174
41		551		9867		196
42		565		10102		191
43		544		10335		190
44		531		10560		199
45		524		10794		187
46		523		11032		184
47		506		11257		182
48		491		11490		182
49		476		11708		186
50		469		11927		183
51		466		12151		184
52		452		12370		190
53		455		12585		184
54		460		12810		191
55		480		13041		192
56		452		13268		193
57		425		13493		196
58		410		13707		191
59		420		13931		192
60		398		14163		185
61		391		14383		194
62		380		14604		194
63		376		14829		193
64		380		15045		182
65		375		15267		190
66		372		15492		190
67		370		15723		188
68		367		15948		187
69		355		16173		188
70		352		16398		182
71		356		16621		179
72		347		16843		190
73		349		17076		184
74		350		17293		184
75		367		17520		186
76		362		17748		182
77		373		17975		192
78		382		18200		192
79		381		18433		187
80		388		18655		186
81		356		18878		190
82		383		19099		192
83		404		19329		182
84		417		19559		202
85		399		19796		190
86		378		20029		183
87		392		20262		185
88		371		20491		182
89		374		20723		187
90		373		20958		189
91		375		21189		194
92		382		21420		196
93		389		21652		186
94		388		21881		186
95		374		22121		191
96		375		22351		188
97		363		22584		181
98		360		22811		187
99		357		23049		184
100		348		23277		180
101		346		23505		186
102		325		23738		193
103		306		23972		185
104		308		24203		188
105		315		24432		198
106		310		24655		192
107		328		24891		189
108		325		25118		187
109		323		25356		190
110		291		25587		190
111		296		25825		194
112		295		26048		193
113		296		26285		190
114		277		26515		195
115		289		26738		185
116		266		26971		189
117		275		27193		190
118		288		27421		190
119		289		27647		190
120		286		27877		187
121		289		28103		191
122		299		28340		188
123		284		28568		188
124		292		28797		197
125		281		29028		195
126		287		29254		192
127		298		29480		190
128		306		29708		187
129		294		29944		193
130		294		30171		188
131		273		30405		185
132		279		30628		192
133		264		30858		189
134		265		31085		187
135		271		31308		186
136		284		31540		187
137		290		31772		187
138		284		31998		184
139		273		32225		187
140		259		32453		185
141		262		32678		181
142		267		32905		190
143		265		33129		191
144		270		33358		185
145		264		33578		186
146		274		33809		185
147		276		34036		190
148		271		34262		182
149		274		34490		187
150		273		34722		185
151		267		34947		189
152		261		35176		189
153		252		35405		190
154		257		35639		194
155		264		35864		188
156		263		36093		186
157		273		36316		182
158		277		36545		185
159		286		36775		190
160		274		37006		188
161		286		37235		189
162		290		37466		195
163		304		37693		189
164		299		37921		190
165		295		38154		186
166		287		38389		192
167		276		38614		187
168		270		38848		188
169		271		39079		186
170		266		39308		191
171		268		39539		189
172		259		39770		185
173		255		40000		193
174		255		40232		193
175		262		40457		193
176		259		40682		190
177		252		40909		184
178		264		41144		186
179		258		41380		192
180		240		41607		188
181		230		41842		191
182		228		42071		188
183		231		42304		186
184		233		42533		187
185		240		42760		191
186		246		42984		191
187		237		43219		187
188		227		43448		189
189		230		43678		185
190		234		43911		187
191		234		44138		190
192		238		44372		192
193		235		44599		184
194		232		44835		183
195		236		45067		182
196		239		45301		182
197		244		45530		190
198		244		45761		187
199		244		45994		187
200		238		46225		186
201		234		46459		187
202		233		46692		182
203		222		46917		187
204		220		47138		194
205		224		47366		189
206		223		47599		190
207		220		47831		183
208		232		48057		186
209		230		48290		184
210		245		48523		191
211		242		48754		190
212		241		48988		187
213		233		49220		190
214		221		49447		182
215		214		49673		186
216		221		49908		185
217		219		50144		190
218		196		50376		187
219		204		50613		185
220		215		50846		185
221		209		51072		187
222		209		51313		189
223		218		51552		185
224		194		51779		187
225		204		52012		186
226		194		52237		186
227		186		52465		187
228		174		52696		185
229		176		52934		182
230		178		53167		187
231		173		53394		184
232		190		53624		184
233		183		53850		185
234		179		54079		188
235		181		54306		187
236		190		54534		183
237		190		54764		186
238		186		54994		189
239		200		55219		186
240		195		55446		186
241		195		55679		192
242		195		55898		191
243		172		56128		190
244		179		56357		191
245		186		56593		187
246		185		56831		189
247		185		57058		188
248		185		57284		188
249		186		57519		191
250		191		57751		188
251		191		57985		192
252		198		58215		190
253		193		58444		189
254		196		58672		189
255		188		58904		187
256		199		59137		182
257		181		59369		187
258		187		59603		184
259		183		59832		188
260		191		60062		183
261		199		60288		182
262		212		60517		194
263		217		60753		194
264		219		60987		191
265		233		61213		186
266		223		61446		185
267		224		61678		188
268		217		61918		187
269		227		62147		190
270		221		62377		186
271		212		62608		189
272		217		62829		187
273		235		63053		190
274		219		63286		188
275		221		63514		188
276		230		63749		183
277		227		63981		181
278		219		64213		190
279		225		64442		187
280		233		64668		188
281		242		64891		185
282		237		65119		187
283		247		65355		184
284		231		65590		183
285		238		65824		184
286		234		66059		182
287		223		66297		192
288		213		66535		187
289		208		66764		192
290		203		66998		189
291		199		67235		192
292		191		67472		188
293		194		67706		189
294		191		67935		189
295		188		68170		191
296		187		68392		195
297		196		68619		189
298		197		68848		187
299		191		69079		190
300		192		69303		188
301		196		69539		182
302		198		69771		192
303		202		70003		189
304		202		70231		188
305		205		70457		184
306		217		70681		186
307		206		70908		189
308		192		71140		189
309		199		71372		186
310		198		71595		185
311		191		71829		186
312		191		72053		184
313		187		72285		186
314		190		72518		185
315		191		72746		190
316		197		72977		188
317		210		73203		186
318		210		73445		188
319		198		73682		189
320		195		73919		189
321		199		74151		187
322		194		74382		184
323		188		74613		190
324		181		74844		187
325		185		75065		185
326		177		75297		187
327		186		75528		184
328		183		75760		189
329		180		75991		188
330		177		76219		190
331		176		76447		185
332		185		76679		190
333		194		76911		193
334		188		77142		190
335		185		77366		188
336		181		77600		188
337		190		77826		188
338		198		78059		186
339		197		78285		185
340		202		78513		189
341		203		78746		194
342		201		78975		193
343		193		79213		190
344		194		79445		190
345		201		79671		186
346		193		79907		191
347		201		80138		189
348		200		80368		185
349		203		80602		184
350		185		80834		187
351		200		81067		185
352		202		81300		187
353		197		81534		191
354		198		81766		189
355		197		81999		184
356		190		82228		189
357		199		82463		191
358		206		82698		179
359		214		82930		187
360		208		83165		189
361		212		83405		185
362		206		83637		193
363		200		83869		187
364		201		84109		191
365		200		84335		188
366		195		84568		193
367		195		84801		184
368		206		85035		188
369		214		85265		188
370		216		85503		185
371		215		85729		187
372		221		85965		186
373		210		86201		184
374		221		86427		185
375		211		86661		182
376		212		86890		187
377		213		87123		184
378		212		87353		184
379		205		87591		186
380		203		87819		184
381		207		88053		189
382		208		88292		190
383		216		88521		193
384		203		88757		187
385		196		88992		192
386		186		89226		186
387		178		89453		185
388		175		89683		189
389		177		89913		184
390		187		90145		186
391		196		90380		193
392		202		90613		190
393		183		90847		189
394		192		91079		191
395		185		91311		190
396		184		91543		190
397		187		91775		187
398		188		92004		193
399		187		92228		189
400		189		92465		187
401		197		92696		187
402		195		92931		187
403		188		93163		184
404		189		93388		187
405		184		93623		190
406		191		93849		184
407		198		94082		186
408		191		94316		184
409		192		94550		185
410		191		94787		185
411		185		95022		183
412		193		95256		186
413		205		95493		190
414		201		95728		191
415		199		95967		189
416		196		96201		192
417		177		96434		185
418		186		96666		182
419		182		96900		185
420		183		97128		191
421		180		97356		192
422		188		97593		189
423		193		97826		182
424		190		98059		189
425		187		98288		190
426		180		98518		190
427		182		98753		187
428		183		98986		188
429		181		99213		187
430		181		99442		189
431		173		99680		188
432		178		99918		188
433		181		100151		187
434		176		100387		184
435		182		100624		183
436		181		100858		189
437		181		101090		189
438		174		101323		188
439		173		101551		189
440		180		101787		187
441		174		102016		188
442		172		102248		189
443		174		102471		187
444		176		102702		185
445		179		102936		187
446		172		103166		190
447		172		103400		186
448		173		103633		187
449		171		103861		185
450		183		104098		188
451		180		104340		194
452		178		104570		193
453		180		104798		188
454		184		105029		187
455		182		105262		186
456		184		105497		190
457		187		105725		189
458		174		105958		186
459		171		106194		193
460		180		106426		191
461		181		106662		191
462		182		106897		185
463		177		107131		185
464		174		107367		188
465		172		107596		187
466		173		107828		187
467		184		108061		186
468		179		108289		194
469		176		108522		190
470		176		108753		188
471		174		108984		184
472		171		109215		186
473		168		109446		187
474		167		109676		191
475		167		109915		185
476		177		110144		188
477		171		110378		189
478		172		110616		184
479		170		110859		191
480		173		111088		189
481		166		111320		187
482		163		111552		186
483		161		111786		188
484		159		112021		190
485		166		112253		185
486		170		112482		185
487		161		112720		188
488		162		112955		186
489		163		113184		186
490		167		113416		188
491		156		113647		188
492		153		113881		187
493		158		114117		188
494		167		114352		186
495		174		114584		185
496		174		114818		186
497		172		115053		184
498		172		115290		188
499		169		115525		188
500		168		115758		190
501		167		115994		190
502		188		116229		188
503		190		116461		181
504		176		116695		187
505		174		116931		190
506		179		117165		189
507		165		117401		186
508		170		117635		187
509		164		117864		185
510		170		118095		190
511		170		118325		185
512		168		118560		186
513		170		118794		190
514		164		119031		190
515		164		119263		187
516		166		119502		189
517		165		119739		187
518		171		119971		188
519		174		120204		190
520		176		120439		191
521		168		120677		190
522		169		120909		188
523		164		121139		191
524		165		121374		189
525		171		121609		190
526		170		121845		190
527		171		122078		184
528		165		122312		188
529		167		122541		189
530		169		122772		183
531		174		123012		184
532		174		123248		182
533		168		123481		186
534		174		123714		189
535		165		123943		191
536		167		124168		188
537		160		124400		188
538		162		124633		191
539		159		124864		191
540		163		125098		187
541		162		125335		189
542		162		125567		187
543		151		125811		191
544		135		126050		190
545		136		126288		188
546		140		126519		188
547		138		126758		191
548		132		126995		191
549		133		127224		188
550		133		127457		188
551		133		127694		189
552		135		127930		189
553		139		128161		187
554		144		128399		191
555		145		128638		190
556		150		128871		191
557		146		129095		191
558		148		129323		186
559		137		129557		188
560		137		129795		187
561		144		130028		189
562		133		130258		189
563		132		130491		190
564		133		130727		189
565		142		130962		186
566		149		131202		188
567		154		131432		189
568		150		131665		189
569		148		131902		191
570		149		132138		191
571		143		132372		192
572		142		132603		188
573		139		132840		189
574		140		133071		190
575		132		133306		187
576		128		133539		186
577		131		133770		188
578		132		134002		184
579		136		134232		188
580		136		134467		184
581		136		134694		185
582		139		134923		189
583		139		135160		186
584		137		135396		188
585		138		135625		186
586		141		135856		187
587		139		136089		188
588		136		136317		188
589		136		136547		188
590		133		136783		188
591		133		137017		188
592		138		137252		187
593		140		137481		185
594		143		137715		188
595		139		137939		188
596		135		138170		188
597		136		138406		185
598		140		138636		190
599		142		138871		188
600		141		139102		189
601		135		139331		186
602		145		139568		188
603		145		139797		187
604		145		140023		189
605		141		140263		186
606		139		140497		187
607		143		140734		189
608		139		140974		187
609		137		141211		190
610		136		141444		186
611		132		141677		191
612		130		141909		187
613		131		142134		188
614		137		142366		187
615		131		142600		190
616		133		142835		189
617		133		143061		190
618		136		143296		191
619		139		143523		189
620		140		143753		188
621		152		143988		187
622		141		144224		192
623		145		144455		191
624		139		144688		186
625		138		144920		187
626		138		145154		185
627		143		145390		185
628		143		145623		187
629		140		145859		187
630		137		146097		189
631		132		146333		189
632		132		146564		191
633		134		146789		191
634		139		147017		190
635		142		147250		193
636		143		147485		185
637		144		147719		192
638		146		147954		191
639		136		148191		188
640		138		148424		188
641		134		148653		188
642		135		148891		188
643		131		149129		188
644		131		149361		188
645		129		149591		191
646		132		149822		190
647		136		150058		189
648		137		150286		191
649		131		150520		188
650		130		150758		191
651		132		150988		189
652		131		151217		187
653		130		151452		187
654		131		151683		187
655		133		151919		188
656		137		152146		185
657		140		152381		184
658		139		152603		187
659		139		152832		187
660		139		153059		190
661		141		153292		187
662		138		153524		184
663		149		153755		189
664		147		153990		188
665		152		154221		189
666		149		154447		190
667		161		154683		192
668		152		154921		187
669		154		155153		189
670		144		155381		188
671		147		155607		187
672		155		155835		183
673		156		156069		189
674		151		156302		189
675		154		156542		186
676		159		156772		189
677		160		157003		185
678		156		157236		190
679		158		157469		189
680		147		157707		189
681		142		157939		190
682		144		158174		188
683		143		158406		189
684		144		158637		189
685		142		158867		188
686		134		159105		188
687		136		159340		190
688		133		159573		186
689		137		159806		185
690		138		160040		188
691		138		160275		192
692		144		160510		188
693		156		160745		187
694		153		160971		189
695		145		161204		187
696		143		161432		190
697		149		161662		187
698		152		161899		187
699		151		162137		187
700		152		162375		187
701		146		162607		192
702		146		162842		191
703		150		163081		189
704		154		163313		188
705		159		163549		186
706		161		163777		190
707		157		164004		185
708		153		164237		185
709		150		164474		189
710		148		164703		191
711		153		164942		189
712		151		165180		191
713		154		165409		191
714		156		165638		192
715		155		165874		188
716		153		166095		190
717		154		166325		185
718		156		166563		187
719		153		166791		191
720		151		167025		191
721		151		167257		187
722		159		167483		188
723		159		167713		186
724		145		167949		187
725		145		168181		191
726		156		168414		189
727		141		168645		188
728		147		168875		191
729		155		169102		189
730		156		169329		189
731		158		169563		185
732		162		169799		185
733		160		170028		185
734		165		170260		191
735		168		170497		189
736		174		170727		188
737		183		170963		191
738		186		171197		191
739		190		171430		191
740		201		171660		187
741		192		171889		187
742		183		172123		190
743		182		172352		189
744		183		172585		188
745		180		172821		190
746		180		173054		194
747		184		173291		193
748		180		173523		188
749		187		173754		191
750		179		173986		189
751		184		174221		192
752		192		174445		189
753		189		174672		189
754		193		174907		188
755		185		175140		187
756		183		175374		189
757		187		175600		188
758		193		175835		185
759		191		176071		188
760		182		176308		189
761		172		176537		191
762		177		176770		193
763		184		177004		184
764		185		177243		188
765		187		177485		189
766		188		177713		193
767		170		177946		192
768		168		178180		188
769		170		178418		191
770		168		178649		192
771		174		178888		186
772		179		179123		184
773		176		179357		187
774		175		179594		192
775		182		179832		184
776		173		180063		186
777		175		180300		188
778		181		180531		188
779		183		180761		183
780		177		180997		189
781		185		181228		189
782		191		181463		189
783		194		181697		187
784		196		181935		186
785		197		182170		184
786		201		182396		184
787		202		182631		188
788		208		182864		185
789		203		183098		194
790		203		183327		188
791		206		183567		190
792		203		183799		187
793		206		184033		189
794		208		184263		189
795		215		184498		191
796		209		184733		182
797		205		184965		194
798		203		185202		186
799		207		185439		184
800		204		185671		192
801		200		185905		191
802		202		186133		194
803		196		186367		189
804		202		186595		183
805		200		186829		188
806		188		187067		186
807		185		187304		190
808		186		187539		189
809		182		187778		185
810		194		188014		188
811		192		188255		181
812		186		188482		181
813		186		188717		185
814		183		188955		193
815		189		189190		187
816		190		189423		187
817		184		189650		187
818		183		189879		188
819		188		190110		188
820		188		190338		185
821		186		190571		187
822		173		190807		187
823		179		191040		192
824		181		191274		186
825		179		191507		187
826		165		191741		190
827		161		191974		188
828		165		192210		183
829		166		192438		186
830		174		192673		185
831		180		192907		191
832		178		193139		191
833		176		193371		191
834		166		193606		188
835		165		193838		183
836		165		194069		183
837		162		194295		182
838		167		194525		185
839		169		194757		189
840		162		194987		190
841		162		195215		188
842		169		195449		188
843		176		195676		184
844		176		195911		184
845		167		196137		187
846		168		196372		184
847		168		196610		183
848		174		196840		186
849		181		197067		184
850		182		197305		183
851		184		197542		185
852		179		197773		186
853		181		198004		183
854		182		198239		186
855		177		198470		188
856		174		198703		188
857		176		198939		185
858		169		199177		185
859		167		199407		192
860		166		199635		191
861		167		199865		190
862		169		200100		186
863		170		200323		190
864		166		200555		192
865		172		200789		189
866		162		201017		187
867		157		201247		190
868		169		201478		193
869		171		201705		192
870		164		201934		190
871		161		202167		188
872		161		202407		190
873		173		202642		191
874		178		202878		192
875		185		203113		190
876		179		203350		190
877		175		203580		188
878		175		203813		186
879		169		204049		187
880		171		204284		190
881		174		204519		188
882		173		204753		193
883		180		204994		188
884		182		205223		188
885		178		205455		192
886		166		205692		186
887		165		205928		186
888		161		206157		184
889		163		206388		194
890		164		206619		191
891		172		206862		187
892		184		207096		187
893		191		207337		191
894		187		207567		189
895		182		207800		190
896		190		208027		185
897		195		208260		187
898		181		208495		187
899		185		208726		192
900		186		208964		185
901		190		209196		191
902		193		209433		191
903		188		209664		192
904		194		209901		187
905		191		210136		183
906		197		210374		189
907		198		210612		188
908		190		210843		185
909		191		211078		186
910		192		211309		192
911		195		211542		192
912		198		211778		194
913		195		212005		188
914		203		212239		193
915		189		212471		193
916		190		212705		191
917		192		212945		190
918		190		213179		189
919		187		213408		189
920		186		213637		186
921		173		213871		186
922		183		214106		191
923		161		214343		191
924		152		214573		193
925		154		214801		191
926		159		215041		187
927		154		215277		187
928		159		215513		186
929		166		215743		187
930		156		215977		189
931		161		216212		189
932		165		216446		186
933		161		216685		187
934		170		216915		190
935		174		217149		187
936		173		217377		187
937		172		217613		188
938		175		217847		191
939		159		218081		188
940		165		218315		188
941		162		218544		188
942		155		218776		187
943		155		219002		188
944		148		219232		193
945		150		219465		187
946		148		219695		188
947		151		219927		185
948		152		220157		189
949		151		220385		190
950		157		220620		190
951		155		220858		186
952		159		221088		186
953		159		221319		185
954		152		221550		190
955		153		221786		192
956		160		222016		190
957		159		222252		191
958		158		222490		191
959		168		222712		187
960		166		222949		190
961		165		223177		189
962		170		223412		189
963		166		223650		189
964		176		223885		188
965		173		224121		191
966		160		224354		186
967		164		224588		188
968		154		224823		193
969		145		225058		188
970		148		225291		188
971		150		225522		192
972		155		225755		191
973		154		225989		188
974		158		226225		190
975		159		226449		186
976		155		226683		188
977		156		226906		186
978		160		227133		193
979		158		227365		188
980		158		227601		188
981		161		227836		193
982		155		228063		188
983		157		228297		192
984		152		228535		192
985		134		228767		189
986		134		228997		191
987		132		229227		189
988		130		229460		189
989		129		229692		190
990		131		229931		187
991		130		230166		188
992		132		230401		189
993		134		230633		192
994		134		230862		188
995		131		231097		191
996		138		231326		192
997		139		231560		188
998		133		231794		187
999		141		232026		187
