# Migration is number of nodes that have changed color.

Round		Edge-Cut		Swaps		Migrations		Skipped
0		4853		2312		1578
1		3975		4517		1662
2		3697		6691		1741
3		3439		8825		1753
4		3362		10948		1743
5		3270		13063		1778
6		3144		15199		1785
7		3019		17296		1800
8		2986		19393		1770
9		2913		21490		1820
10		2890		23563		1778
11		2809		25657		1776
12		2770		27723		1806
13		2707		29792		1777
14		2728		31863		1803
15		2683		33955		1801
16		2582		36039		1817
17		2506		38141		1773
18		2485		40238		1795
19		2430		42322		1786
20		2345		44407		1765
21		2357		46504		1799
22		2288		48585		1775
23		2255		50643		1782
24		2232		52710		1797
25		2222		54789		1809
26		2176		56878		1786
27		2150		58968		1794
28		2124		61064		1799
29		2129		63136		1794
30		2092		65214		1795
31		2075		67309		1788
32		2072		69391		1781
33		2099		71474		1784
34		2036		73556		1789
35		2026		75630		1800
36		2022		77671		1818
37		2006		79742		1806
38		1984		81817		1788
39		1992		83896		1801
40		1989		85984		1801
41		1976		88060		1793
42		1977		90168		1818
43		1947		92265		1799
44		1945		94364		1814
45		1940		96447		1815
46		1964		98501		1812
47		1954		100557		1799
48		1939		102626		1792
49		1915		104702		1807
50		1913		106760		1787
51		1906		108834		1797
52		1910		110893		1805
53		1917		112981		1803
54		1920		115061		1811
55		1905		117155		1799
56		1892		119248		1783
57		1917		121319		1795
58		1887		123388		1796
59		1904		125450		1795
60		1914		127549		1785
61		1881		129643		1801
62		1880		131709		1794
63		1873		133791		1798
64		1883		135883		1791
65		1879		137972		1788
66		1868		140047		1790
67		1880		142151		1783
68		1883		144243		1791
69		1872		146295		1779
70		1889		148390		1786
71		1881		150473		1792
72		1872		152549		1777
73		1843		154639		1790
74		1854		156736		1784
75		1873		158843		1777
76		1857		160933		1785
77		1856		163025		1786
78		1854		165099		1798
79		1839		167190		1789
80		1823		169287		1781
81		1824		171350		1788
82		1853		173427		1787
83		1833		175513		1780
84		1841		177582		1767
85		1836		179669		1790
86		1829		181790		1764
87		1822		183892		1775
88		1823		185983		1763
89		1842		188075		1780
90		1836		190175		1777
91		1811		192279		1783
92		1821		194380		1789
93		1812		196481		1787
94		1787		198580		1782
95		1779		200654		1800
96		1795		202750		1802
97		1813		204853		1791
98		1819		206953		1784
99		1808		209002		1795
100		1804		211117		1779
101		1812		213228		1797
102		1790		215272		1791
103		1799		217344		1797
104		1803		219465		1784
105		1801		221565		1794
106		1789		223663		1760
107		1786		225752		1768
108		1776		227830		1782
109		1773		229922		1761
110		1761		232002		1784
111		1765		234086		1782
112		1790		236178		1785
113		1771		238280		1786
114		1767		240335		1786
115		1751		242429		1785
116		1775		244491		1784
117		1769		246576		1789
118		1783		248675		1789
119		1777		250804		1780
120		1765		252902		1781
121		1765		254988		1786
122		1772		257085		1774
123		1779		259187		1783
124		1805		261260		1777
125		1796		263343		1775
126		1765		265429		1787
127		1752		267519		1765
128		1758		269609		1763
129		1773		271692		1781
130		1760		273784		1793
131		1764		275866		1788
132		1758		277977		1787
133		1757		280035		1783
134		1757		282103		1791
135		1759		284192		1788
136		1756		286269		1795
137		1754		288365		1790
138		1749		290473		1785
139		1759		292549		1787
140		1751		294645		1781
141		1749		296727		1784
142		1736		298819		1780
143		1746		300902		1777
144		1763		302987		1783
145		1742		305084		1790
146		1744		307173		1793
147		1755		309265		1797
148		1772		311374		1784
149		1765		313435		1793
150		1775		315533		1782
151		1756		317659		1767
152		1759		319752		1776
153		1733		321840		1767
154		1721		323926		1790
155		1736		326007		1789
156		1734		328087		1783
157		1750		330177		1799
158		1738		332238		1789
159		1733		334334		1790
160		1734		336436		1790
161		1739		338535		1794
162		1729		340631		1798
163		1744		342727		1783
164		1740		344810		1782
165		1741		346906		1773
166		1738		348986		1789
167		1746		351095		1777
168		1747		353191		1781
169		1749		355289		1780
170		1735		357369		1779
171		1740		359473		1761
172		1752		361567		1785
173		1735		363682		1780
174		1748		365773		1795
175		1716		367884		1801
176		1721		369964		1781
177		1708		372019		1785
178		1700		374129		1788
179		1694		376226		1785
180		1691		378325		1778
181		1702		380423		1774
182		1705		382535		1775
183		1707		384618		1790
184		1711		386701		1784
185		1729		388807		1784
186		1709		390904		1778
187		1716		392969		1781
188		1709		395070		1788
189		1733		397155		1777
190		1726		399232		1777
191		1711		401318		1760
192		1710		403422		1785
193		1726		405498		1781
194		1715		407577		1782
195		1712		409651		1776
196		1734		411710		1763
197		1737		413790		1782
198		1724		415901		1782
199		1718		417997		1784
200		1725		420099		1782
201		1723		422175		1795
202		1727		424255		1778
203		1728		426339		1774
204		1734		428437		1787
205		1726		430543		1782
206		1739		432640		1772
207		1744		434733		1791
208		1745		436831		1782
209		1737		438926		1804
210		1746		441047		1790
211		1739		443126		1781
212		1733		445201		1765
213		1748		447298		1786
214		1736		449409		1780
215		1739		451480		1788
216		1747		453555		1792
217		1732		455654		1787
218		1725		457733		1796
219		1731		459830		1785
220		1729		461890		1782
221		1729		463977		1774
222		1714		466075		1786
223		1716		468167		1779
224		1705		470263		1777
225		1715		472355		1783
226		1715		474466		1787
227		1720		476572		1783
228		1716		478678		1792
229		1736		480756		1786
230		1731		482865		1794
231		1721		484961		1781
232		1729		487053		1788
233		1748		489153		1786
234		1742		491257		1789
235		1732		493360		1783
236		1723		495472		1790
237		1719		497555		1796
238		1734		499696		1791
239		1722		501801		1810
240		1727		503910		1809
241		1716		506016		1805
242		1724		508118		1795
243		1715		510220		1792
244		1725		512292		1794
245		1717		514383		1787
246		1721		516490		1792
247		1699		518575		1796
248		1696		520692		1809
249		1694		522794		1787
250		1714		524905		1786
251		1698		527015		1767
252		1702		529146		1776
253		1717		531239		1779
254		1697		533322		1772
255		1697		535441		1787
256		1691		537539		1777
257		1698		539642		1791
258		1694		541730		1786
259		1680		543837		1774
260		1688		545947		1785
261		1686		548062		1783
262		1671		550177		1793
263		1676		552290		1796
264		1682		554347		1799
265		1679		556449		1773
266		1661		558573		1787
267		1676		560694		1804
268		1696		562806		1797
269		1700		564910		1779
270		1692		567006		1783
271		1685		569112		1796
272		1693		571219		1785
273		1688		573334		1773
274		1710		575460		1801
275		1689		577565		1787
276		1685		579653		1785
277		1694		581771		1796
278		1690		583888		1783
279		1701		585976		1771
280		1690		588099		1794
281		1690		590215		1789
282		1705		592315		1788
283		1694		594436		1791
284		1705		596530		1784
285		1698		598618		1784
286		1697		600733		1786
287		1695		602845		1794
288		1703		604950		1786
289		1697		607075		1799
290		1693		609153		1789
291		1680		611259		1800
292		1668		613360		1802
293		1692		615451		1803
294		1700		617556		1789
295		1691		619667		1781
296		1693		621743		1790
297		1695		623852		1778
298		1692		625973		1790
299		1676		628092		1791
300		1673		630199		1783
301		1675		632289		1786
302		1672		634378		1781
303		1684		636462		1797
304		1680		638587		1770
305		1687		640684		1786
306		1676		642785		1788
307		1680		644904		1801
308		1679		647017		1791
309		1682		649107		1784
310		1666		651196		1790
311		1672		653281		1799
312		1660		655387		1800
313		1652		657486		1778
314		1676		659572		1788
315		1662		661671		1786
316		1680		663794		1786
317		1673		665902		1764
318		1677		668006		1784
319		1685		670114		1782
320		1679		672224		1771
321		1672		674325		1770
322		1682		676403		1780
323		1689		678492		1778
324		1679		680618		1774
325		1676		682733		1795
326		1686		684825		1789
327		1697		686931		1779
328		1698		689039		1783
329		1691		691120		1806
330		1687		693220		1778
331		1696		695307		1778
332		1674		697398		1795
333		1676		699507		1781
334		1680		701591		1776
335		1668		703684		1775
336		1661		705777		1784
337		1661		707885		1789
338		1689		709972		1788
339		1669		712096		1786
340		1677		714211		1792
341		1681		716319		1801
342		1673		718421		1791
343		1686		720525		1812
344		1689		722632		1784
345		1691		724720		1793
346		1679		726847		1795
347		1683		728950		1782
348		1675		731052		1775
349		1675		733151		1792
350		1651		735251		1782
351		1659		737351		1791
352		1645		739452		1789
353		1665		741571		1796
354		1661		743684		1778
355		1668		745758		1774
356		1663		747843		1785
357		1665		749959		1785
358		1663		752075		1778
359		1651		754188		1787
360		1653		756304		1781
361		1661		758424		1788
362		1657		760535		1783
363		1663		762627		1785
364		1657		764757		1775
365		1656		766837		1781
366		1658		768918		1785
367		1651		771001		1791
368		1665		773083		1786
369		1656		775171		1788
370		1661		777254		1796
371		1662		779306		1795
372		1665		781414		1805
373		1666		783491		1796
374		1659		785614		1791
375		1676		787694		1773
376		1651		789801		1795
377		1663		791891		1795
378		1674		794000		1789
379		1674		796079		1791
380		1676		798176		1794
381		1671		800271		1803
382		1667		802394		1810
383		1663		804484		1805
384		1661		806598		1792
385		1670		808696		1798
386		1664		810787		1791
387		1681		812876		1792
388		1666		814987		1787
389		1674		817079		1804
390		1662		819171		1796
391		1666		821276		1804
392		1658		823386		1794
393		1659		825501		1793
394		1649		827563		1795
395		1659		829652		1796
396		1663		831725		1807
397		1662		833821		1801
398		1671		835913		1785
399		1683		838020		1791
400		1672		840106		1789
401		1674		842188		1808
402		1671		844286		1795
403		1672		846379		1779
404		1662		848481		1805
405		1661		850582		1795
406		1672		852680		1799
407		1666		854755		1806
408		1652		856855		1793
409		1657		858964		1796
410		1656		861048		1804
411		1653		863125		1801
412		1660		865207		1800
413		1669		867317		1790
414		1660		869402		1801
415		1667		871494		1791
416		1652		873589		1804
417		1664		875704		1793
418		1671		877800		1808
419		1664		879889		1812
420		1666		881999		1814
421		1654		884081		1820
422		1671		886168		1807
423		1653		888258		1820
424		1654		890361		1804
425		1656		892463		1824
426		1647		894571		1797
427		1653		896663		1794
428		1657		898765		1804
429		1654		900862		1796
430		1661		902939		1803
431		1661		905033		1818
432		1651		907140		1813
433		1657		909226		1808
434		1653		911291		1798
435		1657		913389		1813
436		1656		915497		1799
437		1662		917591		1809
438		1668		919663		1805
439		1673		921769		1816
440		1667		923848		1798
441		1666		925972		1814
442		1667		928085		1805
443		1668		930171		1803
444		1655		932262		1809
445		1651		934384		1817
446		1651		936510		1795
447		1646		938596		1814
448		1661		940676		1802
449		1664		942774		1805
450		1650		944868		1809
451		1637		946984		1799
452		1628		949094		1795
453		1639		951212		1804
454		1631		953315		1782
455		1640		955381		1788
456		1639		957464		1787
457		1661		959545		1802
458		1656		961634		1801
459		1663		963731		1798
460		1653		965839		1808
461		1661		967943		1799
462		1657		970046		1802
463		1650		972135		1813
464		1662		974221		1813
465		1663		976306		1811
466		1662		978414		1798
467		1682		980535		1813
468		1686		982619		1804
469		1680		984718		1802
470		1684		986803		1793
471		1678		988899		1811
472		1678		990987		1812
473		1690		993092		1810
474		1677		995197		1816
475		1669		997319		1800
476		1672		999427		1805
477		1678		1001523		1793
478		1668		1003605		1805
479		1673		1005707		1804
480		1656		1007787		1784
481		1664		1009891		1783
482		1658		1011983		1792
483		1667		1014080		1784
484		1683		1016162		1786
485		1685		1018258		1785
486		1694		1020346		1788
487		1679		1022444		1782
488		1674		1024516		1784
489		1660		1026610		1781
490		1670		1028703		1794
491		1676		1030797		1775
492		1668		1032900		1791
493		1682		1035020		1796
494		1677		1037119		1788
495		1678		1039196		1785
496		1674		1041295		1793
497		1675		1043386		1783
498		1673		1045496		1790
499		1669		1047574		1792
500		1670		1049652		1783
501		1666		1051757		1780
502		1676		1053837		1788
503		1664		1055919		1774
504		1665		1058027		1770
505		1660		1060109		1783
506		1671		1062209		1785
507		1664		1064294		1785
508		1670		1066382		1781
509		1681		1068486		1798
510		1674		1070560		1793
511		1680		1072631		1786
512		1664		1074717		1797
513		1690		1076795		1791
514		1667		1078884		1797
515		1676		1080986		1788
516		1650		1083068		1789
517		1658		1085181		1787
518		1663		1087262		1788
519		1661		1089340		1788
520		1660		1091442		1800
521		1661		1093521		1802
522		1657		1095609		1801
523		1663		1097717		1804
524		1655		1099832		1794
525		1658		1101938		1796
526		1669		1104025		1804
527		1673		1106114		1811
528		1667		1108211		1806
529		1673		1110312		1808
530		1662		1112401		1826
531		1667		1114503		1810
532		1657		1116591		1808
533		1672		1118706		1799
534		1671		1120804		1813
535		1655		1122911		1805
536		1653		1125013		1796
537		1662		1127115		1798
538		1671		1129206		1802
539		1671		1131292		1806
540		1671		1133401		1807
541		1668		1135512		1798
542		1677		1137609		1796
543		1655		1139731		1806
544		1658		1141835		1828
545		1660		1143958		1805
546		1643		1146056		1797
547		1633		1148135		1817
548		1655		1150244		1808
549		1640		1152349		1808
550		1629		1154436		1818
551		1630		1156528		1813
552		1633		1158622		1806
553		1633		1160708		1811
554		1621		1162796		1784
555		1630		1164894		1812
556		1637		1167030		1799
557		1644		1169133		1792
558		1639		1171238		1812
559		1643		1173375		1803
560		1650		1175486		1799
561		1646		1177585		1800
562		1654		1179703		1819
563		1654		1181806		1805
564		1663		1183913		1806
565		1640		1186016		1805
566		1657		1188103		1793
567		1652		1190213		1816
568		1657		1192311		1795
569		1654		1194411		1803
570		1641		1196494		1800
571		1652		1198601		1798
572		1660		1200704		1800
573		1658		1202821		1803
574		1657		1204923		1795
575		1661		1207049		1789
576		1665		1209189		1794
577		1665		1211284		1799
578		1665		1213401		1780
579		1649		1215516		1790
580		1650		1217619		1794
581		1656		1219708		1804
582		1660		1221818		1805
583		1650		1223910		1790
584		1654		1225987		1799
585		1665		1228079		1812
586		1685		1230164		1795
587		1659		1232273		1793
588		1667		1234369		1799
589		1685		1236487		1804
590		1663		1238592		1795
591		1665		1240667		1800
592		1664		1242768		1798
593		1665		1244845		1810
594		1672		1246935		1811
595		1668		1249028		1813
596		1680		1251129		1810
597		1673		1253227		1808
598		1687		1255333		1827
599		1686		1257443		1817
600		1679		1259573		1812
601		1682		1261680		1802
602		1681		1263797		1809
603		1686		1265881		1808
604		1678		1267979		1812
605		1669		1270114		1805
606		1670		1272210		1817
607		1661		1274311		1818
608		1667		1276419		1813
609		1672		1278509		1816
610		1670		1280639		1818
611		1673		1282750		1815
612		1674		1284857		1814
613		1677		1286962		1809
614		1678		1289082		1815
615		1673		1291177		1798
616		1660		1293292		1785
617		1660		1295391		1813
618		1672		1297531		1808
619		1675		1299636		1790
620		1690		1301739		1803
621		1678		1303858		1802
622		1663		1305968		1820
623		1663		1308091		1802
624		1674		1310207		1804
625		1668		1312328		1807
626		1658		1314421		1810
627		1652		1316512		1819
628		1646		1318638		1814
629		1663		1320768		1812
630		1658		1322882		1809
631		1666		1325015		1801
632		1660		1327089		1780
633		1662		1329187		1796
634		1670		1331280		1798
635		1652		1333381		1800
636		1662		1335483		1801
637		1665		1337605		1804
638		1664		1339705		1810
639		1672		1341816		1805
640		1655		1343924		1800
641		1670		1346044		1795
642		1673		1348136		1796
643		1690		1350224		1792
644		1677		1352322		1787
645		1678		1354428		1799
646		1690		1356562		1782
647		1684		1358654		1790
648		1699		1360780		1777
649		1687		1362895		1803
650		1693		1365007		1799
651		1699		1367106		1802
652		1701		1369234		1789
653		1695		1371338		1783
654		1674		1373460		1782
655		1691		1375551		1786
656		1692		1377666		1798
657		1702		1379763		1803
658		1684		1381858		1794
659		1689		1383986		1808
660		1688		1386092		1802
661		1686		1388225		1783
662		1682		1390350		1783
663		1673		1392466		1793
664		1670		1394576		1793
665		1675		1396669		1800
666		1667		1398784		1804
667		1686		1400895		1785
668		1684		1402983		1790
669		1663		1405102		1791
670		1671		1407198		1788
671		1671		1409312		1793
672		1664		1411424		1796
673		1670		1413542		1786
674		1681		1415665		1788
675		1678		1417775		1784
676		1660		1419877		1787
677		1668		1421966		1792
678		1669		1424076		1789
679		1658		1426191		1788
680		1657		1428307		1792
681		1661		1430415		1786
682		1678		1432531		1785
683		1665		1434663		1802
684		1666		1436806		1794
685		1663		1438915		1789
686		1653		1441021		1779
687		1651		1443173		1798
688		1651		1445280		1807
689		1661		1447388		1798
690		1665		1449518		1793
691		1660		1451626		1804
692		1671		1453735		1806
693		1676		1455850		1798
694		1675		1457953		1813
695		1679		1460064		1781
696		1679		1462151		1804
697		1697		1464261		1786
698		1686		1466391		1789
699		1683		1468518		1786
700		1698		1470638		1793
701		1667		1472763		1806
702		1683		1474873		1798
703		1683		1476993		1791
704		1676		1479092		1781
705		1691		1481206		1791
706		1697		1483348		1790
707		1702		1485452		1786
708		1707		1487548		1792
709		1701		1489658		1781
710		1680		1491788		1777
711		1664		1493911		1788
712		1662		1495981		1784
713		1658		1498093		1777
714		1659		1500197		1788
715		1658		1502285		1784
716		1655		1504387		1778
717		1650		1506506		1807
718		1641		1508617		1800
719		1651		1510697		1806
720		1652		1512809		1809
721		1651		1514913		1806
722		1660		1517042		1813
723		1671		1519153		1816
724		1659		1521300		1805
725		1655		1523420		1804
726		1670		1525541		1802
727		1650		1527633		1802
728		1651		1529749		1790
729		1652		1531837		1807
730		1652		1533955		1796
731		1659		1536066		1786
732		1677		1538201		1784
733		1660		1540335		1782
734		1671		1542441		1791
735		1668		1544549		1795
736		1686		1546660		1799
737		1668		1548753		1780
738		1684		1550863		1797
739		1668		1552948		1793
740		1667		1555047		1794
741		1685		1557159		1792
742		1687		1559270		1794
743		1679		1561378		1796
744		1681		1563486		1781
745		1681		1565619		1779
746		1673		1567702		1781
747		1669		1569820		1779
748		1673		1571930		1788
749		1673		1574035		1790
750		1669		1576170		1791
751		1667		1578262		1786
752		1668		1580390		1777
753		1667		1582496		1790
754		1673		1584598		1784
755		1672		1586713		1778
756		1669		1588843		1781
757		1673		1590964		1779
758		1683		1593074		1787
759		1682		1595207		1756
760		1688		1597297		1781
761		1700		1599400		1773
762		1683		1601519		1777
763		1699		1603637		1792
764		1689		1605744		1773
765		1672		1607878		1777
766		1687		1609995		1778
767		1680		1612099		1789
768		1687		1614228		1778
769		1693		1616326		1789
770		1694		1618442		1767
771		1706		1620548		1780
772		1696		1622656		1772
773		1699		1624748		1775
774		1706		1626862		1787
775		1695		1628976		1792
776		1698		1631093		1777
777		1710		1633199		1776
778		1714		1635285		1778
779		1703		1637378		1771
780		1719		1639477		1784
781		1705		1641585		1788
782		1694		1643693		1777
783		1695		1645825		1787
784		1705		1647906		1793
785		1686		1650028		1801
786		1687		1652149		1793
787		1683		1654235		1769
788		1683		1656345		1767
789		1690		1658452		1771
790		1677		1660534		1770
791		1688		1662658		1777
792		1686		1664771		1789
793		1670		1666861		1786
794		1678		1668994		1791
795		1674		1671113		1789
796		1685		1673221		1790
797		1676		1675330		1807
798		1686		1677437		1784
799		1667		1679544		1783
800		1679		1681654		1794
801		1668		1683748		1783
802		1661		1685842		1780
803		1682		1687961		1782
804		1678		1690054		1781
805		1672		1692137		1763
806		1689		1694264		1787
807		1700		1696375		1785
808		1692		1698496		1783
809		1698		1700603		1784
810		1699		1702687		1790
811		1705		1704800		1780
812		1688		1706922		1785
813		1705		1709020		1765
814		1692		1711143		1794
815		1683		1713248		1798
816		1688		1715341		1784
817		1694		1717426		1802
818		1710		1719546		1791
819		1705		1721666		1792
820		1700		1723783		1800
821		1694		1725872		1799
822		1696		1727984		1781
823		1694		1730089		1781
824		1701		1732193		1803
825		1699		1734332		1797
826		1703		1736461		1795
827		1704		1738569		1795
828		1705		1740693		1795
829		1697		1742805		1782
830		1692		1744880		1793
831		1693		1746989		1796
832		1691		1749083		1791
833		1683		1751157		1789
834		1701		1753280		1780
835		1692		1755400		1809
836		1704		1757511		1807
837		1714		1759635		1800
838		1701		1761746		1797
839		1700		1763825		1790
840		1715		1765942		1803
841		1708		1768069		1786
842		1710		1770192		1803
843		1723		1772301		1795
844		1722		1774395		1796
845		1726		1776500		1792
846		1705		1778622		1798
847		1697		1780728		1795
848		1698		1782833		1807
849		1699		1784930		1784
850		1702		1787039		1786
851		1700		1789164		1784
852		1696		1791270		1795
853		1700		1793372		1792
854		1693		1795484		1779
855		1703		1797567		1799
856		1710		1799693		1798
857		1703		1801812		1787
858		1710		1803895		1809
859		1698		1805999		1806
860		1706		1808097		1800
861		1712		1810189		1804
862		1724		1812296		1802
863		1698		1814402		1797
864		1701		1816535		1811
865		1703		1818646		1813
866		1698		1820763		1802
867		1708		1822877		1818
868		1701		1825011		1797
869		1710		1827120		1798
870		1703		1829234		1812
871		1704		1831344		1798
872		1716		1833455		1788
873		1716		1835567		1806
874		1708		1837677		1811
875		1707		1839797		1778
876		1702		1841922		1806
877		1697		1844024		1818
878		1697		1846135		1798
879		1682		1848261		1811
880		1682		1850370		1808
881		1660		1852493		1806
882		1673		1854575		1803
883		1664		1856698		1797
884		1659		1858815		1800
885		1653		1860948		1798
886		1670		1863052		1786
887		1678		1865144		1796
888		1680		1867245		1808
889		1685		1869334		1808
890		1675		1871446		1798
891		1669		1873545		1794
892		1658		1875658		1793
893		1654		1877759		1809
894		1663		1879864		1790
895		1649		1881982		1796
896		1657		1884100		1797
897		1646		1886181		1806
898		1643		1888267		1790
899		1657		1890382		1779
900		1648		1892495		1808
901		1661		1894611		1799
902		1649		1896705		1795
903		1648		1898805		1797
904		1657		1900924		1807
905		1659		1903017		1809
906		1656		1905136		1817
907		1673		1907232		1799
908		1661		1909334		1801
909		1675		1911431		1808
910		1673		1913556		1800
911		1676		1915663		1792
912		1668		1917761		1805
913		1653		1919870		1799
914		1673		1921974		1794
915		1669		1924094		1793
916		1680		1926196		1793
917		1685		1928305		1776
918		1679		1930442		1779
919		1672		1932550		1782
920		1661		1934656		1783
921		1649		1936782		1787
922		1675		1938876		1776
923		1655		1940999		1790
924		1661		1943094		1785
925		1655		1945183		1787
926		1664		1947301		1788
927		1662		1949413		1786
928		1663		1951544		1791
929		1644		1953642		1783
930		1659		1955742		1793
931		1659		1957831		1797
932		1659		1959936		1799
933		1665		1962052		1784
934		1672		1964175		1790
935		1665		1966303		1797
936		1673		1968437		1796
937		1663		1970542		1789
938		1672		1972650		1793
939		1665		1974764		1793
940		1648		1976863		1798
941		1654		1978955		1805
942		1653		1981076		1796
943		1666		1983196		1800
944		1665		1985302		1805
945		1656		1987416		1807
946		1666		1989519		1799
947		1656		1991638		1801
948		1672		1993745		1806
949		1670		1995842		1796
950		1678		1997954		1793
951		1677		2000050		1798
952		1677		2002163		1815
953		1679		2004244		1798
954		1677		2006366		1791
955		1683		2008480		1801
956		1679		2010613		1782
957		1699		2012727		1796
958		1703		2014835		1811
959		1711		2016928		1817
960		1700		2019059		1801
961		1681		2021179		1804
962		1672		2023242		1812
963		1680		2025394		1799
964		1680		2027505		1793
965		1676		2029618		1782
966		1675		2031744		1780
967		1680		2033842		1793
968		1668		2035933		1788
969		1663		2038042		1794
970		1661		2040132		1775
971		1666		2042236		1789
972		1667		2044349		1783
973		1653		2046472		1782
974		1656		2048575		1790
975		1646		2050682		1783
976		1635		2052778		1795
977		1634		2054893		1791
978		1636		2057008		1782
979		1633		2059115		1779
980		1633		2061249		1780
981		1628		2063370		1773
982		1638		2065465		1783
983		1640		2067574		1787
984		1634		2069671		1790
985		1628		2071785		1789
986		1627		2073895		1793
987		1608		2076013		1786
988		1602		2078101		1778
989		1604		2080229		1790
990		1610		2082351		1792
991		1615		2084476		1782
992		1609		2086592		1797
993		1618		2088715		1796
994		1614		2090814		1786
995		1619		2092900		1785
996		1628		2095011		1788
997		1617		2097123		1800
998		1628		2099206		1797
999		1623		2101290		1811
